No.	时间（s）	Dev1/ai0-1-测振（mm/s）	VH01-V1-Dev1/ai0一次积分（μm）
1	0	0.0253629619049052	0
2	0.001	0.197257340258899	0.111310151081902
3	0.002	0.291017910368732	0.355447776395718
4	0.003	0.431658765664466	0.716786114412317
5	0.004	0.556672859393101	1.2109519269411
6	0.005	0.650433429771663	1.81450507152348
7	0.006	0.82232780898247	2.55088569090055
8	0.007	0.931715141331591	3.42790716605758
9	0.008	1.00984895021168	4.39868921182921
10	0.009	1.11923628272704	5.46323182829857
11	0.01	1.16611656812056	6.60590825372237
12	0.011	1.25987713896138	7.81890510726334
13	0.012	1.32238418622849	9.11003576985828
14	0.013	1.3848912335276	10.4636734797363
15	0.014	1.43177151902295	11.8720048560116
16	0.015	1.47865180453637	13.3272165177913
17	0.016	1.55678561376557	14.8449352269422
18	0.017	1.5411588519157	16.3939074597829
19	0.018	1.57241237561744	17.9506930735494
20	0.019	1.60366589932724	19.5387322110218
21	0.02	1.58803913747133	21.1345847294211
22	0.021	1.6349194230451	22.7460640096793
23	0.022	1.60366589932724	24.3653566708654
24	0.023	1.58803913747133	25.9612091892647
25	0.024	1.55678561376557	27.5336215648832
26	0.025	1.55678561376557	29.0904071786487
27	0.026	1.50990532822201	30.6237526496425
28	0.027	1.43177151902295	32.094591073265
29	0.028	1.40051799535738	33.5107358304552
30	0.029	1.33801094805027	34.880000302159
31	0.03	1.25987713896138	36.1789443456648
32	0.031	1.13486304452289	37.376314437407
33	0.032	1.0879827591413	38.4877373392391
34	0.033	1.00984895021168	39.5366531939155
35	0.034	0.947341903103651	40.5152486205732
36	0.035	0.884834856027268	41.4313370001387
37	0.036	0.759820761969199	42.2536648091369
38	0.037	0.791074285471898	43.0291123328575
39	0.038	0.634806668037007	43.7420528096119
40	0.039	0.634806668037007	44.3768594776489
41	0.04	0.572299621117969	44.9804126222264
42	0.041	0.587926382844792	45.5605256242078
43	0.042	0.509792574230226	46.1093851027453
44	0.043	0.431658765664466	46.5801107726926
45	0.044	0.384778480548391	46.9883293957991
46	0.045	0.353524957147401	47.357481114647
47	0.046	0.259764386991039	47.6641257867162
48	0.047	0.228510863621097	47.9082634120223
49	0.048	0.119123531887235	48.0820806097764
50	0.049	0.0409897235638111	48.162137237502
51	0.05	-0.11527789293877	48.1249931528145
52	0.051	-0.209038462748292	47.9628349749709
53	0.052	-0.318425794105819	47.6991028465439
54	0.053	-0.42781312537004	47.325983386806
55	0.054	-0.537200456541267	46.8434765958503
56	0.055	-0.677841310768128	46.2359557121956
57	0.056	-0.787228641727965	45.5034207359476
58	0.057	-0.880989211048897	44.6693118095591
59	0.058	-0.959123018764864	43.7492556946522
60	0.059	-1.09976387253606	42.7198122490018
61	0.06	-1.16227091860823	41.5887948534296
62	0.061	-1.22477796465071	40.3952704118002
63	0.062	-1.30291177216215	39.1314255433937
64	0.063	-1.41229910260063	37.7738201060123
65	0.064	-1.41229910260063	36.3615210034117
66	0.065	-1.49043291000145	34.9101549971107
67	0.066	-1.5060596714761	33.4119087063719
68	0.067	-1.5998202402855	31.8589687504911
69	0.068	-1.63107376320731	30.2435217487447
70	0.069	-1.56856671735636	28.6437015084629
71	0.07	-1.63107376320731	27.043881268181
72	0.071	-1.66232728612182	25.3971807435165
73	0.072	-1.67795404757633	23.7270400766674
74	0.073	-1.66232728612182	22.0568994098183
75	0.074	-1.67795404757633	20.3867587429692
76	0.075	-1.63107376320731	18.7322448375774
77	0.076	-1.58419347882184	17.1246112165628
78	0.077	-1.52168643294891	15.5716712606775
79	0.078	-1.44355262556647	14.0890517314198
80	0.079	-1.44355262556647	12.6454991058533
81	0.08	-1.34979205664685	11.2488267647466
82	0.081	-1.25603148766083	9.9459149925928
83	0.082	-1.16227091860823	8.73676378945827
84	0.083	-1.11539063405689	7.59793301312572
85	0.084	-1.02163006490403	6.52942266364526
86	0.085	-0.974749780302454	5.53123274104202
87	0.086	-0.865362449500092	4.61117662614074
88	0.087	-0.849735687949415	3.75362755741599
89	0.088	-0.771601880167912	2.94295877335733
90	0.089	-0.709094833908913	2.20261041631891
91	0.09	-0.615334264463951	1.54039586713248
92	0.091	-0.552827218129583	0.956315125835716
93	0.092	-0.568453979716009	0.39567452691292
94	0.093	-0.474693410169078	-0.125899168029623
95	0.094	-0.412186363766566	-0.569339054997446
96	0.095	-0.380932840553922	-0.96589865715769
97	0.096	-0.334052555720699	-1.323391355295
98	0.097	-0.271545509249751	-1.62619038778023
99	0.098	-0.162158177852141	-1.84304223133117
100	0.099	-0.00589056140713512	-1.92706660096081
101	0.1	0.0878700085520829	-1.88607687738834
102	0.101	0.197257340258899	-1.74351320298284
103	0.102	0.353524957147401	-1.46812205427969
104	0.103	0.431658765664466	-1.07553019287376
105	0.104	0.541046097670189	-0.589177761206433
106	0.105	0.666060191508279	0.0143753833828016
107	0.106	0.806701047226199	0.750756002750041
108	0.107	0.9004616177934	1.60433733525984
109	0.108	1.02547571199364	2.56730600015336
110	0.109	1.0723559973514	3.61622185482588
111	0.11	1.16611656812056	4.73545813756186
112	0.111	1.2286236153398	5.93282822929204
113	0.112	1.33801094805027	7.21614551098707
114	0.113	1.35363770987404	8.56196983994923
115	0.114	1.40051799535738	9.93904769256494
116	0.115	1.41614475718916	11.3473790688382
117	0.116	1.46302504269655	12.7869639687811
118	0.117	1.52553209006785	14.2812425351633
119	0.118	1.57241237561744	15.8302147680059
120	0.119	1.57241237561744	17.4026271436234
121	0.12	1.55678561376557	18.9672261383149
122	0.121	1.6349194230451	20.5630786567202
123	0.122	1.60366589932724	22.1823713179064
124	0.123	1.57241237561744	23.7704104553787
125	0.124	1.61929266118516	25.36626297378
126	0.125	1.57241237561744	26.9621154921813
127	0.126	1.55678561376557	28.5267144868728
128	0.127	1.46302504269655	30.0366198151039
129	0.128	1.41614475718916	31.4762047150467
130	0.129	1.33801094805027	32.8532825676665
131	0.13	1.27550390077516	34.1600399920792
132	0.131	1.1973700917262	35.3964769883298
133	0.132	1.13486304452289	36.5625935564544
134	0.133	1.0567292355635	37.6583896964976
135	0.134	1.00984895021168	38.6916787893852
136	0.135	0.869208094263109	39.6312073116226
137	0.136	0.806701047226199	40.4691618823672
138	0.137	0.791074285471898	41.2680495487163
139	0.138	0.681686953246857	42.0044301680756
140	0.139	0.666060191508279	42.6783037404532
141	0.14	0.603553144573572	43.3131104084941
142	0.141	0.556672859393101	43.8932234104775
143	0.142	0.541046097670189	44.4420828890091
144	0.143	0.447285527373719	44.9362487015311
145	0.144	0.431658765664466	45.3757208480502
146	0.145	0.306644672060488	45.7448725669126
147	0.146	0.291017910368732	46.0437038581272
148	0.147	0.197257340258899	46.2878414834411
149	0.148	0.0878700085520829	46.4304051578466
150	0.149	0.0409897235638111	46.4948350239045
151	0.15	-0.0840243696536106	46.4733177008596
152	0.151	-0.146531416216265	46.3580398079247
153	0.152	-0.287172270870346	46.1411879643813
154	0.153	-0.474693410169078	45.7602551238616
155	0.154	-0.521573694951059	45.2621215713016
156	0.155	-0.662214549194911	44.6702274492286
157	0.156	-0.771601880167912	43.9533192345472
158	0.157	-0.865362449500092	43.1348370697132
159	0.158	-1.00600330337203	42.1991541932771
160	0.159	-1.08413711101338	41.1540839860844
161	0.16	-1.13101739557586	40.0465067327898
162	0.161	-1.2404047261567	38.8607956719235
163	0.162	-1.3341652951538	37.5735106612683
164	0.163	-1.36541881813806	36.2237186046223
165	0.164	-1.41229910260063	34.834859644253
166	0.165	-1.45917938704663	33.3991203994294
167	0.166	-1.52168643294891	31.9086874894316
168	0.167	-1.58419347882184	30.3557475335462
169	0.168	-1.61544700174732	28.7559272932616
170	0.169	-1.5998202402855	27.1482936722452
171	0.17	-1.72483433192893	25.485966386138
172	0.171	-1.66232728612182	23.7923855771126
173	0.172	-1.64670052466548	22.137871671719
174	0.173	-1.69358080902902	20.4677310048717
175	0.174	-1.63107376320731	18.8054037187536
176	0.175	-1.66232728612182	17.158703194089
177	0.176	-1.58419347882184	15.5354428116172
178	0.177	-1.52168643294891	13.9825028557318
179	0.178	-1.45917938704663	12.492069945734
180	0.179	-1.44355262556647	11.0407039394275
181	0.18	-1.36541881813806	9.63621821757521
182	0.181	-1.27165824916312	8.31767968392462
183	0.182	-1.20915120314287	7.07727495777163
184	0.183	-1.11539063405689	5.91500403917175
185	0.184	-1.03725682643416	4.83868030892623
186	0.185	-0.959123018764864	3.84049038632671
187	0.186	-0.880989211048897	2.92043427141983
188	0.187	-0.81848216484244	2.07069858347417
189	0.188	-0.787228641727965	1.26784318018896
190	0.189	-0.709094833908913	0.519681442370524
191	0.19	-0.693468072339462	-0.181600010753664
192	0.191	-0.615334264463951	-0.836001179155371
193	0.192	-0.552827218129583	-1.42008192045214
194	0.193	-0.490320171764965	-1.94165561539941
195	0.194	-0.42781312537004	-2.40072226396691
196	0.195	-0.365306078944749	-2.79728186612431
197	0.196	-0.302799032489035	-3.1313344218412
198	0.197	-0.209038462748292	-3.38725316945987
199	0.198	-0.11527789293877	-3.5494113473034
200	0.199	0.00973620024792339	-3.60218219364882
201	0.2	0.103496770218695	-3.54556570841551
202	0.201	0.197257340258899	-3.39518865317671
203	0.202	0.353524957147401	-3.11979750447356
204	0.203	0.447285527373719	-2.719392262213
205	0.204	0.572299621117969	-2.20959968796716
206	0.205	0.697313714987397	-1.57479301991448
207	0.206	0.791074285471898	-0.83059901968483
208	0.207	0.9004616177934	0.0151689319478192
209	0.208	0.978595426653705	0.954697454171372
210	0.209	1.10360952093317	1.99579992796481
211	0.21	1.16611656812056	3.13066297249168
212	0.211	1.24425037714959	4.33584644512676
213	0.212	1.33801094805027	5.62697710772669
214	0.213	1.33801094805027	6.96498805577695
215	0.214	1.43177151902295	8.34987928931356
216	0.215	1.49427856637819	9.81290433201413
217	0.216	1.49427856637819	11.3071828983923
218	0.217	1.55678561376557	12.8327149884642
219	0.218	1.55678561376557	14.3895006022298
220	0.219	1.58803913747133	15.9619129778482
221	0.22	1.60366589932724	17.5577654962475
222	0.221	1.61929266118516	19.1692447765037
223	0.222	1.60366589932724	20.7807240567599
224	0.223	1.61929266118516	22.3922033370161
225	0.224	1.57241237561744	23.9880558554174
226	0.225	1.55678561376557	25.5526548501089
227	0.226	1.50990532822201	27.0860003211027
228	0.227	1.44739828085875	28.5646521256431
229	0.228	1.3848912335276	29.9807968828363
230	0.229	1.35363770987404	31.3500613545371
231	0.23	1.24425037714959	32.6490053980489
232	0.231	1.24425037714959	33.8932557751985
233	0.232	1.15048980632073	35.0906258669336
234	0.233	1.0723559973514	36.2020487687697
235	0.234	0.947341903103651	37.2118977189972
236	0.235	0.869208094263109	38.1201727176806
237	0.236	0.82232780898247	38.9659406693034
238	0.237	0.759820761969199	39.7570149547793
239	0.238	0.666060191508279	40.469955431518
240	0.239	0.666060191508279	41.1360156230263
241	0.24	0.556672859393101	41.747382148477
242	0.241	0.509792574230226	42.2806148652886
243	0.242	0.494165812513173	42.7825940586603
244	0.243	0.431658765664466	43.2455063477491
245	0.244	0.431658765664466	43.6771651134136
246	0.245	0.306644672060488	44.0463168322761
247	0.246	0.322271433754184	44.3607748851834
248	0.247	0.228510863621097	44.636166033871
249	0.248	0.0878700085520829	44.7943564699576
250	0.249	0.072243246887399	44.8744130976774
251	0.25	-0.11527789293877	44.8528957746517
252	0.251	-0.177784939486103	44.7063643584393
253	0.252	-0.302799032489035	44.4660723724517
254	0.253	-0.42781312537004	44.1007662935221
255	0.254	-0.537200456541267	43.6182595025665
256	0.255	-0.662214549194911	43.0185519996984
257	0.256	-0.81848216484244	42.2782036426797
258	0.257	-0.89661597259583	41.4206545739606
259	0.258	-0.959123018764864	40.4927850782802
260	0.259	-1.08413711101338	39.4711550133911
261	0.26	-1.17789768012163	38.3401376178236
262	0.261	-1.2404047261567	37.1309864146845
263	0.262	-1.27165824916312	35.8749549270246
264	0.263	-1.39667234111495	34.5407896318855
265	0.264	-1.41229910260063	33.1363039100277
266	0.265	-1.47480614852496	31.6927512844649
267	0.266	-1.5060596714761	30.2023183744644
268	0.267	-1.52168643294891	28.6884453222519
269	0.268	-1.56856671735636	27.1433187470993
270	0.269	-1.63107376320731	25.5434985068174
271	0.27	-1.66232728612182	23.8967979821529
272	0.271	-1.69358080902902	22.2188439345774
273	0.272	-1.63107376320731	20.5565166484593
274	0.273	-1.66232728612182	18.9098161237947
275	0.274	-1.67795404757633	17.2396754569456
276	0.275	-1.61544700174732	15.5929749322838
277	0.276	-1.5998202402855	13.9853413112674
278	0.277	-1.55293995588904	12.4089612131801
279	0.278	-1.49043291000145	10.8872747802349
280	0.279	-1.44355262556647	9.42028201245094
281	0.28	-1.39667234111495	8.00016952911023
282	0.281	-1.28728501066356	6.65819085322097
283	0.282	-1.17789768012163	5.42559950782838
284	0.283	-1.14664415709297	4.26332858922108
285	0.284	-1.06851034948883	3.15575133593018
286	0.285	-0.974749780302454	2.13412127103454
287	0.286	-0.927869495684084	1.18281163304127
288	0.287	-0.802855403286141	0.317449183556159
289	0.288	-0.755975118605981	-0.461966077389902
290	0.289	-0.693468072339462	-1.18668767286262
291	0.29	-0.615334264463951	-1.84108884126433
292	0.291	-0.584080741300545	-2.44079634414658
293	0.292	-0.537200456541267	-3.00143694306748
294	0.293	-0.490320171764965	-3.5151972572206
295	0.294	-0.412186363766566	-3.96645052498637
296	0.295	-0.334052555720699	-4.33956998473
297	0.296	-0.302799032489035	-4.65799577883487
298	0.297	-0.162158177852141	-4.89047438400545
299	0.298	-0.11527789293877	-5.02919241940091
300	0.299	-0.0527708463607802	-5.11321678905068
301	0.3	0.134750293557705	-5.07222706545222
302	0.301	0.228510863621097	-4.89059648686282
303	0.302	0.353524957147401	-4.59957857647857
304	0.303	0.462912289084921	-4.19135995336241
305	0.304	0.525419335949231	-3.69719414084534
306	0.305	0.666060191508279	-3.10145437711658
307	0.306	0.759820761969199	-2.38851390037784
308	0.307	0.869208094263109	-1.57399947226169
309	0.308	0.994222188431701	-0.642284330914281
310	0.309	1.0723559973514	0.391004761977272
311	0.31	1.15048980632073	1.50242766381334
312	0.311	1.24425037714959	2.6997977555485
313	0.312	1.30675742440872	3.97530165632765
314	0.313	1.32238418622849	5.28987246164626
315	0.314	1.46302504269655	6.68257707610878
316	0.315	1.46302504269655	8.14560211880534
317	0.316	1.43177151902295	9.59300039966509
318	0.317	1.58803913747133	11.1029057279122
319	0.318	1.57241237561744	12.6831314844566
320	0.319	1.57241237561744	14.2555438600741
321	0.32	1.60366589932724	15.8435829975464
322	0.321	1.58803913747133	17.4394355159457
323	0.322	1.61929266118516	19.0431014152739
324	0.323	1.6349194230451	20.6702074573891
325	0.324	1.60366589932724	22.2895001185752
326	0.325	1.55678561376557	23.8697258751216
327	0.326	1.52553209006785	25.4108847270384
328	0.327	1.55678561376557	26.9520435789551
329	0.328	1.41614475718916	28.4385087644324
330	0.329	1.36926447169982	29.8312133788769
331	0.33	1.35363770987404	31.1926644696638
332	0.331	1.2286236153398	32.4837951322708
333	0.332	1.13486304452289	33.6655384622021
334	0.333	1.0879827591413	34.7769613640342
335	0.334	1.00984895021168	35.8258772187107
336	0.335	0.884834856027268	36.7732191218302
337	0.336	0.82232780898247	37.626800454335
338	0.337	0.759820761969199	38.4178747398109
339	0.338	0.697313714987397	39.1464419782892
340	0.339	0.603553144573572	39.7968754080697
341	0.34	0.603553144573572	40.4004285526432
342	0.341	0.509792574230226	40.9571014120451
343	0.342	0.525419335949231	41.4747073671349
344	0.343	0.447285527373719	41.9610597987963
345	0.344	0.369151718846924	42.3692784219066
346	0.345	0.369151718846924	42.7384301407536
347	0.346	0.259764386991039	43.0528881936726
348	0.347	0.134750293557705	43.2501455339469
349	0.348	0.119123531887235	43.3770824466694
350	0.349	0.0409897235638111	43.4571390743949
351	0.35	-0.146531416216265	43.4043682280687
352	0.351	-0.162158177852141	43.2500234310345
353	0.352	-0.318425794105819	43.0097314450555
354	0.353	-0.412186363766566	42.6444253661193
355	0.354	-0.505946933358959	42.1853587175566
356	0.355	-0.615334264463951	41.6247181186451
357	0.356	-0.787228641727965	40.9234366655491
358	0.357	-0.880989211048897	40.0893277391607
359	0.358	-1.02163006490403	39.1380181011842
360	0.359	-1.09976387253606	38.0773211324642
361	0.36	-1.11539063405689	36.9697438791677
362	0.361	-1.20915120314287	35.8074729605679
363	0.362	-1.30291177216215	34.5514414729154
364	0.363	-1.38104557962742	33.2094627970206
365	0.364	-1.45917938704663	31.7893503136835
366	0.365	-1.5060596714761	30.3067307844222
367	0.366	-1.56856671735636	28.7694175900059
368	0.367	-1.53731319441989	27.2164776341178
369	0.368	-1.5998202402855	25.6479109167651
370	0.369	-1.61544700174732	24.0402772957487
371	0.37	-1.64670052466548	22.4092035325423
372	0.371	-1.64670052466548	20.7625030078768
373	0.372	-1.64670052466548	19.1158024832114
374	0.373	-1.64670052466548	17.4691019585459
375	0.374	-1.64670052466548	15.8224014338804
376	0.375	-1.61544700174732	14.191327670674
377	0.376	-1.58419347882184	12.5915074303894
378	0.377	-1.56856671735636	11.0151273323003
379	0.378	-1.47480614852496	9.49344089935965
380	0.379	-1.41229910260063	8.04988827379686
381	0.38	-1.36541881813806	6.66102931342752
382	0.381	-1.28728501066356	5.33467739902671
383	0.382	-1.22477796465071	4.07864591136957
384	0.383	-1.16227091860823	2.88512146974011
385	0.384	-1.08413711101338	1.76191745492931
386	0.385	-0.943496257225408	0.748100770809914
387	0.386	-0.89661597259583	-0.171955344100705
388	0.387	-0.81848216484244	-1.02950441281984
389	0.388	-0.740348357042172	-1.80891967376215
390	0.389	-0.724721595476483	-2.54145465002147
391	0.39	-0.662214549194911	-3.23492272235717
392	0.391	-0.584080741300545	-3.8580703676049
393	0.392	-0.521573694951059	-4.4108975857307
394	0.393	-0.505946933358959	-4.92465789988571
395	0.394	-0.443439886971616	-5.399351310051
396	0.395	-0.318425794105819	-5.78028415058971
397	0.396	-0.255918747627249	-6.06745642145625
398	0.397	-0.177784939486103	-6.28430826501292
399	0.398	-0.0996511312971486	-6.42302630040455
400	0.399	-0.0527708463607802	-6.49923728923351
401	0.4	0.0566164852246421	-6.49731446980158
402	0.401	0.197257340258899	-6.37037755705981
403	0.402	0.337898195449822	-6.10279978920545
404	0.403	0.384778480548391	-5.74146145120635
405	0.404	0.541046097670189	-5.27854916209705
406	0.405	0.650433429771663	-4.68280939837613
407	0.406	0.744194000220801	-3.9854956833799
408	0.407	0.884834856027268	-3.17098125525586
409	0.408	0.962968664877689	-2.24707949480338
410	0.409	1.0723559973514	-1.22941716368884
411	0.41	1.13486304452289	-0.125807642751689
412	0.411	1.1973700917262	1.04030892537286
413	0.412	1.29113066259094	2.28455930253142
414	0.413	1.33801094805027	3.59913010785202
415	0.414	1.40051799535738	4.96839457955585
416	0.415	1.43177151902295	6.38453933674601
417	0.416	1.50990532822201	7.8553777603685
418	0.417	1.5411588519157	9.38090985043736
419	0.418	1.58803913747133	10.9455088451309
420	0.419	1.57241237561744	12.5257346016753
421	0.42	1.58803913747133	14.1059603582197
422	0.421	1.61929266118516	15.7096262575479
423	0.422	1.60366589932724	17.3211055378041
424	0.423	1.57241237561744	18.9091446752764
425	0.424	1.58803913747133	20.4893704318208
426	0.425	1.5411588519157	22.0539694265143
427	0.426	1.57241237561744	23.6107550402809
428	0.427	1.44739828085875	25.120660368519
429	0.428	1.43177151902295	26.5602452684599
430	0.429	1.36926447169982	27.9607632638213
431	0.43	1.30675742440872	29.2987742118755
432	0.431	1.212996853532	30.5586513508459
433	0.432	1.15048980632073	31.7403946807722
434	0.433	1.0567292355635	32.8440042017144
435	0.434	1.00984895021168	33.8772932946019
436	0.435	0.916088379561508	34.8402619594885
437	0.436	0.775447523719564	35.6860299111291
438	0.437	0.744194000220801	36.4458506730993
439	0.438	0.712940476729901	37.1744179115746
440	0.439	0.634806668037007	37.8482914839581
441	0.44	0.572299621117969	38.4518446285355
442	0.441	0.556672859393101	39.0163308687911
443	0.442	0.525419335949231	39.5573769664623
444	0.443	0.416032003957162	40.0281026364154
445	0.444	0.400405242251803	40.4363212595199
446	0.445	0.353524957147401	40.8132863592195
447	0.446	0.228510863621097	41.1043042696038
448	0.447	0.228510863621097	41.3328151332249
449	0.448	0.072243246887399	41.4831921884791
450	0.449	0.0409897235638111	41.5398086737047
451	0.45	-0.0527708463607802	41.5339181123062
452	0.451	-0.209038462748292	41.4030134577517
453	0.452	-0.255918747627249	41.1705348525639
454	0.453	-0.443439886971616	40.8208555352645
455	0.454	-0.505946933358959	40.3461621250992
456	0.455	-0.630961026042824	39.7777081453983
457	0.456	-0.724721595476483	39.0998668346387
458	0.457	-0.834108926396865	38.320451573702
459	0.458	-0.943496257225408	37.4316489818909
460	0.459	-1.05288358796242	36.4334590592969
461	0.46	-1.13101739557586	35.3415085675278
462	0.461	-1.22477796465071	34.1636108874145
463	0.462	-1.28728501066356	32.9075793997574
464	0.463	-1.36541881813806	31.5812274853566
465	0.464	-1.49043291000145	30.1533016212868
466	0.465	-1.47480614852496	28.6706820920236
467	0.466	-1.53731319441989	27.1646224205512
468	0.467	-1.55293995588904	25.6194958453967
469	0.468	-1.61544700174732	24.0353023665785
470	0.469	-1.61544700174732	22.4198553648312
471	0.47	-1.64670052466548	20.7887816016248
472	0.471	-1.66232728612182	19.1342676962312
473	0.472	-1.64670052466548	17.4797537908375
474	0.473	-1.69358080902902	15.8096131239903
475	0.474	-1.67795404757633	14.1238456956876
476	0.475	-1.61544700174732	12.4771451710258
477	0.476	-1.56856671735636	10.8851383114739
478	0.477	-1.53731319441989	9.33219835558582
479	0.478	-1.5060596714761	7.81051192263782
480	0.479	-1.42792586408447	6.34351915485754
481	0.48	-1.36541881813806	4.94684681374628
482	0.481	-1.28728501066356	3.62049489934547
483	0.482	-1.25603148766083	2.34883665018327
484	0.483	-1.11539063405689	1.16312558932441
485	0.484	-1.06851034948883	0.0711750975515468
486	0.485	-0.959123018764864	-0.942641586575301
487	0.486	-0.943496257225408	-1.89395122457044
488	0.487	-0.81848216484244	-2.77494043560436
489	0.488	-0.755975118605981	-3.56216907732857
490	0.489	-0.709094833908913	-4.29470405358602
491	0.49	-0.615334264463951	-4.95691860277245
492	0.491	-0.584080741300545	-5.5566261056547
493	0.492	-0.568453979716009	-6.13289346616298
494	0.493	-0.474693410169078	-6.65446716110552
495	0.494	-0.459066648571295	-7.12134719047571
496	0.495	-0.365306078944749	-7.53353355423373
497	0.496	-0.287172270870346	-7.85977272914128
498	0.497	-0.209038462748292	-8.10787809595059
499	0.498	-0.0996511312971486	-8.26222289297332
500	0.499	0.00973620024792339	-8.30718035849793
501	0.5	0.103496770218695	-8.25056387326462
502	0.501	0.212884101939031	-8.09237343718576
503	0.502	0.291017910368732	-7.84042243103187
504	0.503	0.431658765664466	-7.47908409301528
505	0.504	0.541046097670189	-6.99273166134795
506	0.505	0.634806668037007	-6.40480527849435
507	0.506	0.791074285471898	-5.6918648017399
508	0.507	0.884834856027268	-4.85391023099031
509	0.508	1.00984895021168	-3.90656832787084
510	0.509	1.0567292355635	-2.87327923498326
511	0.51	1.13486304452289	-1.77748309494006
512	0.511	1.1973700917262	-0.611366526815516
513	0.512	1.29152743583277	-0.611366526815516
514	0.513	1.3384077212981	0.703601051749916
515	0.514	1.40091476861322	2.07326229670557
516	0.515	1.41654153044701	3.48199044623569
517	0.516	1.51030210149191	4.94541226220515
518	0.517	1.54155562518962	6.47134112554591
519	0.518	1.54155562518962	8.01289675073554
520	0.519	1.54155562518962	9.55445237592516
521	0.52	1.57280914889539	11.1116347629677
522	0.521	1.58843591075129	12.692257292791
523	0.522	1.60406267260921	14.2885065844713
524	0.523	1.57280914889539	15.8769424952236
525	0.524	1.5571823870415	17.441938263192
526	0.525	1.5571823870415	18.9991206502335
527	0.526	1.44779505412061	20.5016093708145
528	0.527	1.41654153044701	21.9337776630984
529	0.528	1.41654153044701	23.3503191935454
530	0.529	1.29152743583277	24.7043536766853
531	0.53	1.24464715038543	25.9724409697944
532	0.531	1.18214010315025	27.1858345965622
533	0.532	1.11963305594695	28.3367211761108
534	0.533	1.01024572341769	29.4016605657931
535	0.534	0.916485152755646	30.3650260038798
536	0.535	0.869604867451323	31.2580710139833
537	0.536	0.791471058650254	32.0886089770341
538	0.537	0.744590773393254	32.8566398930558
539	0.538	0.682083726411452	33.5699771429582
540	0.539	0.619576679461062	34.2208073458944
541	0.54	0.557069632542024	34.809130501896
542	0.541	0.478935823937228	35.3271332301356
543	0.542	0.463309062222126	35.7982556732153
544	0.543	0.400802015381216	36.2303112120169
545	0.544	0.369548491972446	36.6154864656938
546	0.545	0.353921730270979	36.9772215768155
547	0.546	0.275787921792787	37.2920764028474
548	0.547	0.13514706665416	37.4975438970708
549	0.548	0.11952030498176	37.6248775828888
550	0.549	-0.0211205499830802	37.6740774603881
551	0.55	-0.0836275965840998	37.6217033871045
552	0.551	-0.130507881514715	37.5146356480551
553	0.552	-0.31802902106498	37.2903671967653
554	0.553	-0.427416352342512	36.9176445100615
555	0.554	-0.536803683527004	36.4355344921268
556	0.555	-0.677444537770856	35.8284103814779
557	0.556	-0.771205107181926	35.1040855590015
558	0.557	-0.880592438076037	34.2781867863725
559	0.558	-0.974353007340809	33.3507140636641
560	0.559	-1.08374033806478	32.3216673909613
561	0.56	-1.1462473841518	31.206673529853
562	0.561	-1.22438119171881	30.0213592419177
563	0.562	-1.34939528372974	28.7344710041934
564	0.563	-1.380648806714	27.3694489589715
565	0.564	-1.44315585266042	25.9575466292843
566	0.565	-1.50566289857739	24.4831372536654
567	0.566	-1.53691642152486	22.9618475936143
568	0.567	-1.61505022886144	21.3858642684211
569	0.568	-1.59942346739779	19.7786274202915
570	0.569	-1.63067699032326	18.163577191431
571	0.57	-1.67755727469776	16.5094600589205
572	0.571	-1.72443755905583	14.8084626420437
573	0.572	-1.70881079760497	13.0918384637133
574	0.573	-1.70881079760497	11.3830276661083
575	0.574	-1.69318403615228	9.68203024922969
576	0.575	-1.61505022886144	8.02791311672283
577	0.576	-1.5837967059323	6.42848964932596
578	0.577	-1.52128966005204	4.87594646633378
579	0.578	-1.45878261414242	3.38591032923655
580	0.579	-1.4900361371009	1.91150095361489
581	0.58	-1.41190232969089	0.460531720218996
582	0.581	-1.28688823773907	-0.888863563495983
583	0.582	-1.22438119171881	-2.14449827822492
584	0.583	-1.16187414566891	-3.33762594691879
585	0.584	-1.03686005347997	-4.43699304649323
586	0.585	-1.00560653041412	-5.45822633844028
587	0.586	-0.896219199624842	-6.40913920345976
588	0.587	-0.84933891497281	-7.28191826075858
589	0.588	-0.755578345618117	-8.08437689105405
590	0.589	-0.708698060915407	-8.81651509432081
591	0.59	-0.661817776195755	-9.50177301287639
592	0.591	-0.614937491459137	-10.1401506467038
593	0.592	-0.568057206705528	-10.7316479957862
594	0.593	-0.521176921934904	-11.2762650601064
595	0.594	-0.458669875547561	-11.7661884588476
596	0.595	-0.380536067520694	-12.1857914303817
597	0.596	-0.333655782681764	-12.542887355483
598	0.597	-0.224268451324237	-12.821849472486
599	0.598	-0.130507881514715	-12.9992376389055
600	0.599	-0.0054937883280217	-13.0672384738268
601	0.6	0.041386496648697	-13.0492921196665
602	0.601	0.150773828328492	-12.9532119571779
603	0.602	0.338294968571456	-12.7086775587279
604	0.603	0.369548491972446	-12.354755828456
605	0.604	0.557069632542024	-11.8914467661987
606	0.605	0.682083726411452	-11.271870086722
607	0.606	0.728964011644856	-10.5663462176938
608	0.607	0.900858390985563	-9.75143501637863
609	0.608	1.01024572341769	-8.795882959177
610	0.609	1.04149924698755	-7.77001047397438
611	0.61	1.13525981774479	-6.68163094160821
612	0.611	1.22902038857365	-5.499490838449
613	0.612	1.30715419765255	-4.2314035453359
614	0.613	1.35403448312387	-2.90080920494769
615	0.614	1.40091476861322	-1.52333457907915
616	0.615	1.44779505412061	-0.0989796677122339
617	0.616	1.47904857780224	1.36444214824919
618	0.617	1.51030210149191	2.85911748789626
619	0.618	1.54155562518962	4.38504635123703
620	0.619	1.52592886333976	5.91878859550172
621	0.62	1.58843591075129	7.47597098254725
622	0.621	1.57280914889539	9.05659351237059
623	0.622	1.57280914889539	10.629402661266
624	0.623	1.61968943446915	12.2256519529482
625	0.624	1.52592886333976	13.7984611018527
626	0.625	1.49467533964607	15.3087632033456
627	0.626	1.49467533964607	16.8034385429917
628	0.627	1.46342181596042	18.2824871207949
629	0.628	1.41654153044701	19.7224687939986
630	0.629	1.32278095947432	21.0921300389593
631	0.63	1.26027391219921	22.3836574747961
632	0.631	1.16651334134644	23.5970511015689
633	0.632	1.13525981774479	24.7479376811145
634	0.633	1.05712600877546	25.8441305943746
635	0.634	0.932111914527706	26.8387495560262
636	0.635	0.885231629217455	27.7474213278988
637	0.636	0.807097820406525	28.5935860527108
638	0.637	0.728964011644856	29.3616169687365
639	0.638	0.666456964670912	30.0593274568944
640	0.639	0.650830202932334	30.717971040696
641	0.64	0.603949917728365	31.3453611010263
642	0.641	0.525816109094244	31.9102441144376
643	0.642	0.478935823937228	32.4126200809534
644	0.643	0.400802015381216	32.8524890006126
645	0.644	0.369548491972446	33.2376642542894
646	0.645	0.307041445178239	33.5759592228648
647	0.646	0.228907636729155	33.8439337638185
648	0.647	0.197654113363085	34.0572146388646
649	0.648	0.150773828328492	34.2314286097104
650	0.649	-0.0054937883280217	34.3040686297106
651	0.65	-0.0680008349367253	34.2673213180782
652	0.651	-0.193014928062048	34.1368134365788
653	0.652	-0.349282544296644	33.8656647003995
654	0.653	-0.443043113945985	33.4695018712782
655	0.654	-0.536803683527004	32.9795784725417
656	0.655	-0.661817776195755	32.3802677426803
657	0.656	-0.818085391862086	31.6403161586514
658	0.657	-0.927472722716837	30.7675371013619
659	0.658	-1.00560653041412	29.8009974747965
660	0.659	-1.11499386111201	28.7406972790334
661	0.66	-1.19312766869757	27.5866365141286
662	0.661	-1.25563471473264	26.3622553224135
663	0.662	-1.34939528372974	25.0597403231823
664	0.663	-1.45878261414242	23.6556513742462
665	0.664	-1.4900361371009	22.1812419986246
666	0.665	-1.47440937562258	20.6990192422628
667	0.666	-1.53691642152486	19.1933563436891
668	0.667	-1.61505022886144	17.617373018496
669	0.668	-1.64630375178326	15.9866960281736
670	0.669	-1.69318403615228	14.3169521342058
671	0.67	-1.69318403615228	12.6237680980536
672	0.671	-1.70881079760497	10.9227706811749
673	0.672	-1.70881079760497	9.21395988356996
674	0.673	-1.64630375178326	7.53640260887585
675	0.674	-1.69318403615228	5.86665871490808
676	0.675	-1.64630375178326	4.19691482094031
677	0.676	-1.56816994446499	2.58967797281619
678	0.677	-1.56816994446499	1.0215080283512
679	0.678	-1.4900361371009	-0.507595012431743
680	0.679	-1.45878261414242	-1.9820043880534
681	0.68	-1.30251499923951	-3.36265319474436
682	0.681	-1.28688823773907	-4.65735481323365
683	0.682	-1.20875443020912	-5.90517614720774
684	0.683	-1.08374033806478	-7.05142353134469
685	0.684	-1.0524868150101	-8.11953710788213
686	0.685	-0.989979768878398	-9.14077039982638
687	0.686	-0.911845961171775	-10.0916832648515
688	0.687	-0.84933891497281	-10.9722757029238
689	0.688	-0.739951584052428	-11.7669209524364
690	0.689	-0.755578345618117	-12.5146859172717
691	0.69	-0.708698060915407	-13.2468241205384
692	0.691	-0.646191014618769	-13.9242686583055
693	0.692	-0.583683968291954	-14.5392061497609
694	0.693	-0.489923398745023	-15.0760098332794
695	0.694	-0.443043113945985	-15.5424930896249
696	0.695	-0.36490930590962	-15.9464692995527
697	0.696	-0.286775497825696	-16.2723117014203
698	0.697	-0.224268451324237	-16.5278336759953
699	0.698	-0.114881119873094	-16.6974084615939
700	0.699	-0.0054937883280217	-16.7575959156945
701	0.7	0.057013258311454	-16.7318361807028
702	0.701	0.197654113363085	-16.6045024948655
703	0.702	0.307041445178239	-16.3521547155949
704	0.703	0.432055538797774	-15.9826062236069
705	0.704	0.572696394268847	-15.4802302570735
706	0.705	0.682083726411452	-14.8528401967334
707	0.706	0.744590773393254	-14.139502946831
708	0.707	0.853978105687164	-13.3402185072908
709	0.708	0.994618961635732	-12.4159199736294
710	0.709	1.05712600877546	-11.3900474884238
711	0.71	1.13525981774479	-10.2938545751637
712	0.711	1.21339362676385	-9.11952785290934
713	0.712	1.29152743583277	-7.86706732161103
714	0.713	1.3384077212981	-6.5520997430456
715	0.714	1.41654153044701	-5.17462511717304
716	0.715	1.46342181596042	-3.73464344396933
717	0.716	1.47904857780224	-2.263408247088
718	0.717	1.51030210149191	-0.768732907440925
719	0.718	1.54155562518962	0.75719595589984
720	0.719	1.54155562518962	2.29875158108946
721	0.72	1.58843591075129	3.86374734905992
722	0.721	1.60406267260921	5.45999664074017
723	0.722	1.57280914889539	7.04843255149247
724	0.723	1.57280914889539	8.62124170038786
725	0.724	1.5571823870415	10.1862374683563
726	0.725	1.54155562518962	11.7356064744719
727	0.726	1.49467533964607	13.2537219568897
728	0.727	1.46342181596042	14.732770534693
729	0.728	1.41654153044701	16.1727522078967
730	0.729	1.3384077212981	17.5502268337692
731	0.73	1.26027391219921	18.8495676505179
732	0.731	1.13525981774479	20.0473345154899
733	0.732	1.07275277056535	21.1513408096449
734	0.733	1.04149924698755	22.2084668184214
735	0.734	0.932111914527706	23.195272399179
736	0.735	0.885231629217455	24.1039441710516
737	0.736	0.822724582164767	24.9579222767427
738	0.737	0.744590773393254	25.7415799545217
739	0.738	0.713337249898423	26.4705439661676
740	0.739	0.650830202932334	27.1526276925829
741	0.74	0.603949917728365	27.7800177529133
742	0.741	0.572696394268847	28.3683409089119
743	0.742	0.494562585654281	28.9019703988735
744	0.743	0.447682300508975	29.3730928419551
745	0.744	0.416428777088521	29.8051483807538
746	0.745	0.291414683484543	30.1590701110404
747	0.746	0.275787921792787	30.442671413679
748	0.747	0.13514706665416	30.6481389079025
749	0.748	0.057013258311454	30.7442190703853
750	0.749	-0.0523740732874311	30.7465386628973
751	0.75	-0.0992543582295557	30.6707244471388
752	0.751	-0.208641689694099	30.516776423177
753	0.752	-0.36490930590962	30.2300009253752
754	0.753	-0.489923398745023	29.8025845730478
755	0.754	-0.59931072987649	29.2579675087371
756	0.755	-0.708698060915407	28.6039631133411
757	0.756	-0.833712153418385	27.8327580061742
758	0.757	-0.911845961171775	26.9599789488792
759	0.758	-1.02123329194798	25.9934393223193
760	0.759	-1.1462473841518	24.9096989842694
761	0.76	-1.22438119171881	23.7243846963341
762	0.761	-1.27126147623678	22.4765633623563
763	0.762	-1.34939528372974	21.166234982373
764	0.763	-1.39627556820337	19.7933995564065
765	0.764	-1.4900361371009	18.3502437037543
766	0.765	-1.47440937562258	16.8680209473926
767	0.766	-1.53691642152486	15.3623580488189
768	0.767	-1.56816994446499	13.809814865824
769	0.768	-1.61505022886144	12.2182047791607
770	0.769	-1.66193051324143	10.5797144081093
771	0.77	-1.63067699032326	8.93341065632696
772	0.771	-1.66193051324143	7.28710690454461
773	0.772	-1.69318403615228	5.60954962984776
774	0.773	-1.69318403615228	3.91636559369548
775	0.774	-1.63067699032326	2.25443508045771
776	0.775	-1.63067699032326	0.623758090134446
777	0.776	-1.5837967059323	-0.983478757993337
778	0.777	-1.56816994446499	-2.55946208319198
779	0.778	-1.55254318299584	-4.1198186469224
780	0.779	-1.44315585266042	-5.61766816475052
781	0.78	-1.380648806714	-7.02957049443773
782	0.781	-1.30251499923951	-8.37115239741449
783	0.782	-1.22438119171881	-9.63460049289365
784	0.783	-1.16187414566891	-10.8277281615875
785	0.784	-1.08374033806478	-11.9505354034544
786	0.785	-1.00560653041412	-12.9952088376938
787	0.786	-0.927472722716837	-13.9617484642593
788	0.787	-0.84933891497281	-14.8501542831041
789	0.788	-0.833712153418385	-15.6916798172997
790	0.789	-0.771205107181926	-16.4941384475999
791	0.79	-0.693071299344073	-17.2262766508629
792	0.791	-0.614937491459137	-17.8802810462645
793	0.792	-0.552430445117212	-18.4639650145526
794	0.793	-0.489923398745023	-18.9851419364838
795	0.794	-0.458669875547561	-19.45943857363
796	0.795	-0.333655782681764	-19.8556014027447
797	0.796	-0.286775497825696	-20.1658170429984
798	0.797	-0.271148736203194	-20.4447791600129
799	0.798	-0.0992543582295557	-20.6299807072293
800	0.799	-0.0054937883280217	-20.682354780508
801	0.8	0.041386496648697	-20.6644084263477
802	0.801	0.244534398415094	-20.5214479788158
803	0.802	0.307041445178239	-20.2456600570192
804	0.803	0.463309062222126	-19.860484803319
805	0.804	0.588323155997627	-19.3346686942091
806	0.805	0.666456964670912	-18.7072786338748
807	0.806	0.791471058650254	-17.9783146222142
808	0.807	0.885231629217455	-17.1399632782804
809	0.808	0.947738676301744	-16.2234781255208
810	0.809	1.02587248520163	-15.2366725447691
811	0.81	1.15088657954462	-14.148293012396
812	0.811	1.24464715038543	-12.9505261474309
813	0.812	1.30715419765255	-11.674625473412
814	0.813	1.36966124495165	-10.3362177521099
815	0.814	1.35403448312387	-8.9743698880721
816	0.815	1.46342181596042	-7.56564173852996
817	0.816	1.44779505412061	-6.11003330348944
818	0.817	1.5571823870415	-4.60754458290839
819	0.818	1.57280914889539	-3.04254881493995
820	0.819	1.54155562518962	-1.48536642789744
821	0.82	1.57280914889539	0.0718159591450644
822	0.821	1.5571823870415	1.63681172711351
823	0.822	1.58843591075129	3.2096208760099
824	0.823	1.61968943446915	4.81368354862013
825	0.824	1.57280914889539	6.40993284030239
826	0.825	1.54155562518962	7.9671152273449
827	0.826	1.49467533964607	9.48523070976274
828	0.827	1.43216829228281	10.9486525257272
829	0.828	1.40091476861322	12.3651940561752
830	0.829	1.32278095947432	13.727041920219
831	0.83	1.19776686495606	14.9873158324342
832	0.831	1.16651334134644	16.1694559355854
833	0.832	1.04149924698755	17.2734622297524
834	0.833	1.01024572341769	18.299334714955
835	0.834	0.978992199855756	19.2939536765917
836	0.835	0.838351343924979	20.2026254484821
837	0.836	0.760217535143619	21.0019098880164
838	0.837	0.744590773393254	21.7543140422848
839	0.838	0.713337249898423	22.4832780539307
840	0.839	0.650830202932334	23.1653617803461
841	0.84	0.557069632542024	23.7693116980832
842	0.841	0.541442870817156	24.3185679497628
843	0.842	0.478935823937228	24.82875729714
844	0.843	0.432055538797774	25.2842529785075
845	0.844	0.369548491972446	25.6850549938926
846	0.845	0.353921730270979	26.0467901050143
847	0.846	0.275787921792787	26.3616449310462
848	0.847	0.13514706665416	26.5671124252697
849	0.848	0.0726400199761378	26.6710059685848
850	0.849	0.0101329733289601	26.7123924652374
851	0.85	-0.130507881514715	26.6522050111445
852	0.851	-0.239895212952466	26.4670034639109
853	0.852	-0.349282544296644	26.1724145852864
854	0.853	-0.489923398745023	25.7528116137655
855	0.854	-0.59931072987649	25.2081945494548
856	0.855	-0.661817776195755	24.5776302964187
857	0.856	-0.818085391862086	23.8376787123897
858	0.857	-0.818085391862086	23.0195933205277
859	0.858	-1.00560653041412	22.1077473593895
860	0.859	-1.09936709958932	21.0552605443878
861	0.86	-1.19312766869757	19.9090131602444
862	0.861	-1.25563471473264	18.6846319685293
863	0.862	-1.33376852223484	17.3899303500455
864	0.863	-1.380648806714	16.0327216855711
865	0.864	-1.44315585266042	14.6208193558839
866	0.865	-1.53691642152486	13.1307832187913
867	0.866	-1.50566289857739	11.6094935587401
868	0.867	-1.61505022886144	10.0491369950207
869	0.868	-1.63067699032326	8.42627338542837
870	0.869	-1.64630375178326	6.78778301437511
871	0.87	-1.67755727469776	5.1258525011346
872	0.871	-1.70881079760497	3.43266846498323
873	0.872	-1.70881079760497	1.72385766737827
874	0.873	-1.67755727469776	0.0306736312268999
875	0.874	-1.64630375178326	-1.63125688201361
876	0.875	-1.66193051324143	-3.28537401452595
877	0.876	-1.5837967059323	-4.90823762411282
878	0.877	-1.55254318299584	-6.47640756857689
879	0.878	-1.4900361371009	-7.99769722862526
880	0.879	-1.44315585266042	-9.46429322350592
881	0.88	-1.39627556820337	-10.8840089339378
882	0.881	-1.24000795322665	-12.2021506946528
883	0.882	-1.19312766869757	-13.4187185056149
884	0.883	-1.17750090718417	-14.6040327935558
885	0.884	-1.03686005347997	-15.7112132738879
886	0.885	-0.989979768878398	-16.7246331850671
887	0.886	-0.911845961171775	-17.6755460500921
888	0.887	-0.86496567652536	-18.5639518689407
889	0.888	-0.818085391862086	-19.4054774031344
890	0.889	-0.708698060915407	-20.1688691295232
891	0.89	-0.677444537770856	-20.8619404288663
892	0.891	-0.646191014618769	-21.5237582050611
893	0.892	-0.552430445117212	-22.1230689349291
894	0.893	-0.521176921934904	-22.6598726184552
895	0.894	-0.47429663714724	-23.1576093979963
896	0.895	-0.396162829129867	-23.5928391311348
897	0.896	-0.286775497825696	-23.9343082946126
898	0.897	-0.255521974578784	-24.2054570308148
899	0.898	-0.114881119873094	-24.3906585780408
900	0.899	-0.0054937883280217	-24.4508460321413
901	0.9	0.057013258311454	-24.4250862971496
902	0.901	0.197654113363085	-24.2977526113123
903	0.902	0.322668206873877	-24.0375914511939
904	0.903	0.463309062222126	-23.6446028166459
905	0.904	0.541442870817156	-23.1422268501262
906	0.905	0.666456964670912	-22.5382769323822
907	0.906	0.791471058650254	-21.8093129207216
908	0.907	0.885231629217455	-20.9709615767877
909	0.908	0.947738676301744	-20.0544764240281
910	0.909	1.11963305594695	-19.0207905579038
911	0.91	1.11963305594695	-17.9011575019568
912	0.911	1.26027391219921	-16.7112040178838
913	0.912	1.27590067401499	-15.4431167247767
914	0.913	1.36966124495165	-14.1203357652933
915	0.914	1.41654153044701	-12.727234377594
916	0.915	1.44779505412061	-11.2950660853102
917	0.916	1.52592886333976	-9.80820412658002
918	0.917	1.54155562518962	-8.27446188231533
919	0.918	1.54155562518962	-6.7329062571257
920	0.919	1.54155562518962	-5.19135063193608
921	0.92	1.60406267260921	-3.61854148303666
922	0.921	1.58843591075129	-2.02229219135641
923	0.922	1.65094295819508	-0.402602756883225
924	0.923	1.57280914889539	1.20927329666201
925	0.924	1.5571823870415	2.77426906463045
926	0.925	1.57280914889539	4.33926483259889
927	0.926	1.49467533964607	5.87300707686962
928	0.927	1.46342181596042	7.35205565467287
929	0.928	1.38528800678143	8.77641056604379
930	0.929	1.27590067401499	10.107004906442
931	0.93	1.26027391219921	11.3750921995491
932	0.931	1.18214010315025	12.5962992072238
933	0.932	1.07275277056535	13.7237456440816
934	0.933	1.01024572341769	14.7652448910732
935	0.934	0.96336543807776	15.7520504718209
936	0.935	0.853978105687164	16.6607222437034
937	0.936	0.807097820406525	17.4912602067502
938	0.937	0.713337249898423	18.2514777419027
939	0.938	0.697710488153956	18.9570016109289
940	0.939	0.619576679461062	19.6156451947364
941	0.94	0.572696394268847	20.2117817316013
942	0.941	0.541442870817156	20.7688513641443
943	0.942	0.510189347373286	21.2946674732395
944	0.943	0.385175253675858	21.7423497737641
945	0.944	0.416428777088521	22.1431517891463
946	0.945	0.338294968571456	22.5205136619763
947	0.946	0.291414683484543	22.8353684880043
948	0.947	0.13514706665416	23.0486493630736
949	0.948	0.0726400199761378	23.1525429063888
950	0.949	0.025759734987866	23.2017427838708
951	0.95	-0.130507881514715	23.1493687106074
952	0.951	-0.224268451324237	22.9719805441879
953	0.952	-0.349282544296644	22.6852050463775
954	0.953	-0.411789590737139	22.3046689788606
955	0.954	-0.568057206705528	21.8147455801392
956	0.955	-0.693071299344073	21.1841813271144
957	0.956	-0.818085391862086	20.4286029815114
958	0.957	-0.896219199624842	19.5714506857679
959	0.958	-1.03686005347997	18.6049110592155
960	0.959	-1.09936709958932	17.5367974826808
961	0.96	-1.20875443020912	16.3827367177816
962	0.961	-1.25563471473264	15.1505421453107
963	0.962	-1.33376852223484	13.855840526827
964	0.963	-1.41190232969089	12.4830051008641
965	0.964	-1.45878261414242	11.0476626289475
966	0.965	-1.52128966005204	9.55762649185025
967	0.966	-1.52128966005204	8.03633683179821
968	0.967	-1.55254318299584	6.49942041027427
969	0.968	-1.64630375178326	4.89999694288472
970	0.969	-1.63067699032326	3.26150657183146
971	0.97	-1.70881079760497	1.59176267786734
972	0.971	-1.67755727469776	-0.101421358284025
973	0.972	-1.74006432050487	-1.81023215588534
974	0.973	-1.70881079760497	-3.53466971494026
975	0.974	-1.61505022886144	-5.19660022817347
976	0.975	-1.66193051324143	-6.8350905992249
977	0.976	-1.59942346739779	-8.46576758954451
978	0.977	-1.52128966005204	-10.0261241532694
979	0.978	-1.4900361371009	-11.5317870518459
980	0.979	-1.45878261414242	-13.0061964274676
981	0.98	-1.36502204522279	-14.4180987571502
982	0.981	-1.28688823773907	-15.7440538986311
983	0.982	-1.16187414566891	-16.9684350903351
984	0.983	-1.13062062263283	-18.114682474486
985	0.984	-1.02123329194798	-19.1906094317764
986	0.985	-0.94309948426003	-20.1727758198804
987	0.986	-0.86496567652536	-21.0768084002731
988	0.987	-0.80245863030391	-21.9105205536877
989	0.988	-0.755578345618117	-22.6895390416487
990	0.989	-0.677444537770856	-23.4060504833432
991	0.99	-0.724324822484858	-24.1069351634711
992	0.991	-0.614937491459137	-24.776566320443
993	0.992	-0.59931072987649	-25.3836904311109
994	0.993	-0.521176921934904	-25.9439342570166
995	0.994	-0.411789590737139	-26.4104175133526
996	0.995	-0.349282544296644	-26.7909535808695
997	0.996	-0.286775497825696	-27.1089826019306
998	0.997	-0.239895212952466	-27.3723179573197
999	0.998	-0.0992543582295557	-27.5418927429107
1000	0.999	-0.0367473116362164	-27.6098935778436
