No.	时间（s）	Dev1/ai0-1-测振（mm/s）	VH01-V1-Dev1/ai0一次积分（μm）
1	0	-0.49056433972441	0
2	0.001	-0.349923485310201	-0.420243912517305
3	0.002	-0.365550246919373	-0.777980778632092
4	0.003	-0.193655869113743	-1.05758383664865
5	0.004	-0.146775584217592	-1.22779956331432
6	0.005	-0.0686417760190617	-1.33550824343264
7	0.006	0.05637231719836	-1.34164297284299
8	0.007	0.134506125521784	-1.24620375148292
9	0.008	0.19701317221525	-1.08044410261441
10	0.009	0.35328078908437	-0.805297121964595
11	0.01	0.43141459759171	-0.412949428626554
12	0.011	0.525175167864775	0.0653454541016883
13	0.012	0.618935738208121	0.637400907138136
14	0.013	0.72832307036445	1.31103031142442
15	0.014	0.837710402617019	2.09404704791516
16	0.015	0.915844211427949	2.97082435493764
17	0.016	1.00960478206625	3.93354885168474
18	0.017	1.10336535277585	4.99003391910579
19	0.018	1.22837944716655	6.15590631907699
20	0.019	1.29088649440971	7.41553928986511
21	0.02	1.33776677986304	8.72986592700149
22	0.021	1.40027382716214	10.0988862305141
23	0.022	1.41590058899193	11.5069734385911
24	0.023	1.49403439817091	12.9619409321725
25	0.024	1.52528792185656	14.4716020921863
26	0.025	1.52528792185656	15.9968900140428
27	0.026	1.60342173110588	17.5612448405241
28	0.027	1.6659287785416	19.1959200953478
29	0.028	1.60342173110588	20.8305953501715
30	0.029	1.61904849296179	22.4418304622054
31	0.03	1.60342173110588	24.0530655742392
32	0.031	1.60342173110588	25.6564873053451
33	0.032	1.5409146837024	27.2286555127492
34	0.033	1.49403439817091	28.7461300536859
35	0.034	1.4784076363311	30.2323510709369
36	0.035	1.40027382716214	31.6716918026835
37	0.036	1.36902030350859	33.0563388680189
38	0.037	1.32214001804326	34.4019190287948
39	0.038	1.21275268536075	35.6693653804968
40	0.039	1.19712592355693	36.8743046849557
41	0.04	1.10336535277585	38.0245503231221
42	0.041	1.07211182919805	39.112288914109
43	0.042	0.978351258512238	40.1375204579642
44	0.043	0.884590687897658	41.0689914311691
45	0.044	0.884590687897658	41.9535821190668
46	0.045	0.790830117354113	42.7912925216926
47	0.046	0.712696308621946	43.5430557346807
48	0.047	0.681442785142828	44.2401252815631
49	0.048	0.634562499938859	44.8981279241039
50	0.049	0.556428691304738	45.4936235197257
51	0.05	0.462668121008268	46.0031719258822
52	0.051	0.384534312481473	46.4267731426271
53	0.052	0.322027265695037	46.7800539317153
54	0.053	0.275146980625588	47.0786410548756
55	0.054	0.181386410538986	47.3069077504579
56	0.055	0.0876258405219479	47.4414138759884
57	0.056	0.0251187938824723	47.4977861931906
58	0.057	-0.0061347294257224	47.507278225419
59	0.058	-0.209282630741972	47.3995695453351
60	0.059	-0.256162915615202	47.1668467721565
61	0.06	-0.381177008526645	46.8481768100856
62	0.061	-0.428057293337067	46.4435596591538
63	0.062	-0.568698147665996	45.9451819386522
64	0.063	-0.693712240274364	45.313976744682
65	0.064	-0.787472809651592	44.5733842197191
66	0.065	-0.92811366359086	43.7155909830978
67	0.066	-0.990620709737485	42.7562237964337
68	0.067	-1.08438127890151	41.7187228021142
69	0.068	-1.20939537101616	40.5718344771553
70	0.069	-1.19376860950832	39.3702524868931
71	0.07	-1.3812897474804	38.0827233083987
72	0.071	-1.35003622450351	36.7170603224068
73	0.072	-1.3812897474804	35.3513973364148
74	0.073	-1.45942355489041	33.9310406852294
75	0.074	-1.52193060078534	32.4403636073916
76	0.075	-1.53755736225449	30.9106196258716
77	0.076	-1.52193060078534	29.3808756443517
78	0.077	-1.58443764665095	27.8276915206336
79	0.078	-1.67819821539447	26.1963735896109
80	0.079	-1.53755736225449	24.5884958007864
81	0.08	-1.66257145394178	22.9884313926882
82	0.081	-1.60006440811277	21.357113461661
83	0.082	-1.58443764665095	19.7648624342791
84	0.083	-1.52193060078534	18.211678310561
85	0.084	-1.4750503163669	16.7131878519848
86	0.085	-1.41254327044992	15.2693910585764
87	0.086	-1.41254327044992	13.8568477881265
88	0.087	-1.3344094630123	12.4833714213954
89	0.088	-1.3344094630123	11.1489619583831
90	0.089	-1.20939537101616	9.87705954136887
91	0.09	-1.13126156345842	8.70673107413158
92	0.091	-1.10000804042234	7.5910962721912
93	0.092	-1.00624747126948	6.53796851634529
94	0.093	-0.990620709737485	5.53953442584181
95	0.094	-0.865606617414348	4.61142076226589
96	0.095	-0.881233378961281	3.73800076407808
97	0.096	-0.756219286533363	2.91927443133076
98	0.097	-0.693712240274364	2.19430866792689
99	0.098	-0.568698147665996	1.56310347395671
100	0.099	-0.537444624495034	1.0100320878762
101	0.1	-0.49056433972441	0.496027605766478
102	0.101	-0.428057293337067	0.0367167892357399
103	0.102	-0.381177008526645	-0.367900361696116
104	0.103	-0.30304320047127	-0.710010466195073
105	0.104	-0.162402345851554	-0.942733239356486
106	0.105	-0.0998952993042209	-1.07388206193437
107	0.106	-0.0217614910769371	-1.13471045712495
108	0.107	0.150132887192254	-1.07052475906729
109	0.108	0.19701317221525	-0.896951729363541
110	0.109	0.35328078908437	-0.621804748713731
111	0.11	0.478294882719469	-0.20601691281181
112	0.111	0.54080192958378	0.303531493339814
113	0.112	0.665816023406212	0.90684046983481
114	0.113	0.75957659385535	1.61953677846559
115	0.114	0.868963926135473	2.433807038461
116	0.115	0.900217449661817	3.31839772635965
117	0.116	1.05648506741212	4.29674898489662
118	0.117	1.15024563815744	5.4001143376814
119	0.118	1.18149916175511	6.56598673763768
120	0.119	1.25963297078414	7.7865528039073
121	0.12	1.32214001804326	9.077439298321
122	0.121	1.40027382716214	10.4386462209237
123	0.122	1.4627808744933	11.8701735717514
124	0.123	1.49403439817091	13.3485812080835
125	0.124	1.55654144555025	14.8738691299441
126	0.125	1.55654144555025	16.4304105754944
127	0.126	1.55654144555025	17.9869520210446
128	0.127	1.5409146837024	19.535680085671
129	0.128	1.55654144555025	21.0844081502973
130	0.129	1.61904849296179	22.6722031195533
131	0.13	1.60342173110588	24.2834382315871
132	0.131	1.55654144555025	25.8634198199152
133	0.132	1.58779496925199	27.4355880273163
134	0.133	1.50966116001273	28.9843160919487
135	0.134	1.4627808744933	30.4705371092017
136	0.135	1.40027382716214	31.9020644600294
137	0.136	1.32214001804326	33.2632713826321
138	0.137	1.30651325622549	34.5775980197665
139	0.138	1.24400620897435	35.8528577523664
140	0.139	1.16587239995528	37.0577970568313
141	0.14	1.11899211456772	38.2002293140928
142	0.141	1.02523154384623	39.2723411432997
143	0.142	0.993978020288254	40.281945925367
144	0.143	0.900217449661817	41.229043660342
145	0.144	0.884590687897658	42.1214477291217
146	0.145	0.75957659385535	42.9435313699983
147	0.146	0.775203355603748	43.7109213447278
148	0.147	0.72832307036445	44.4626845577119
149	0.148	0.618935738208121	45.1363139619982
150	0.149	0.57205545302765	45.7318095576161
151	0.15	0.49392164443262	46.2647981063462
152	0.151	0.40016107418294	46.711839465654
153	0.152	0.35328078908437	47.0885603972876
154	0.153	0.19701317221525	47.3637073779375
155	0.154	0.181386410538986	47.5529071693146
156	0.155	0.0876258405219479	47.687413294845
157	0.156	0.040745555539454	47.7515989928757
158	0.157	-0.0686417760190617	47.7376508826359
159	0.158	-0.209282630741972	47.5986886792554
160	0.159	-0.22490939236829	47.3815926677003
161	0.16	-0.428057293337067	47.0551093248476
162	0.161	-0.50619110131651	46.5879851275208
163	0.162	-0.584324909248643	46.0427271222382
164	0.163	-0.724965763407623	45.3880817859101
165	0.164	-0.818726332762316	44.6162357378251
166	0.165	-0.896860140506343	43.7584425011908
167	0.166	-0.974993948203628	42.8225154568358
168	0.167	-1.08438127890151	41.7928278432833
169	0.168	-1.20939537101616	40.6459395183244
170	0.169	-1.27190241702901	39.4052906243018
171	0.17	-1.27190241702901	38.1333882072728
172	0.171	-1.39691650896608	36.7989787442753
173	0.172	-1.44379679341208	35.3786220930862
174	0.173	-1.52193060078534	33.8957583959875
175	0.174	-1.52193060078534	32.3738277952021
176	0.175	-1.58443764665095	30.820643671484
177	0.176	-1.58443764665095	29.236206024833
178	0.177	-1.60006440811277	27.6439549974512
179	0.178	-1.61569116957276	26.0360772086084
180	0.179	-1.63131793103093	24.4125726583066
181	0.18	-1.58443764665095	22.8046948694656
182	0.181	-1.56881088518729	21.2280706035465
183	0.182	-1.56881088518729	19.6592597183592
184	0.183	-1.49067707784155	18.1295157368448
185	0.184	-1.4750503163669	16.6466520397406
186	0.185	-1.44379679341208	15.1872284848511
187	0.186	-1.39691650896608	13.766871833662
188	0.187	-1.36566298599288	12.3855820861825
189	0.188	-1.31878270151925	11.0433592424265
190	0.189	-1.22502213252215	9.77145682540578
191	0.19	-1.19376860950832	8.56206145439055
192	0.191	-1.10000804042234	7.41517312942522
193	0.192	-1.02187423279961	6.35423199281425
194	0.193	-0.959367186667905	5.36361128308049
195	0.194	-0.912486902049536	4.42768423872177
196	0.195	-0.803099571207891	3.56989100209306
197	0.196	-0.787472809651592	2.77460481166332
198	0.197	-0.678085478704913	2.04182566748506
199	0.198	-0.693712240274364	1.35592680799543
200	0.199	-0.537444624495034	0.740348375610727
201	0.2	-0.50619110131651	0.218530512704955
202	0.201	-0.396803770132018	-0.232966923019309
203	0.202	-0.31866996208615	-0.590703789128392
204	0.203	-0.2405361539927	-0.870306847167817
205	0.204	-0.131148822581716	-1.05614933545503
206	0.205	-0.0842685376625997	-1.16385801557718
207	0.206	0.0251187938824723	-1.19343288746725
208	0.207	0.150132887192254	-1.10580704692988
209	0.208	0.181386410538986	-0.940047398064263
210	0.209	0.36890755078195	-0.664900417403795
211	0.21	0.40016107418294	-0.280366104921349
212	0.211	0.525175167864775	0.182302016102508
213	0.212	0.650189261671556	0.769984230870673
214	0.213	0.790830117354113	1.49049392038351
215	0.214	0.868963926135473	2.3203909421283
216	0.215	0.9627244967382	3.23623515356514
217	0.216	1.00960478206625	4.22239979296736
218	0.217	1.11899211456772	5.28669824128435
219	0.218	1.15024563815744	6.42131711764693
220	0.219	1.30651325622549	7.6496965648384
221	0.22	1.33776677986304	8.97183658288266
222	0.221	1.38464706533437	10.3330435054814
223	0.222	1.43152735082371	11.7411307135604
224	0.223	1.49403439817091	13.2039115880577
225	0.224	1.5409146837024	14.7213861289944
226	0.225	1.57216820740012	16.2779275745456
227	0.226	1.60342173110588	17.8657225437986
228	0.227	1.60342173110588	19.4691442749045
229	0.228	1.61904849296179	21.0803793869384
230	0.229	1.6659287785416	22.72286802269
231	0.23	1.60342173110588	24.3575432775138
232	0.231	1.58779496925199	25.9531516276927
233	0.232	1.60342173110588	27.5487599778717
234	0.233	1.49403439817091	29.0974880425101
235	0.234	1.4784076363311	30.5837090597611
236	0.235	1.38464706533437	32.0152364105938
237	0.236	1.38464706533437	33.3998834759282
238	0.237	1.29088649440971	34.7376502558002
239	0.238	1.29088649440971	36.0285367502099
240	0.239	1.19712592355693	37.2725429591932
241	0.24	1.11899211456772	38.4306019782556
242	0.241	1.00960478206625	39.4949004265725
243	0.242	0.915844211427949	40.4576249233196
244	0.243	0.884590687897658	41.3578423729824
245	0.244	0.822083640860748	42.2111795373617
246	0.245	0.743949832108917	42.9941962738465
247	0.246	0.697069546881406	43.7147059633417
248	0.247	0.697069546881406	44.4117755102231
249	0.248	0.587682214752518	45.05415139104
250	0.249	0.509548406147722	45.6027667014901
251	0.25	0.462668121008268	46.0888749650681
252	0.251	0.384534312481473	46.512476181813
253	0.252	0.337654027388733	46.8735703517481
254	0.253	0.275146980625588	47.1799708557553
255	0.254	0.181386410538986	47.4082375513375
256	0.255	0.0876258405219479	47.542743676868
257	0.256	0.040745555539454	47.6069293748987
258	0.257	-0.0686417760190617	47.5929812646589
259	0.258	-0.193655869113743	47.4618324420925
260	0.259	-0.30304320047127	47.2134829073
261	0.26	-0.412430531735491	46.8557460411966
262	0.261	-0.55307138608146	46.3729950822881
263	0.262	-0.599951670829402	45.7964835538327
264	0.263	-0.724965763407623	45.1340248367142
265	0.264	-0.787472809651592	44.3778055501846
266	0.265	-0.912486902049536	43.527825694334
267	0.266	-1.00624747126948	42.5684585076745
268	0.267	-1.10000804042234	41.5153307518286
269	0.268	-1.20939537101616	40.3606290461094
270	0.269	-1.24064889402628	39.1356069135881
271	0.27	-1.27190241702901	37.8793312580605
272	0.271	-1.42817003193192	36.52929503358
273	0.272	-1.44379679341208	35.093311620908
274	0.273	-1.45942355489041	33.6417014467568
275	0.274	-1.52193060078534	32.1510243689189
276	0.275	-1.58443764665095	30.5978402452008
277	0.276	-1.63131793103093	28.9899624563598
278	0.277	-1.58443764665095	27.3820846675189
279	0.278	-1.63131793103093	25.7742068786779
280	0.279	-1.61569116957276	24.1507023283761
281	0.28	-1.64694469248727	22.5193843973461
282	0.281	-1.60006440811277	20.8958798470461
283	0.282	-1.58443764665095	19.3036288196642
284	0.283	-1.58443764665095	17.7191911730133
285	0.284	-1.52193060078534	16.1660070492951
286	0.285	-1.45942355489041	14.6753299714572
287	0.286	-1.42817003193192	13.2315331780461
288	0.287	-1.36566298599288	11.8346166690837
289	0.288	-1.30315594002435	10.500207206075
290	0.289	-1.19376860950832	9.25174493130872
291	0.29	-1.13126156345842	8.08922984482535
292	0.291	-1.13126156345842	6.95796828136693
293	0.292	-0.974993948203628	5.9048405255359
294	0.293	-0.943740425130316	4.94547333886893
295	0.294	-0.92811366359086	4.00954629450835
296	0.295	-0.787472809651592	3.15175305788712
297	0.296	-0.756219286533363	2.37990700979464
298	0.297	-0.678085478704913	1.66275462717551
299	0.298	-0.615578432408275	1.01592267161891
300	0.299	-0.568698147665996	0.423784381581776
301	0.3	-0.396803770132018	-0.0589665773172303
302	0.301	-0.443684054936746	-0.479210489851612
303	0.302	-0.31866996208615	-0.86038749836306
304	0.303	-0.287416438854486	-1.16343069883338
305	0.304	-0.178029107483605	-1.39615347200242
306	0.305	-0.0686417760190617	-1.51948891375376
307	0.306	-0.0217614910769371	-1.56469054730175
308	0.307	0.150132887192254	-1.5005048492441
309	0.308	0.243893457255646	-1.30349167702015
310	0.309	0.290773742313465	-1.03615807723559
311	0.31	0.447041359299015	-0.66725052642935
312	0.311	0.509548406147722	-0.188955643705981
313	0.312	0.634562499938859	0.38309980933731
314	0.313	0.743949832108917	1.0723559753612
315	0.314	0.822083640860748	1.85537271184603
316	0.315	0.9627244967382	2.7477767806455
317	0.316	0.993978020288254	3.72612803915873
318	0.317	1.11899211456772	4.78261310658672
319	0.318	1.19712592355693	5.94067212564905
320	0.319	1.24400620897435	7.16123819191469
321	0.32	1.30651325622549	8.43649792451461
322	0.321	1.36902030350859	9.77426470438165
323	0.322	1.4627808744933	11.1901652933826
324	0.323	1.52528792185656	12.6841996915575
325	0.324	1.5409146837024	14.217300994337
326	0.325	1.58779496925199	15.7816558208142
327	0.326	1.60342173110588	17.3772641709931
328	0.327	1.58779496925199	18.9728725211721
329	0.328	1.63467525481971	20.5841076332079
330	0.329	1.6659287785416	22.2344096498886
331	0.33	1.60342173110588	23.8690849047123
332	0.331	1.55654144555025	25.4490664930404
333	0.332	1.57216820740012	27.0134213195156
334	0.333	1.52528792185656	28.5621493841439
335	0.334	1.49403439817091	30.0718105441576
336	0.335	1.43152735082371	31.534591418655
337	0.336	1.35339354168481	32.9270518649092
338	0.337	1.33776677986304	34.2726320256831
339	0.338	1.24400620897435	35.5635185201018
340	0.339	1.15024563815744	36.7606444436677
341	0.34	1.15024563815744	37.9108900818252
342	0.341	1.05648506741212	39.01425543461
343	0.342	1.02523154384623	40.0551137402391
344	0.343	0.915844211427949	41.0256516178762
345	0.344	0.853337164375261	41.9102423057778
346	0.345	0.790830117354113	42.7323259466425
347	0.346	0.712696308621946	43.4840891596305
348	0.347	0.681442785142828	44.1811587065129
349	0.348	0.57205545302765	44.8079078255982
350	0.349	0.525175167864775	45.3565231360444
351	0.35	0.447041359299015	45.8426313996263
352	0.351	0.36890755078195	46.2506058546668
353	0.352	0.322027265695037	46.5960732629053
354	0.353	0.212639933893448	46.8634068626995
355	0.354	0.165759648864654	47.0526066540786
356	0.355	0.103252602186632	47.1871127796042
357	0.356	0.0251187938824723	47.2512984776388
358	0.357	-0.0530150143736058	47.2373503673932
359	0.358	-0.193655869113743	47.1140149256495
360	0.359	-0.256162915615202	46.889105533285
361	0.36	-0.365550246919373	46.5782489520178
362	0.361	-0.50619110131651	46.1423782778998
363	0.362	-0.568698147665996	45.6049336534086
364	0.363	-0.693712240274364	44.9737284594384
365	0.364	-0.771846048093416	44.2409493152545
366	0.365	-0.865606617414348	43.4222229825006
367	0.366	-1.02187423279961	42.4784825573936
368	0.367	-1.03750099432788	41.4487949438299
369	0.368	-1.19376860950832	40.3331601419118
370	0.369	-1.22502213252215	39.1237647708966
371	0.37	-1.27190241702901	37.875302496121
372	0.371	-1.41254327044992	36.5330796523815
373	0.372	-1.41254327044992	35.1205363819316
374	0.373	-1.50630383931436	33.6611128270495
375	0.374	-1.56881088518729	32.1235554647986
376	0.375	-1.53755736225449	30.5703713410777
377	0.376	-1.63131793103093	28.985933694435
378	0.377	-1.61569116957276	27.3624291441332
379	0.378	-1.63131793103093	25.7389245938313
380	0.379	-1.64694469248727	24.0997932820722
381	0.38	-1.58443764665095	22.4841021125031
382	0.381	-1.64694469248727	20.868410942934
383	0.382	-1.60006440811277	19.244906392634
384	0.383	-1.58443764665095	17.6526553652521
385	0.384	-1.49067707784155	16.1150980030059
386	0.385	-1.44379679341208	14.6478610673791
387	0.386	-1.4750503163669	13.1884375124896
388	0.387	-1.30315594002435	11.799334384294
389	0.388	-1.35003622450351	10.47273830203
390	0.389	-1.22502213252215	9.18520912351721
391	0.39	-1.14688832497368	7.99925389476929
392	0.391	-1.08438127890151	6.8836190928317
393	0.392	-1.03750099432788	5.822677956217
394	0.393	-0.92811366359086	4.83987062725764
395	0.394	-0.912486902049536	3.91957034443744
396	0.395	-0.756219286533363	3.08521725014599
397	0.396	-0.709339001841934	2.35243810595834
398	0.397	-0.662458717133579	1.66653924647059
399	0.398	-0.631205193985261	1.01970729091117
400	0.399	-0.599951670829402	0.404128858503834
401	0.4	-0.459310816534529	-0.125502385178132
402	0.401	-0.443684054936746	-0.576999820913769
403	0.402	-0.287416438854486	-0.942550067809385
404	0.403	-0.22490939236829	-1.19871298342077
405	0.404	-0.178029107483605	-1.40018223334672
406	0.405	-0.0061347294257224	-1.49226415180138
407	0.406	0.0251187938824723	-1.48277211957301
408	0.407	0.150132887192254	-1.39514627903565
409	0.408	0.228266695573579	-1.20594648765273
410	0.409	0.322027265695037	-0.93079950701842
411	0.41	0.40016107418294	-0.569705337079431
412	0.411	0.525175167864775	-0.107037216055574
413	0.412	0.665816023406212	0.48845837957992
414	0.413	0.72832307036445	1.18552792646525
415	0.414	0.822083640860748	1.96073128207785
416	0.415	0.94709773496614	2.84532196999129
417	0.416	1.02523154384623	3.83148660939748
418	0.417	1.11899211456772	4.90359843860445
419	0.418	1.15024563815744	6.03821731496703
420	0.419	1.24400620897435	7.23534323853293
421	0.42	1.33776677986304	8.52622973295162
422	0.421	1.36902030350859	9.87962327463744
423	0.422	1.40027382716214	11.2642703399728
424	0.423	1.4627808744933	12.6957976908005
425	0.424	1.57216820740012	14.2132722317472
426	0.425	1.55654144555025	15.7776270582224
427	0.426	1.60342173110588	17.3576086465505
428	0.427	1.60342173110588	18.9610303776564
429	0.428	1.61904849296179	20.5722654896902
430	0.429	1.61904849296179	22.191313982652
431	0.43	1.65030201667965	23.8259892374727
432	0.431	1.57216820740012	25.4372243495126
433	0.432	1.5409146837024	26.9937657950638
434	0.433	1.5409146837024	28.5346804787662
435	0.434	1.43152735082371	30.0209014960293
436	0.435	1.41590058899193	31.4446154659371
437	0.436	1.38464706533437	32.8448892931003
438	0.437	1.30651325622549	34.1904694538802
439	0.438	1.27525973259593	35.4813559482909
440	0.439	1.18149916175511	36.7097353954664
441	0.44	1.15024563815744	37.8756077954227
442	0.441	1.07211182919805	38.9867865291004
443	0.442	0.9627244967382	40.0042046920686
444	0.443	0.915844211427949	40.9434890461516
445	0.444	0.868963926135473	41.8358931149333
446	0.445	0.775203355603748	42.657976755803
447	0.446	0.743949832108917	43.4175533496593
448	0.447	0.618935738208121	44.0989961348178
449	0.448	0.603308976479341	44.7101184921615
450	0.449	0.54080192958378	45.2821739451931
451	0.45	0.447041359299015	45.7760955896345
452	0.451	0.35328078908437	46.1762566638262
453	0.452	0.290773742313465	46.4982839295251
454	0.453	0.243893457255646	46.7656175293097
455	0.454	0.165759648864654	46.9704440823698
456	0.455	0.0876258405219479	47.0971368270631
457	0.456	-0.0530150143736058	47.1144422401373
458	0.457	-0.0842685376625997	47.0458004641192
459	0.458	-0.146775584217592	46.9302784031791
460	0.459	-0.31866996208615	46.6975556300272
461	0.46	-0.443684054936746	46.3163786215158
462	0.461	-0.537444624495034	45.8258142817999
463	0.462	-0.599951670829402	45.2571161341377
464	0.463	-0.678085478704913	44.6180975593705
465	0.464	-0.756219286533363	43.9009451767514
466	0.465	-0.881233378961281	43.082218844004
467	0.466	-0.974993948203628	42.1541051804216
468	0.467	-1.08438127890151	41.124417566869
469	0.468	-1.11563480194131	40.0244095264476
470	0.469	-1.16251508648708	38.8853345822334
471	0.47	-1.31878270151925	37.6446856882303
472	0.471	-1.36566298599288	36.3024628444742
473	0.472	-1.42817003193192	34.9055463355118
474	0.473	-1.44379679341208	33.4695629228398
475	0.474	-1.50630383931436	31.9945126064766
476	0.475	-1.52193060078534	30.4803953864267
477	0.476	-1.58443764665095	28.9272112627086
478	0.477	-1.63131793103093	27.3193334738676
479	0.478	-1.60006440811277	25.7036423042958
480	0.479	-1.61569116957276	24.095764515453
481	0.48	-1.61569116957276	22.4800733458802
482	0.481	-1.56881088518729	20.8878223185002
483	0.482	-1.58443764665095	19.3111980525811
484	0.483	-1.58443764665095	17.7267604059302
485	0.484	-1.45942355489041	16.2048298051595
486	0.485	-1.49067707784155	14.7297794887935
487	0.486	-1.44379679341208	13.2625425531667
488	0.487	-1.35003622450351	11.8656260442089
489	0.488	-1.27190241702901	10.5546567234426
490	0.489	-1.19376860950832	9.32182121017396
491	0.49	-1.16251508648708	8.14367936217627
492	0.491	-1.06875451737883	7.02804456024331
493	0.492	-1.00624747126948	5.99054356591916
494	0.493	-0.959367186667905	5.00773623695047
495	0.494	-0.896860140506343	4.07962257336334
496	0.495	-0.803099571207891	3.22964271750623
497	0.496	-0.803099571207891	2.42654314629834
498	0.497	-0.693712240274364	1.67813724055721
499	0.498	-0.599951670829402	1.03130528500533
500	0.499	-0.55307138608146	0.454793756549895
501	0.5	-0.428057293337067	-0.0357705831593678
502	0.501	-0.412430531735491	-0.456014495695647
503	0.502	-0.349923485310201	-0.837191504218492
504	0.503	-0.22490939236829	-1.12460794305774
505	0.504	-0.146775584217592	-1.31045043135068
506	0.505	-0.0373882527262313	-1.40253234982259
507	0.506	0.040745555539454	-1.40085369841598
508	0.507	0.150132887192254	-1.30541447705012
509	0.508	0.212639933893448	-1.12402806650727
510	0.509	0.337654027388733	-0.848881085866183
511	0.51	0.415787835886352	-0.47216015422864
512	0.511	0.509548406147722	-0.0094920332116029
513	0.512	0.591863594494376	-0.0094920332116029
514	0.513	0.701250926650705	0.637065227360938
515	0.514	0.810638258903274	1.39300982013793
516	0.515	0.888772067714204	2.24271498344667
517	0.516	0.966905876574509	3.17055395559102
518	0.517	1.0762932090621	4.19215349840933
519	0.518	1.15442701804137	5.30751361196106
520	0.519	1.185680541647	6.47756739180525
521	0.52	1.31069463614929	7.72575498070339
522	0.521	1.32632139797107	9.04426299776357
523	0.522	1.42008196894376	10.417464681221
524	0.523	1.45133549261736	11.8531734120015
525	0.524	1.51384253998866	13.3357624283046
526	0.525	1.51384253998866	14.8496049682932
527	0.526	1.54509606368637	16.3790742701307
528	0.527	1.56072282553825	17.931983714743
529	0.528	1.57634958739214	19.5005199212082
530	0.529	1.54509606368637	21.0612427467475
531	0.53	1.56072282553825	22.6141521913598
532	0.531	1.52946930183651	24.1592482550472
533	0.532	1.54509606368637	25.6965309378086
534	0.533	1.49821577814282	27.2181868587232
535	0.534	1.40445520710997	28.6695223513496
536	0.535	1.40445520710997	30.0739775584596
537	0.536	1.32632139797107	31.4393658610001
538	0.537	1.24818758888218	32.7266203544267
539	0.538	1.2169340652606	33.9591811814981
540	0.539	1.13880025624154	35.1370483422492
541	0.54	1.0762932090621	36.244595074901
542	0.541	0.998159400132481	37.2818213794983
543	0.542	0.904398829482312	38.2331004943057
544	0.543	0.888772067714204	39.1296859429039
545	0.544	0.826265020661515	39.9872044870918
546	0.545	0.779384735392701	40.7900293651189
547	0.546	0.669997403167661	41.5147204343991
548	0.547	0.62311711795781	42.1612776949618
549	0.548	0.591863594494376	42.7687680511879
550	0.549	0.498103024151029	43.3137513605106
551	0.55	0.451222739005724	43.788414242089
552	0.551	0.388715692172607	44.2083834576782
553	0.552	0.294955121981292	44.5502188647551
554	0.553	0.248074836911843	44.8217338442017
555	0.554	0.154314266825241	45.0229283960702
556	0.555	0.0449269351454458	45.1225489970556
557	0.556	0.0136734118257089	45.1518491705411
558	0.557	-0.142594204657671	45.0873887741252
559	0.558	-0.20510125119735	44.9135410461977
560	0.559	-0.298861820949542	44.6615595101242
561	0.56	-0.439502675449236	44.2923772619248
562	0.561	-0.533263245030255	43.8059943016851
563	0.562	-0.64265057612202	43.2180373911089
564	0.563	-0.720784383988109	42.5363199110539
565	0.564	-0.767664668685178	41.7920953847172
566	0.565	-0.908305522675026	40.9541102890371
567	0.566	-1.00206609191737	39.9989244817409
568	0.567	-1.09582666109257	38.949978105236
569	0.568	-1.14270694565505	37.8307113018622
570	0.569	-1.25209427623589	36.6333106909167
571	0.57	-1.29897456074276	35.3577762724274
572	0.571	-1.40836189119414	34.0041080464589
573	0.572	-1.45524217564567	32.572306013039
574	0.573	-1.50212246008064	31.0936236951758
575	0.574	-1.54900274449909	29.568061092886
576	0.575	-1.54900274449909	28.0190583483869
577	0.576	-1.62713655182651	26.4309887002241
578	0.577	-1.65839007474468	24.7882253869385
579	0.578	-1.61150979036469	23.1532754543838
580	0.579	-1.67401683620102	21.510512141101
581	0.58	-1.61150979036469	19.8677488278181
582	0.581	-1.61150979036469	18.2562390374534
583	0.582	-1.58025626743555	16.6603560085533
584	0.583	-1.51774922155529	15.1113532640579
585	0.584	-1.50212246008064	13.6014174232399
586	0.585	-1.47086893712583	12.1149217246367
587	0.586	-1.36148160672605	10.6987464527107
588	0.587	-1.34585484523299	9.34507822673121
589	0.588	-1.25209427623589	8.04610366599677
590	0.589	-1.2364675147299	6.80182277051387
591	0.59	-1.15833370717217	5.60442215956284
592	0.591	-1.11145342261526	4.46952859466913
593	0.592	-1.08019989956803	3.37370193357748
594	0.593	-0.923932284220088	2.37163584168343
595	0.594	-0.955185807304605	1.43207679592108
596	0.595	-0.861425238028611	0.523771273254472
597	0.596	-0.736411145555679	-0.275146918537674
598	0.597	-0.720784383988109	-1.00374468330957
599	0.598	-0.64265057612202	-1.68546216336463
600	0.599	-0.611397052962388	-2.31248597790684
601	0.6	-0.533263245030255	-2.88481612690316
602	0.601	-0.423875913845763	-3.36338570634117
603	0.602	-0.361368867412872	-3.75600809697048
604	0.603	-0.251981536082035	-4.06268329871794
605	0.604	-0.1894744895653	-4.2834113115416
606	0.605	-0.0957139197328069	-4.42600551619066
607	0.606	-0.0175801114863314	-4.48265253180023
608	0.607	0.138687505150909	-4.42209883496794
609	0.608	0.154314266825241	-4.27559794897986
610	0.609	0.26370159859972	-4.06659001626738
611	0.61	0.373088930469195	-3.74819475173292
612	0.611	0.544983309313905	-3.28915863184137
613	0.612	0.576236832765596	-2.72854856080162
614	0.613	0.716877688395172	-2.08199130022124
615	0.614	0.779384735392701	-1.3338600883273
616	0.615	0.904398829482312	-0.491968305889796
617	0.616	0.982532638352505	0.451497428027612
618	0.617	1.06066644727221	1.47309697083997
619	0.618	1.15442701804137	2.58064370349676
620	0.619	1.2013073034528	3.75851086424384
621	0.62	1.31069463614929	5.01451183404489
622	0.621	1.3732016834484	6.35645999384374
623	0.622	1.42008196894376	7.75310182003982
624	0.623	1.48258901629899	9.20443731266119
625	0.624	1.43570873077955	10.6635861862005
626	0.625	1.49821577814282	12.1305484406617
627	0.626	1.54509606368637	13.6522043615762
628	0.627	1.51384253998866	15.1816736634138
629	0.628	1.56072282553825	16.7189563461772
630	0.629	1.54509606368637	18.2718657907895
631	0.63	1.52946930183651	19.809148473551
632	0.631	1.51384253998866	21.3308043944635
633	0.632	1.46696225445717	22.8212067916865
634	0.633	1.45133549261736	24.2803556652237
635	0.634	1.42008196894376	25.7160643960043
636	0.635	1.40445520710997	27.1283329840311
637	0.636	1.32632139797107	28.4937212865717
638	0.637	1.23256082707039	29.7731623990924
639	0.638	1.24818758888218	31.0135366070687
640	0.639	1.1231734944437	32.1992171487316
641	0.64	1.06066644727221	33.2911371195896
642	0.641	1.0450396854843	34.3439901859678
643	0.642	0.951279114798492	35.3421495861092
644	0.643	0.873145305948072	36.2543617964825
645	0.644	0.841891782421728	37.1118803406674
646	0.645	0.779384735392701	37.9225185995746
647	0.646	0.732504450141605	38.6784631923418
648	0.647	0.638743879692467	39.3640873572588
649	0.648	0.591863594494376	39.9793910943522
650	0.649	0.529356547590993	40.5400011653949
651	0.65	0.435595977294523	41.0224774278377
652	0.651	0.357462168767728	41.4190065008688
653	0.652	0.279328360289536	41.7374017653974
654	0.653	0.232448075225904	41.9932899831551
655	0.654	0.154314266825241	42.1866711541807
656	0.655	0.0449269351454458	42.2862917551661
657	0.656	-0.0332068731394675	42.2921517861691
658	0.657	-0.142594204657671	42.2042512472705
659	0.658	-0.20510125119735	42.030403519343
660	0.659	-0.361368867412872	41.7471684600379
661	0.66	-0.423875913845763	41.3545460694086
662	0.661	-0.533263245030255	40.8759764899705
663	0.662	-0.64265057612202	40.2880195793944
664	0.663	-0.720784383988109	39.6063020993393
665	0.664	-0.798918191807161	38.8464508114417
666	0.665	-0.970812568844061	37.9615854311161
667	0.666	-1.00206609191737	36.9751461007354
668	0.667	-1.12708018413609	35.9105729627087
669	0.668	-1.18958723020082	34.7522392555402
670	0.669	-1.25209427623589	33.5313985023218
671	0.67	-1.31460132224135	32.2480507030832
672	0.671	-1.37710836821725	30.9021958578539
673	0.672	-1.43961541416367	29.4938339666635
674	0.673	-1.45524217564567	28.0464051717588
675	0.674	-1.47086893712583	26.583349615373
676	0.675	-1.58025626743555	25.0577870130924
677	0.676	-1.56462950596824	23.4853441263905
678	0.677	-1.64276331328651	21.8816477167631
679	0.678	-1.61150979036469	20.2545111649375
680	0.679	-1.58025626743555	18.6586281360374
681	0.68	-1.59588302890104	17.0705584878691
682	0.681	-1.54900274449909	15.498115601169
683	0.682	-1.61150979036469	13.9178593337371
684	0.683	-1.53337598302811	12.3454164470407
685	0.684	-1.47086893712583	10.8432939869637
686	0.685	-1.47086893712583	9.37242504983791
687	0.686	-1.39273512970662	7.94062301642169
688	0.687	-1.34585484523299	6.57132802895188
689	0.688	-1.28334779924232	5.25672670671423
690	0.689	-1.22084075322206	4.00463243048204
691	0.69	-1.15833370717217	2.81504520028492
692	0.691	-1.11145342261526	1.68015163539121
693	0.692	-1.00206609191737	0.623391878124897
694	0.693	-0.939559045763281	-0.34742069071543
695	0.694	-0.955185807304605	-1.29479311724937
696	0.695	-0.845798476476061	-2.19528525913971
697	0.696	-0.798918191807161	-3.01764359328132
698	0.697	-0.736411145555679	-3.78530826196274
699	0.698	-0.64265057612202	-4.47483912280159
700	0.699	-0.517636483438155	-5.05498265258167
701	0.7	-0.486382960248274	-5.55699237442489
702	0.701	-0.423875913845763	-6.01212181147191
703	0.702	-0.330115344185015	-6.3891174404873
704	0.703	-0.251981536082035	-6.68016588062082
705	0.704	-0.20510125119735	-6.90870727426051
706	0.705	-0.126967443017966	-7.07474162136817
707	0.706	0.0136734118257089	-7.1313886369643
708	0.707	0.123060743478509	-7.06302155931219
709	0.708	0.185567790179703	-6.90870729248309
710	0.709	0.279328360289536	-6.67625921724847
711	0.71	0.388715692172607	-6.3422371910174
712	0.711	0.544983309313905	-5.87538769027414
713	0.712	0.62311711795781	-5.29133747663828
714	0.713	0.748131211890003	-4.60571331171437
715	0.714	0.810638258903274	-3.82632857631774
716	0.715	0.920025591252395	-2.9609966512399
717	0.716	1.01378616191444	-1.99409077465648
718	0.717	1.06066644727221	-0.95686447006316
719	0.718	1.2013073034528	0.174122405299346
720	0.719	1.2169340652606	1.38324308965605
721	0.72	1.27944111251174	2.63143067854222
722	0.721	1.3732016834484	3.95775207652229
723	0.722	1.40445520710997	5.34658052180148
724	0.723	1.48258901629899	6.79010263350595
725	0.724	1.52946930183651	8.2961317925737
726	0.725	1.51384253998866	9.81778771348629
727	0.726	1.59197634924804	11.3706971581046
728	0.727	1.54509606368637	12.9392333645718
729	0.728	1.56072282553825	14.4921428091842
730	0.729	1.52946930183651	16.0372388728715
731	0.73	1.49821577814282	17.5510814128612
732	0.731	1.52946930183651	19.0649239528509
733	0.732	1.46696225445717	20.5631397309977
734	0.733	1.42008196894376	22.0066618426982
735	0.734	1.40445520710997	23.418930430725
736	0.735	1.3732016834484	24.8077588760042
737	0.736	1.34194815979484	26.1653337976258
738	0.737	1.24818758888218	27.4604016719643
739	0.738	1.17005377984319	28.669522356327
740	0.739	1.13880025624154	29.8239493743694
741	0.74	0.998159400132481	30.8924292025564
742	0.741	1.02941292369838	31.9062153644718
743	0.742	0.935652353024455	32.8887480028332
744	0.743	0.888772067714204	33.8009602132026
745	0.744	0.810638258903274	34.6506653765113
746	0.745	0.716877688395172	35.4144233501605
747	0.746	0.716877688395172	36.1313010385557
748	0.747	0.654370641429083	36.8169252034678
749	0.748	0.607490356225114	37.4478557022949
750	0.749	0.513729785870034	38.0084657733425
751	0.75	0.388715692172607	38.4596885123638
752	0.751	0.404342453877965	38.8562175853891
753	0.752	0.310581883674988	39.2136797541656
754	0.753	0.216821313541901	39.477381352774
755	0.754	0.154314266825241	39.6629491429576
756	0.755	0.0605536968082028	39.7703831247743
757	0.756	-0.0175801114863314	39.7918699174353
758	0.757	-0.111340681376345	39.7274095210039
759	0.758	-0.1894744895653	39.5770019355331
760	0.759	-0.330115344185015	39.3172070186579
761	0.76	-0.40824915224039	38.9480247704452
762	0.761	-0.455129437050812	38.5163354757996
763	0.762	-0.580143529795205	37.9986989923766
764	0.763	-0.752037907121368	37.3326082739183
765	0.764	-0.783291430247108	36.5649436052341
766	0.765	-0.923932284220088	35.7113317480005
767	0.766	-0.98643933038165	34.7561459406996
768	0.767	-1.08019989956803	33.7228263257248
769	0.768	-1.17396046868742	32.5957461415971
770	0.769	-1.26772103774003	31.3749053883833
771	0.77	-1.37710836821725	30.0524906854047
772	0.771	-1.39273512970662	28.6675689364427
773	0.772	-1.45524217564567	27.2435802837666
774	0.773	-1.51774922155529	25.7570845851661
775	0.774	-1.51774922155529	24.2393353636108
776	0.775	-1.59588302890104	22.6825192383827
777	0.776	-1.61150979036469	21.0788228287498
778	0.777	-1.62713655182651	19.4594996576542
779	0.778	-1.58025626743555	17.8558032480232
780	0.779	-1.56462950596824	16.2833603613213
781	0.78	-1.62713655182651	14.6874773324239
782	0.781	-1.61150979036469	13.0681541613283
783	0.782	-1.58025626743555	11.4722711324282
784	0.783	-1.54900274449909	9.90764162646084
785	0.784	-1.47086893712583	8.39770578564838
786	0.785	-1.50212246008064	6.91121008704515
787	0.786	-1.40836189119414	5.45596791140775
788	0.787	-1.33022808373809	4.08667292394164
789	0.788	-1.33022808373809	2.75644484020354
790	0.789	-1.18958723020082	1.49653718323408
791	0.79	-1.22084075322206	0.291323191522642
792	0.791	-1.01769285345123	-0.827943611814004
793	0.792	-1.01769285345123	-1.84563646526523
794	0.793	-0.98643933038165	-2.84770255718167
795	0.794	-0.892678761128093	-3.78726160293655
796	0.795	-0.830171714921637	-4.64868684096141
797	0.796	-0.736411145555679	-5.43197827120007
798	0.797	-0.689530860847324	-6.14494927440157
799	0.798	-0.673904099274108	-6.82666675446229
800	0.799	-0.580143529795205	-7.45369056899694
801	0.8	-0.439502675449236	-7.96351367161916
802	0.801	-0.40824915224039	-8.38738958546397
803	0.802	-0.345742105799895	-8.76438521448412
804	0.803	-0.298861820949542	-9.08668717785884
805	0.804	-0.126967443017966	-9.29960180984259
806	0.805	-0.111340681376345	-9.41875587203974
807	0.806	-0.00195334983127287	-9.47540288764355
808	0.807	0.123060743478509	-9.41484919081994
809	0.808	0.185567790179703	-9.26053492399083
810	0.809	0.326208645370625	-9.00464670621566
811	0.81	0.357462168767728	-8.66281129914649
812	0.811	0.513729785870034	-8.22721532182761
813	0.812	0.638743879692467	-7.65097848904636
814	0.813	0.716877688395172	-6.97316770500254
815	0.814	0.841891782421728	-6.19378296959409
816	0.815	0.920025591252395	-5.31282428275702
817	0.816	0.998159400132481	-4.35373178706459
818	0.817	1.0762932090621	-3.3165054824673
819	0.818	1.15442701804137	-2.20114536891556
820	0.819	1.26381435069596	-0.992024684546897
821	0.82	1.29506787432952	0.287416427965844
822	0.821	1.34194815979484	1.60592444502803
823	0.822	1.38882844527818	2.97131274756454
824	0.823	1.45133549261736	4.39139471651231
825	0.824	1.46696225445717	5.85054359004957
826	0.825	1.51384253998866	7.34094598727248
827	0.826	1.54509606368637	8.87041528911
828	0.827	1.54509606368637	10.4155113527964
829	0.828	1.52946930183651	11.9527940355578
830	0.829	1.54509606368637	13.4900767183193
831	0.83	1.52946930183651	15.0273594010807
832	0.831	1.51384253998866	16.5490153219933
833	0.832	1.49821577814282	18.055044481059
834	0.833	1.43570873077955	19.5220067355202
835	0.834	1.38882844527818	20.9342753235491
836	0.835	1.32632139797107	22.2918502451737
837	0.836	1.27944111251174	23.5947315004151
838	0.837	1.23256082707039	24.8507324702062
839	0.838	1.2013073034528	26.0676665354678
840	0.839	1.15442701804137	27.2455336962148
841	0.84	1.02941292369838	28.3374536670847
842	0.841	0.982532638352505	29.3434264481102
843	0.842	0.920025591252395	30.2947055629126
844	0.843	0.873145305948072	31.1912910115128
845	0.844	0.810638258903274	32.0331827939385
846	0.845	0.748131211890003	32.8125675293352
847	0.846	0.732504450141605	33.552885360351
848	0.847	0.685624164908201	34.2619496678759
849	0.848	0.513729785870034	34.861626643265
850	0.849	0.560610071038773	35.3987965717194
851	0.85	0.404342453877965	35.8812728341778
852	0.851	0.357462168767728	36.2621751455006
853	0.852	0.294955121981292	36.5883837908751
854	0.853	0.216821313541901	36.8442720086367
855	0.854	0.169941028501505	37.0376531796584
856	0.855	0.0293001734846148	37.1372737806515
857	0.856	-0.0332068731394675	37.1353204308241
858	0.857	-0.126967443017966	37.0552332727453
859	0.858	-0.236354774455717	36.8735721640085
860	0.859	-0.298861820949542	36.6059638663059
861	0.86	-0.361368867412872	36.2758485221247
862	0.861	-0.502009721844161	35.8441592274961
863	0.862	-0.595770291379741	35.2952692208842
864	0.863	-0.689530860847324	34.6526186447707
865	0.864	-0.783291430247108	33.9162074992234
866	0.865	-0.908305522675026	33.0704090227624
867	0.866	-1.00206609191737	32.1152232154662
868	0.867	-1.06457313804162	31.0819036004867
869	0.868	-1.18958723020082	29.9548234163655
870	0.869	-1.2364675147299	28.7417960439001
871	0.87	-1.34585484523299	27.4506348639186
872	0.871	-1.34585484523299	26.1047800186857
873	0.872	-1.47086893712583	24.6964181275062
874	0.873	-1.50212246008064	23.209922428903
875	0.874	-1.54900274449909	21.6843598266131
876	0.875	-1.58025626743555	20.1197303206458
877	0.876	-1.65839007474468	18.5004071495557
878	0.877	-1.62713655182651	16.8576438362701
879	0.878	-1.64276331328651	15.2226939037136
880	0.879	-1.67401683620102	13.5643038289698
881	0.88	-1.59588302890104	11.9293538964188
882	0.881	-1.62713655182651	10.317844106055
883	0.882	-1.59588302890104	8.70633431569125
884	0.883	-1.54900274449909	7.13389142899119
885	0.884	-1.50212246008064	5.60832882670132
886	0.885	-1.47086893712583	4.12183312809809
887	0.886	-1.47086893712583	2.65096419097226
888	0.887	-1.37710836821725	1.22697553830072
889	0.888	-1.31460132224135	-0.118879306928586
890	0.889	-1.25209427623589	-1.40222710616721
891	0.89	-1.22084075322206	-2.63869462089618
892	0.891	-1.11145342261526	-3.80484170881484
893	0.892	-1.03331961498322	-4.87722822761408
894	0.893	-0.908305522675026	-5.84804079644321
895	0.894	-0.908305522675026	-6.75634631911823
896	0.895	-0.845798476476061	-7.63339831869378
897	0.896	-0.783291430247108	-8.44794327205536
898	0.897	-0.736411145555679	-9.20779455995676
899	0.898	-0.627023814543147	-9.88951204000617
900	0.899	-0.595770291379741	-10.5009090929676
901	0.9	-0.502009721844161	-11.0497990995796
902	0.901	-0.40824915224039	-11.5049285366218
903	0.902	-0.345742105799895	-11.881924165642
904	0.903	-0.251981536082035	-12.1807859865829
905	0.904	-0.158220966295461	-12.3858872377717
906	0.905	-0.111340681376345	-12.5206680616076
907	0.906	-0.0175801114863314	-12.5851284580389
908	0.907	0.123060743478509	-12.5323881420428
909	0.908	0.185567790179703	-12.3780738752137
910	0.909	0.310581883674988	-12.1299990382864
911	0.91	0.404342453877965	-11.7725368695099
912	0.911	0.513729785870034	-11.3135007496359
913	0.912	0.669997403167661	-10.7216371551171
914	0.913	0.716877688395172	-10.0281996093357
915	0.914	0.795011497147003	-9.27225501656457
916	0.915	0.904398829482312	-8.42254985324991
917	0.916	0.982532638352505	-7.4790841193325
918	0.917	1.06066644727221	-6.45748457652014
919	0.918	1.17005377984319	-5.34212446296244
920	0.919	1.26381435069596	-4.12519039769287
921	0.92	1.34194815979484	-2.82230914244747
922	0.921	1.34194815979484	-1.48036098265262
923	0.922	1.43570873077955	-0.0915325373654216
924	0.923	1.45133549261736	1.35198957433304
925	0.924	1.51384253998866	2.83457859063604
926	0.925	1.49821577814282	4.34060774970178
927	0.926	1.54509606368637	5.86226367061638
928	0.927	1.54509606368637	7.40735973430275
929	0.928	1.57634958739214	8.968082559842
930	0.929	1.59197634924804	10.5522455281621
931	0.93	1.54509606368637	12.1207817346293
932	0.931	1.54509606368637	13.6658777983157
933	0.932	1.48258901629899	15.1797203383083
934	0.933	1.46696225445717	16.6544959736864
935	0.934	1.42008196894376	18.0980180853869
936	0.935	1.3732016834484	19.494659911583
937	0.936	1.29506787432952	20.8287946904719
938	0.937	1.27944111251174	22.1160491838926
939	0.938	1.24818758888218	23.3798635345895
940	0.939	1.17005377984319	24.5889842189522
941	0.94	1.06066644727221	25.7043443325099
942	0.941	1.01378616191444	26.7415706371032
943	0.942	0.982532638352505	27.7397300372367
944	0.943	0.888772067714204	28.6753823902701
945	0.944	0.873145305948072	29.5563410771012
946	0.945	0.748131211890003	30.3669793360202
947	0.946	0.701250926650705	31.0916704052906
948	0.947	0.654370641429083	31.7694811893305
949	0.948	0.591863594494376	32.3925983072922
950	0.949	0.529356547590993	32.9532083783349
951	0.95	0.451222739005724	33.4434980216332
952	0.951	0.373088930469195	33.8556538563707
953	0.952	0.357462168767728	34.2209294059892
954	0.953	0.232448075225904	34.515884527986
955	0.954	0.138687505150909	34.7014523181744
956	0.955	0.0918072201394983	34.8166996808196
957	0.956	-0.00195334983127287	34.8616266159737
958	0.957	-0.080087158087351	34.8206063620144
959	0.958	-0.173847727931337	34.693638919005
960	0.959	-0.345742105799895	34.4338440021394
961	0.96	-0.40824915224039	34.0568483731193
962	0.961	-0.548890006620463	33.5782787936889
963	0.962	-0.611397052962388	32.9981352638974
964	0.963	-0.689530860847324	32.3476713069926
965	0.964	-0.830171714921637	31.5878200191081
966	0.965	-0.923932284220088	30.7107680195372
967	0.966	-1.01769285345123	29.7399554507016
968	0.967	-1.03331961498322	28.7144492164843
969	0.968	-1.20521399171237	27.5951824131366
970	0.969	-1.28334779924232	26.3509015176592
971	0.97	-1.33022808373809	25.044113576169
972	0.971	-1.40836189119414	23.6748185887029
973	0.972	-1.37710836821725	22.2820834589972
974	0.973	-1.51774922155529	20.8346546641109
975	0.974	-1.56462950596824	19.2934653003491
976	0.975	-1.53337598302811	17.744462555851
977	0.976	-1.62713655182651	16.1642062884237
978	0.977	-1.64276331328651	14.5292563558672
979	0.978	-1.61150979036469	12.9021198040416
980	0.979	-1.61150979036469	11.2906100136769
981	0.98	-1.64276331328651	9.66347346185126
982	0.981	-1.61150979036469	8.03633691002566
983	0.982	-1.61150979036469	6.42482711966097
984	0.983	-1.53337598302811	4.85238423296457
985	0.984	-1.48649569860415	3.34244839214844
986	0.985	-1.43961541416367	1.87939283576453
987	0.986	-1.42398865267983	0.447590802342782
988	0.987	-1.39273512970662	-0.960771088850441
989	0.988	-1.28334779924232	-2.29881255332491
990	0.989	-1.2364675147299	-3.55872021031102
991	0.99	-1.17396046868742	-4.76393420201968
992	0.991	-1.11145342261526	-5.90664114767102
993	0.992	-0.970812568844061	-6.94777414340068
994	0.993	-0.970812568844061	-7.91858671224474
995	0.994	-0.908305522675026	-8.85814575800429
996	0.995	-0.845798476476061	-9.73519775757983
997	0.996	-0.798918191807161	-10.5575560917214
998	0.997	-0.720784383988109	-11.3174073796191
999	0.998	-0.595770291379741	-11.975684717303
1000	0.999	-0.548890006620463	-12.5480148663031
