No.	时间（s）	Dev1/ai0-1-测振（mm/s）	VH01-V1-Dev1/ai0一次积分（μm）
1	0	0.367717231069831	0
2	0.001	0.461477801307827	0.414597516188829
3	0.002	0.523984848172137	0.907328840928811
4	0.003	0.680252465469764	1.50944749774976
5	0.004	0.805266559449105	2.2522070102092
6	0.005	0.805266559449105	3.0574735696583
7	0.006	0.977160938876611	3.94868731882116
8	0.007	1.00841446243458	4.94147501947676
9	0.008	1.1334285567458	6.01239652906695
10	0.009	1.21156236575491	7.1848919903173
11	0.01	1.25844265118428	8.4198944987869
12	0.011	1.36782998392272	9.7330308163404
13	0.012	1.44596379308166	11.1399277048426
14	0.013	1.46159055491946	12.5937048788431
15	0.014	1.55535112598847	14.1021757192971
16	0.015	1.50847084044492	15.6340867025138
17	0.016	1.53972436413861	17.1581843048056
18	0.017	1.60223141155014	18.72916219265
19	0.018	1.53972436413861	20.3001400804943
20	0.019	1.57097788784035	21.8554912064838
21	0.02	1.53972436413861	23.4108423324733
22	0.021	1.53972436413861	24.9505666966119
23	0.022	1.53972436413861	26.4902910607505
24	0.023	1.49284407860109	28.0065752821204
25	0.024	1.49284407860109	29.4994193607215
26	0.025	1.43033703124586	30.9610099156449
27	0.026	1.3834567457505	32.3679068041431
28	0.027	1.35220322209695	33.7357367880669
29	0.028	1.2428158893725	35.0332463438016
30	0.029	1.21156236575491	36.2604354713653
31	0.03	1.07092150957431	37.4016774090299
32	0.031	1.0865482713642	38.4804122994991
33	0.032	1.00841446243458	39.5278936663985
34	0.033	0.930280653554498	40.4972412243931
35	0.034	0.899027130016307	41.4118951161785
36	0.035	0.805266559449105	42.2640419609112
37	0.036	0.680252465469764	43.0068014733706
38	0.037	0.680252465469764	43.6870539388404
39	0.038	0.586491895067699	44.3204261191091
40	0.039	0.570865133340875	44.8991046333134
41	0.04	0.492731324736079	45.4309028623519
42	0.041	0.430224277887373	45.8923806636636
43	0.042	0.336463707672728	46.2757246564437
44	0.043	0.305210184283395	46.5965616024217
45	0.044	0.227076375844004	46.8627048824854
46	0.045	0.0864355207749894	47.0194608307949
47	0.046	0.0395552357867175	47.0824562090758
48	0.047	-0.0698320957852483	47.0673177790765
49	0.048	-0.163592665629234	46.9506053983693
50	0.049	-0.226099712153614	46.7557592094778
51	0.05	-0.304233520266129	46.490592593268
52	0.051	-0.460501136348388	46.1082252649607
53	0.052	-0.507381421136052	45.6242839862185
54	0.053	-0.726156083253576	45.0075152340237
55	0.054	-0.741782844819265	44.2735457699873
56	0.055	-0.835543414173958	43.4848826404906
57	0.056	-0.976184268079547	42.5790187993639
58	0.057	-1.03869131421125	41.5715810082185
59	0.058	-1.17933216789872	40.4625692671635
60	0.059	-1.21058569091996	39.2676103377542
61	0.06	-1.28871949844065	38.0179577430739
62	0.061	-1.38248006740452	36.6823579601513
63	0.062	-1.39810682889204	35.292064512003
64	0.063	-1.52312092072601	33.831450637194
65	0.064	-1.49186739777854	32.3239564779417
66	0.065	-1.60125472806259	30.7773954150211
67	0.066	-1.58562796659894	29.1839540676904
68	0.067	-1.58562796659894	27.5983261010914
69	0.068	-1.67938853535343	25.9658178501153
70	0.069	-1.63250825098441	24.3098694569463
71	0.07	-1.64813501244257	22.6695478252329
72	0.071	-1.63250825098441	21.0292261935194
73	0.072	-1.58562796659894	19.4201580847277
74	0.073	-1.60125472806259	17.8267167373969
75	0.074	-1.52312092072601	16.2645289130026
76	0.075	-1.53874768219699	14.7335946115411
77	0.076	-1.46061387482373	13.2339138330308
78	0.077	-1.36685330591515	11.8201802426613
79	0.078	-1.38248006740452	10.4455135560015
80	0.079	-1.30434625993925	9.10210039232962
81	0.08	-1.19495892941027	7.85244779765487
82	0.081	-1.19495892941027	6.6574888682446
83	0.082	-1.05431807573952	5.53285036566971
84	0.083	-1.05431807573952	4.47853228993019
85	0.084	-0.944930745002502	3.47890787955918
86	0.085	-0.898050460372923	2.55741727687147
87	0.086	-0.804289891063234	1.70624710115339
88	0.087	-0.773036367945006	0.91758397164927
89	0.088	-0.694902560116555	0.183614507618489
90	0.089	-0.601141990660285	-0.464407767769931
91	0.09	-0.554261705906677	-1.04210961605341
92	0.091	-0.476127897946171	-1.55730441797984
93	0.092	-0.351113805110769	-1.97092526950831
94	0.093	-0.28860675864744	-2.29078555138741
95	0.094	-0.163592665629234	-2.51688526352575
96	0.095	-0.132339142355568	-2.66485116751815
97	0.096	-0.0698320957852483	-2.76593678658856
98	0.097	0.0239284741278116	-2.78888859741728
99	0.098	0.180196090803608	-2.68682631495157
100	0.099	0.258329899213946	-2.46756331994279
101	0.1	0.320836945977091	-2.17797989734727
102	0.101	0.383343992771298	-1.82588942797308
103	0.102	0.570865133340875	-1.34878486491699
104	0.103	0.617745418527217	-0.754479588982944
105	0.104	0.758386274192106	-0.0664137426232828
106	0.105	0.836520082963618	0.731039435954579
107	0.106	0.914653891784414	1.6066264233286
108	0.107	1.00841446243458	2.56816060043809
109	0.108	1.10217503315608	3.62345534823343
110	0.109	1.1959356039491	4.77251066678602
111	0.11	1.27406941299807	6.0075131752596
112	0.111	1.30532293663162	7.29720935007445
113	0.112	1.43033703124586	8.66503933401319
114	0.113	1.46159055491946	10.1110031270958
115	0.114	1.50847084044492	11.596033824778
116	0.115	1.55535112598847	13.1279448079947
117	0.116	1.52409760229076	14.6676691721343
118	0.117	1.58660464969424	16.2230202981269
119	0.118	1.58660464969424	17.8096249478211
120	0.119	1.60223141155014	19.4040429784433
121	0.12	1.57097788784035	20.9906476281385
122	0.121	1.53972436413861	22.545998754128
123	0.122	1.57097788784035	24.1013498801175
124	0.123	1.49284407860109	25.6332608633382
125	0.124	1.47721731675927	27.1182915610184
126	0.125	1.41471026941207	28.5642553541041
127	0.126	1.36782998392272	29.9555254807715
128	0.127	1.3209496984514	31.2999153219585
129	0.128	1.2428158893725	32.5817981158705
130	0.129	1.1959356039491	33.8011738625313
131	0.13	1.16468208034347	34.9814827046776
132	0.131	1.10217503315608	36.1149112614273
133	0.132	1.02404122421654	37.1780193901136
134	0.133	0.977160938876611	38.1786204716602
135	0.134	0.899027130016307	39.1167145061067
136	0.135	0.836520082963618	39.9844881125966
137	0.136	0.695879227210304	40.7506877676836
138	0.137	0.695879227210304	41.4465669948939
139	0.138	0.617745418527217	42.1033793177627
140	0.139	0.555238371616008	42.6898712128343
141	0.14	0.477104563020978	43.2060426801528
142	0.141	0.352090469370308	43.6206401963484
143	0.142	0.336463707672728	43.9649172848699
144	0.143	0.242703137528006	44.2545007074703
145	0.144	0.211449614161937	44.4815770833153
146	0.145	0.180196090803608	44.6773999357981
147	0.146	0.0395552357867175	44.7872755990932
148	0.147	-0.00732504918422867	44.8033906923945
149	0.148	-0.179219427263197	44.7101184541707
150	0.149	-0.257353235404343	44.491832122837
151	0.15	-0.366740566721843	44.1797852217739
152	0.151	-0.429247613147134	43.7817911318394
153	0.152	-0.491754659542059	43.3212899954948
154	0.153	-0.663649036972005	42.7435881472378
155	0.154	-0.741782844819265	42.0408722063421
156	0.155	-0.835543414173958	41.2522090768455
157	0.156	-0.976184268079547	40.3463452357188
158	0.157	-1.03869131421125	39.3389074445734
159	0.158	-1.13245188335295	38.2533358457913
160	0.159	-1.2262124524278	37.0740036779009
161	0.16	-1.28871949844065	35.8165377024667
162	0.161	-1.41373359037772	34.4653111580575
163	0.162	-1.44498711334356	33.0359508061968
164	0.163	-1.52312092072601	31.5518967891621
165	0.164	-1.57000120513345	30.0053357262323
166	0.165	-1.61688148952441	28.4118943789034
167	0.166	-1.58562796659894	26.8106396508417
168	0.167	-1.61688148952441	25.20938492278
169	0.168	-1.63250825098441	23.5846900525256
170	0.169	-1.63250825098441	21.9521818015412
171	0.17	-1.61688148952441	20.3274869312868
172	0.171	-1.60125472806259	18.7184188224933
173	0.172	-1.57000120513345	17.1327908558953
174	0.173	-1.58562796659894	15.5549762700291
175	0.174	-1.53874768219699	13.9927884456311
176	0.175	-1.52312092072601	12.4618541441696
177	0.176	-1.49186739777854	10.9543599849174
178	0.177	-1.36685330591515	9.52499963307053
179	0.178	-1.36685330591515	8.15814632715538
180	0.179	-1.28871949844065	6.83035992497747
181	0.18	-1.24183921393379	5.56508056879025
182	0.181	-1.17933216789872	4.354494877874
183	0.182	-1.10119836031316	3.21422961376806
184	0.183	-1.06994483726592	2.12865801497852
185	0.184	-0.99181102961527	1.09778008153792
186	0.185	-0.913677221917985	0.145035955771296
187	0.186	-0.819916652619534	-0.721760981497464
188	0.187	-0.726156083253576	-1.49479734943402
189	0.188	-0.663649036972005	-2.18969990954681
190	0.189	-0.616768752241045	-2.82990880415333
191	0.19	-0.491754659542059	-3.38417051004489
192	0.191	-0.476127897946171	-3.868111788789
193	0.192	-0.351113805110769	-4.28173264031747
194	0.193	-0.272979997026845	-4.59377954138628
195	0.194	-0.241726473779933	-4.85113277678967
196	0.195	-0.132339142355568	-5.03816558485742
197	0.196	-0.101085619074242	-5.15487796557232
198	0.197	0.102062282441601	-5.15438963388864
199	0.198	0.148942567453012	-5.02888720894134
200	0.199	0.195822852481805	-4.85650449897393
201	0.2	0.39897075447471	-4.55910769549567
202	0.201	0.430224277887373	-4.14451017931463
203	0.202	0.523984848172137	-3.66740561628487
204	0.203	0.633372180259913	-3.08872710206885
205	0.204	0.742759512443707	-2.40066125571704
206	0.205	0.852146844723831	-1.60320807713327
207	0.206	0.930280653554498	-0.711994327994106
208	0.207	1.02404122421654	0.265166610891414
209	0.208	1.11780179494995	1.33608812047466
210	0.209	1.16468208034347	2.47733005812137
211	0.21	1.28969617481384	3.70451918570002
212	0.211	1.28969617481384	4.99421536051387
213	0.212	1.3834567457505	6.33079182079604
214	0.213	1.47721731675927	7.76112885205093
215	0.214	1.49284407860109	9.24615954973111
216	0.215	1.50847084044492	10.7468170092541
217	0.216	1.50847084044492	12.255287849699
218	0.217	1.57097788784035	13.7950122138417
219	0.218	1.57097788784035	15.365990101682
220	0.219	1.57097788784035	16.9369679895224
221	0.22	1.58660464969424	18.5157592582897
222	0.221	1.50847084044492	20.0632970033592
223	0.222	1.53972436413861	21.587394605651
224	0.223	1.47721731675927	23.0958654461
225	0.224	1.44596379308166	24.5574560010204
226	0.225	1.3834567457505	25.9721662704365
227	0.226	1.33657646027317	27.3321828734483
228	0.227	1.3209496984514	28.6609459528106
229	0.228	1.1959356039491	29.9193886040109
230	0.229	1.1959356039491	31.11532420796
231	0.23	1.18030884214529	32.3034464310072
232	0.231	1.03966798600048	33.4134348450801
233	0.232	0.992787700654608	34.4296626884076
234	0.233	0.914653891784414	35.3833834846271
235	0.234	0.867773606486016	36.2745972337623
236	0.235	0.836520082963618	37.1267440784871
237	0.236	0.727132750697275	37.9085704953176
238	0.237	0.711505988952807	38.6278898651426
239	0.238	0.617745418527217	39.2925155688826
240	0.239	0.523984848172137	39.8633807022323
241	0.24	0.461477801307827	40.3561120269723
242	0.241	0.352090469370308	40.7628961623114
243	0.242	0.320836945977091	41.0993598699851
244	0.243	0.242703137528006	41.3811299117376
245	0.244	0.148942567453012	41.5769527642281
246	0.245	0.133315805780611	41.7180819508449
247	0.246	0.0239284741278116	41.7967040907991
248	0.247	-0.0698320957852483	41.7737522799704
249	0.248	-0.147965903993358	41.6648532800811
250	0.249	-0.241726473779933	41.4700070911945
251	0.25	-0.366740566721843	41.1657735709436
252	0.251	-0.476127897946171	40.7443393386096
253	0.252	-0.507381421136052	40.2525846790685
254	0.253	-0.648022275396903	39.674882830802
255	0.254	-0.741782844819265	38.9799802706939
256	0.255	-0.819916652619534	38.1991305219745
257	0.256	-0.976184268079547	37.301080061625
258	0.257	-1.06994483726592	36.2780155089522
259	0.258	-1.11682512183398	35.1846305294023
260	0.259	-1.19495892941027	34.0287385037801
261	0.26	-1.28871949844065	32.7868992898547
262	0.261	-1.36685330591515	31.4591128876768
263	0.262	-1.42936035186156	30.0610060587884
264	0.263	-1.46061387482373	28.6160189454458
265	0.264	-1.53874768219699	27.1163381669354
266	0.265	-1.57000120513345	25.5619637232702
267	0.266	-1.61688148952441	23.9685223759413
268	0.267	-1.58562796659894	22.3672676478796
269	0.268	-1.63250825098441	20.7581995390879
270	0.269	-1.63250825098441	19.1256912881035
271	0.27	-1.60125472806259	17.50880979858
272	0.271	-1.55437444366614	15.9309952127157
273	0.272	-1.57000120513345	14.3688073883159
274	0.273	-1.57000120513345	12.7988061831824
275	0.274	-1.53874768219699	11.2444317395172
276	0.275	-1.49186739777854	9.72912419952943
277	0.276	-1.44498711334356	8.26069694396837
278	0.277	-1.36685330591515	6.85477673433902
279	0.278	-1.30434625993925	5.51917695141182
280	0.279	-1.27309273694022	4.23045745297209
281	0.28	-1.19495892941027	2.99643161979685
282	0.281	-1.19495892941027	1.80147269038658
283	0.282	-1.11682512183398	0.645580664764456
284	0.283	-1.00743779114913	-0.4165507917271
285	0.284	-0.99181102961527	-1.4161752021093
286	0.285	-0.866796937277186	-2.34547918555553
287	0.286	-0.804289891063234	-3.18102259972574
288	0.287	-0.726156083253576	-3.94624558688414
289	0.288	-0.679275798545222	-4.64896152778354
290	0.289	-0.616768752241045	-5.29698380317667
291	0.29	-0.507381421136052	-5.85905888986522
292	0.291	-0.397994089938288	-6.31174664540239
293	0.292	-0.351113805110769	-6.68630059292692
294	0.293	-0.241726473779933	-6.98272073237227
295	0.294	-0.210472950525386	-7.20882044452493
296	0.295	-0.116712380715863	-7.37241311014555
297	0.296	-0.00732504918422867	-7.4344318250956
298	0.297	0.0864355207749894	-7.39487658930022
299	0.298	0.211449614161937	-7.24593402183176
300	0.299	0.227076375844004	-7.02667102682879
301	0.3	0.39897075447471	-6.71364746166943
302	0.301	0.445851039596626	-6.29123656463376
303	0.302	0.555238371616008	-5.79069185902745
304	0.303	0.617745418527217	-5.20419996395583
305	0.304	0.727132750697275	-4.53176087934359
306	0.305	0.883400368250174	-3.72649431986986
307	0.306	0.930280653554498	-2.81965380896753
308	0.307	1.00841446243458	-1.85030625097299
309	0.308	1.11780179494995	-0.787198122280721
310	0.309	1.18030884214529	0.361857196266897
311	0.31	1.28969617481384	1.59685970474646
312	0.311	1.3209496984514	2.90218264137909
313	0.312	1.33657646027317	4.23094572074137
314	0.313	1.46159055491946	5.63002922833769
315	0.314	1.47721731675927	7.09943316417705
316	0.315	1.53972436413861	8.60790400462599
317	0.316	1.50847084044492	10.1320016069178
318	0.317	1.55535112598847	11.6639125901345
319	0.318	1.57097788784035	13.2270770970489
320	0.319	1.60223141155014	14.8136817467441
321	0.32	1.57097788784035	16.4002863964394
322	0.321	1.53972436413861	17.9556375224288
323	0.322	1.50847084044492	19.4797351247206
324	0.323	1.47721731675927	20.9725792033227
325	0.324	1.44596379308166	22.4341697582432
326	0.325	1.46159055491946	23.8879469322437
327	0.326	1.35220322209695	25.2948438207519
328	0.327	1.27406941299807	26.6079801382994
329	0.328	1.2271891275627	27.8586094085798
330	0.329	1.14905531854364	29.046731631633
331	0.33	1.14905531854364	30.1957869501766
332	0.331	1.03966798600048	31.2901486024487
333	0.332	0.992787700654608	32.3063764457762
334	0.333	0.977160938876611	33.2913507655418
335	0.334	0.883400368250174	34.2216314191052
336	0.335	0.758386274192106	35.0425247403264
337	0.336	0.711505988952807	35.7774708718988
338	0.337	0.602118656796479	36.4342831947735
339	0.338	0.555238371616008	37.0129617089797
340	0.339	0.570865133340875	37.5760134614582
341	0.34	0.492731324736079	38.1078116904966
342	0.341	0.383343992771298	38.5458493492503
343	0.342	0.273956660901823	38.8744996760869
344	0.343	0.289583422591639	39.1562697178336
345	0.344	0.164569329127344	39.3833460936931
346	0.345	0.0864355207749894	39.5088485186443
347	0.346	0.0239284741278116	39.5640305160957
348	0.347	-0.0854588574307041	39.5332653244442
349	0.348	-0.194846188895247	39.3931128012812
350	0.349	-0.241726473779933	39.1748264699437
351	0.35	-0.319860281882913	38.8940330921122
352	0.351	-0.460501136348388	38.5038523829966
353	0.352	-0.53863494431836	38.0042843426632
354	0.353	-0.616768752241045	37.4265824943835
355	0.354	-0.710529321686007	36.76293345742
356	0.355	-0.866796937277186	35.9742703279384
357	0.356	-0.898050460372923	35.0918466291133
358	0.357	-1.08557159879047	34.1000355995316
359	0.358	-1.10119836031316	33.0066506199798
360	0.359	-1.21058569091996	31.8507585943633
361	0.36	-1.2262124524278	30.6323595226894
362	0.361	-1.38248006740452	29.3280132627732
363	0.362	-1.49186739777854	27.8908395301817
364	0.363	-1.53874768219699	26.3755319901939
365	0.364	-1.53874768219699	24.836784307997
366	0.365	-1.55437444366614	23.2902232450654
367	0.366	-1.58562796659894	21.7202220399329
368	0.367	-1.60125472806259	20.1267806926021
369	0.368	-1.60125472806259	18.5255259645395
370	0.369	-1.67938853535343	16.8852043328315
371	0.37	-1.64813501244257	15.2214425589335
372	0.371	-1.63250825098441	13.58112092722
373	0.372	-1.58562796659894	11.9720528184283
374	0.373	-1.57000120513345	10.3942382325622
375	0.374	-1.55437444366614	8.83205040816236
376	0.375	-1.44498711334356	7.33236962965751
377	0.376	-1.41373359037772	5.90300927779687
378	0.377	-1.36685330591515	4.51271582965043
379	0.378	-1.31997302143599	3.16930266597486
380	0.379	-1.30434625993925	1.85714302528724
381	0.38	-1.17933216789872	0.615303811368255
382	0.381	-1.14807864487006	-0.548401595016136
383	0.382	-1.08557159879047	-1.6652267168464
384	0.383	-0.99181102961527	-2.70391803104927
385	0.384	-0.929303983461178	-3.6644755375875
386	0.385	-0.866796937277186	-4.56252599795668
387	0.386	-0.788663129505058	-5.3902560313478
388	0.387	-0.741782844819265	-6.15547901850996
389	0.388	-0.663649036972005	-6.8581949594056
390	0.389	-0.616768752241045	-7.49840385401212
391	0.39	-0.53863494431836	-8.07610570229182
392	0.391	-0.429247613147134	-8.56004698102457
393	0.392	-0.382367328331016	-8.96585445176365
394	0.393	-0.241726473779933	-9.27790135281912
395	0.394	-0.241726473779933	-9.51962782659905
396	0.395	-0.147965903993358	-9.7144740154857
397	0.396	-0.0385785724885796	-9.80774625372667
398	0.397	0.00830171247082984	-9.82288468373554
399	0.398	0.180196090803608	-9.72863578209832
400	0.399	0.211449614161937	-9.53281292961555
401	0.4	0.320836945977091	-9.26666964954604
402	0.401	0.461477801307827	-8.87551227590358
403	0.402	0.508358086453132	-8.3905943320231
404	0.403	0.648998941994569	-7.81191581779925
405	0.404	0.742759512443707	-7.11603659058011
406	0.405	0.852146844723831	-6.31858341199634
407	0.406	0.992787700654608	-5.39611613930712
408	0.407	1.07092150957431	-4.36426153419266
409	0.408	1.1334285567458	-3.26208650103261
410	0.409	1.18030884214529	-2.10521780158706
411	0.41	1.30532293663162	-0.862401912198606
412	0.411	1.36782998392272	0.474174548078567
413	0.412	1.39908350758028	1.85763129383007
414	0.413	1.49284407860109	3.30359508692076
415	0.414	1.50847084044492	4.80425254644376
416	0.415	1.50847084044492	6.31272338688869
417	0.416	1.57097788784035	7.85244775103132
418	0.417	1.58660464969424	9.43123901979862
419	0.418	1.57097788784035	11.0100302885659
420	0.419	1.57097788784035	12.5810081764063
421	0.42	1.57097788784035	14.1519860642466
422	0.421	1.57097788784035	15.722963952087
423	0.422	1.50847084044492	17.2626883162296
424	0.423	1.49284407860109	18.7633457757526
425	0.424	1.47721731675927	20.2483764734328
426	0.425	1.3834567457505	21.6787135046877
427	0.426	1.35220322209695	23.0465434886114
428	0.427	1.33657646027317	24.3909333297965
429	0.428	1.2428158893725	25.6806295046193
430	0.429	1.16468208034347	26.8843784894773
431	0.43	1.1334285567458	28.0334338080219
432	0.431	1.0552947477864	29.127795460288
433	0.432	1.00841446243458	30.1596500653985
434	0.433	0.961534177100595	31.1446243851661
435	0.434	0.867773606486016	32.0592782769594
436	0.435	0.820893321205376	32.9036117408051
437	0.436	0.742759512443707	33.6854381576296
438	0.437	0.664625703731186	34.3891307657171
439	0.438	0.648998941994569	35.04594308858
440	0.439	0.570865133340875	35.6558751262477
441	0.44	0.492731324736079	36.1876733552862
442	0.441	0.461477801307827	36.6647779183081
443	0.442	0.289583422591639	37.0403085302578
444	0.443	0.258329899213946	37.3142651911606
445	0.444	0.195822852481805	37.5413415670085
446	0.445	0.102062282441601	37.6902841344702
447	0.446	0.0708087591103055	37.7767196552462
448	0.447	-0.0698320957852483	37.7772079869087
449	0.448	-0.163592665629234	37.6604956062014
450	0.449	-0.241726473779933	37.4578360364969
451	0.45	-0.351113805110769	37.1614158970515
452	0.451	-0.41362085154366	36.7790485687243
453	0.452	-0.554261705906677	36.2951072899991
454	0.453	-0.632395513819917	35.7017786801358
455	0.454	-0.710529321686007	35.0303162623829
456	0.455	-0.851170175726509	34.2494665136766
457	0.456	-0.929303983461178	33.3592294340828
458	0.457	-1.02306455268112	32.3830451660116
459	0.458	-1.13245188335295	31.3052869479946
460	0.459	-1.25746597543793	30.1103280185992
461	0.46	-1.30434625993925	28.8294219009106
462	0.461	-1.33559978293089	27.5094488794755
463	0.462	-1.47624063630205	26.103528669859
464	0.463	-1.46061387482373	24.6351014142961
465	0.464	-1.55437444366614	23.1276072550512
466	0.465	-1.57000120513345	21.5654194306514
467	0.466	-1.58562796659894	19.9876048447852
468	0.467	-1.63250825098441	18.3785367359936
469	0.468	-1.64813501244257	16.7382151042801
470	0.469	-1.60125472806259	15.1135202340275
471	0.47	-1.63250825098441	13.496638744504
472	0.471	-1.60125472806259	11.8797572549805
473	0.472	-1.63250825098441	10.262875765457
474	0.473	-1.55437444366614	8.66943441813172
475	0.474	-1.47624063630205	7.15412687814762
476	0.475	-1.49186739777854	5.67007286110733
477	0.476	-1.39810682889204	4.22508574777204
478	0.477	-1.39810682889204	2.82697891888
479	0.478	-1.33559978293089	1.46012561296853
480	0.479	-1.24183921393379	0.171406114536192
481	0.48	-1.2262124524278	-1.0626197186446
482	0.481	-1.11682512183398	-2.23413850577549
483	0.482	-1.02306455268112	-3.30408334303305
484	0.483	-1.02306455268112	-4.32714789571417
485	0.484	-0.913677221917985	-5.29551878301372
486	0.485	-0.851170175726509	-6.17794248183597
487	0.486	-0.819916652619534	-7.01348589600899
488	0.487	-0.710529321686007	-7.77870888316176
489	0.488	-0.648022275396903	-8.45798468170321
490	0.489	-0.569888467493102	-9.06694005314822
491	0.49	-0.491754659542059	-9.5977616166658
492	0.491	-0.429247613147134	-10.0582627530104
493	0.492	-0.366740566721843	-10.4562568429449
494	0.493	-0.304233520266129	-10.7917438864389
495	0.494	-0.163592665629234	-11.0256569793865
496	0.495	-0.147965903993358	-11.1814362641978
497	0.496	-0.0229518108373648	-11.2668951216132
498	0.497	0.0395552357867175	-11.2585934091385
499	0.498	0.133315805780611	-11.1721578883549
500	0.499	0.273956660901823	-10.9685216550136
501	0.5	0.383343992771298	-10.6398713281771
502	0.501	0.492731324736079	-10.2018336694234
503	0.502	0.523984848172137	-9.69347558296929
504	0.503	0.680252465469764	-9.09135692614834
505	0.504	0.758386274192106	-8.3720375563174
506	0.505	0.836520082963618	-7.57458437773954
507	0.506	0.977160938876611	-6.66774386681943
508	0.507	1.03966798600048	-5.65932940438088
509	0.508	1.10217503315608	-4.5884078948026
510	0.509	1.21156236575491	-3.4315391953471
511	0.51	1.25844265118428	-2.19653668687751
512	0.511	1.3834567457505	-0.875586988410116
513	0.512	1.3829684095252	-0.875586988410116
514	0.513	1.41422193319078	0.523008182947876
515	0.514	1.50798250423568	1.98411040166111
516	0.515	1.47672898054601	3.47646614405195
517	0.516	1.53923602793339	4.98444864829165
518	0.517	1.50798250423568	6.50805791437619
519	0.518	1.58611631349506	8.05510732324156
520	0.519	1.52360926608353	9.60997011303086
521	0.52	1.52360926608353	11.1335793791144
522	0.521	1.53923602793339	12.6650020261228
523	0.522	1.47672898054601	14.1729845303625
524	0.523	1.46110221870419	15.6419001299876
525	0.524	1.44547545686438	17.0951889677719
526	0.525	1.39859517135699	18.5172242818826
527	0.526	1.33608812404187	19.884565929582
528	0.527	1.27358107675876	21.1894005299824
529	0.528	1.2423275531292	22.4473548449263
530	0.529	1.16419374409021	23.650615493536
531	0.53	1.13294022048856	24.7991824758254
532	0.531	1.0235528879454	25.8774290300424
533	0.532	1.00792612616146	26.8931685370958
534	0.533	0.882912031961226	27.8385876161572
535	0.534	0.898538793729333	28.7293130290025
536	0.535	0.804778223150295	29.5809715374423
537	0.536	0.75789793788739	30.3623096179611
538	0.537	0.648510605676105	31.0655138897429
539	0.538	0.617257082204832	31.6983977336833
540	0.539	0.554750035285794	32.2844012924287
541	0.54	0.445362703252746	32.7844576616979
542	0.541	0.414109179832292	33.2141936032404
543	0.542	0.30472184792201	33.5736091171176
544	0.543	0.242214801158865	33.847077441658
545	0.544	0.195334516106856	34.0658521002909
546	0.545	0.11720070772553	34.2221197122071
547	0.546	0.0234401377316365	34.2924401349357
548	0.547	-0.0546936705436606	34.2768133685296
549	0.548	-0.179707763684315	34.1596126514157
550	0.549	-0.210961286950328	33.9642781260983
551	0.55	-0.335975379937994	33.6908097926542
552	0.551	-0.46098947280379	33.2923273662833
553	0.552	-0.539123280783233	32.7922709894898
554	0.553	-0.617257088715366	32.2140808047405
555	0.554	-0.726644419741088	31.5421300505122
556	0.555	-0.820404989118315	30.7686053460825
557	0.556	-0.929792319973066	29.8935066915369
558	0.557	-1.0704331737946	28.893393944653
559	0.558	-1.14856698140803	27.7838938670517
560	0.559	-1.25795431198887	26.5806332203533
561	0.56	-1.30483459649574	25.299238766111
562	0.561	-1.41422192694712	23.9397105043895
563	0.562	-1.46110221139865	22.5020484352166
564	0.563	-1.53923601878109	21.0018793201268
565	0.564	-1.55486278025207	19.4548299206102
566	0.565	-1.63299658757949	17.8609002366944
567	0.566	-1.58611630318853	16.2513437913104
568	0.567	-1.63299658757949	14.6417873459264
569	0.568	-1.64862334903949	13.0009773776169
570	0.569	-1.63299658757949	11.3601674093074
571	0.57	-1.67987687195399	9.70373067954067
572	0.571	-1.60174306465402	8.06292071123666
573	0.572	-1.63299658757949	6.44555088511991
574	0.573	-1.61736982611767	4.82036767827133
575	0.574	-1.52360925730827	3.24987813655836
576	0.575	-1.50798249583362	1.73408225998741
577	0.576	-1.49235573435713	0.233913144892035
578	0.577	-1.32046135799433	-1.1724954012837
579	0.578	-1.35171488098597	-2.50858352077384
580	0.579	-1.27358107349301	-3.82123149801333
581	0.58	-1.30483459649574	-5.11043933300771
582	0.581	-1.10168669684555	-6.31369997967835
583	0.582	-1.08605993532101	-7.40757329576163
584	0.583	-1.02355288920421	-8.46237970802423
585	0.584	-0.961045843057583	-9.45467907415513
586	0.585	-0.914165558428004	-10.3922847748979
587	0.586	-0.820404989118315	-11.2595700486711
588	0.587	-0.711017658171636	-12.0252813723161
589	0.588	-0.711017658171636	-12.7362990304877
590	0.589	-0.601630327132719	-13.3926230231399
591	0.59	-0.554750042373441	-13.970813207893
592	0.591	-0.476616234403469	-14.4864963462814
593	0.592	-0.382855664776924	-14.9162322958716
594	0.593	-0.36722890316585	-15.291274579843
595	0.594	-0.210961286950328	-15.5803696749011
596	0.595	-0.132827478770944	-15.7522640577617
597	0.596	-0.0390669088924459	-15.8382112515934
598	0.597	0.0390668993924675	-15.8382112563434
599	0.598	0.195334516106856	-15.7210105485937
600	0.599	0.273468324536558	-15.486609128272
601	0.6	0.30472184792201	-15.1975140420427
602	0.601	0.414109179832292	-14.8380985281656
603	0.602	0.570376797012618	-14.3458555397431
604	0.603	0.648510605676105	-13.7364118383988
605	0.604	0.773524699639723	-13.0253941857409
606	0.605	0.83603174666875	-12.2206159625866
607	0.606	0.929792317271476	-11.3377039306165
608	0.607	1.03917964973132	-10.3532179471151
609	0.608	1.086059935101	-9.29059815469896
610	0.609	1.17982050589402	-8.15765793420145
611	0.61	1.21107402950762	-6.96221066650062
612	0.611	1.35171488586764	-5.68081620881299
613	0.612	1.35171488586764	-4.32910132294535
614	0.613	1.41422193319078	-2.94613291341614
615	0.614	1.49235574238984	-1.49284407562583
616	0.615	1.52360926608353	0.0151384286108576
617	0.616	1.53923602793339	1.54656107561932
618	0.617	1.52360926608353	3.07798372262778
619	0.618	1.53923602793339	4.60940636963624
620	0.619	1.57048955163916	6.16426915942252
621	0.62	1.52360926608353	7.71131856828386
622	0.621	1.55486278978527	9.25055459621826
623	0.622	1.49235574238984	10.7741638623058
624	0.623	1.44547545686438	12.2430794619329
625	0.624	1.47672898054601	13.7041816806381
626	0.625	1.3829684095252	15.1340303756737
627	0.626	1.35171488586764	16.5013720233701
628	0.627	1.32046136221809	17.837460147413
629	0.628	1.21107402950762	19.1032278432759
630	0.629	1.16419374409021	20.2908617300748
631	0.63	1.086059935101	21.4159885696704
632	0.631	1.05480641151923	22.4864217429805
633	0.632	1.0235528879454	23.5256013927128
634	0.633	0.914165555499417	24.4944606144352
635	0.634	0.867285270195093	25.3851860272825
636	0.635	0.742271176137025	26.1899642504485
637	0.636	0.742271176137025	26.9322354265856
638	0.637	0.664137367414683	27.6354396983614
639	0.638	0.617257082204832	28.2761369231712
640	0.639	0.554750035285794	28.8621404819165
641	0.64	0.492242988398051	29.3856369937584
642	0.641	0.414109179832292	29.8388130778736
643	0.642	0.367228894716217	30.2294821151478
644	0.643	0.273468324536558	30.5498307247742
645	0.644	0.179707754426724	30.7764187642559
646	0.645	0.11720070772553	30.924872995332
647	0.646	-0.0546936705436606	30.9561265139229
648	0.647	-0.0703204321929548	30.8936194625546
649	0.648	-0.179707763684315	30.768605364616
650	0.649	-0.226588048580467	30.5654574584836
651	0.65	-0.32034861832121	30.2919891250328
652	0.651	-0.492242996001252	29.8856933178715
653	0.652	-0.50786975759714	29.3856369410723
654	0.653	-0.664137373451985	28.7996333755478
655	0.654	-0.789151466000087	28.0729889558217
656	0.655	-0.85165851222904	27.2525839667072
657	0.656	-0.961045843057583	26.3462317890639
658	0.657	-1.0391796507362	25.346119042167
659	0.658	-1.14856698140803	24.2522457260948
660	0.659	-1.22670078897504	23.0646118409033
661	0.66	-1.33608811949107	21.7832173866702
662	0.661	-1.41422192694712	20.4080623634512
663	0.662	-1.3985951654596	19.0016538172478
664	0.663	-1.52360925730827	17.5405516058639
665	0.664	-1.55486278025207	16.0013155870837
666	0.665	-1.52360925730827	14.4620795683035
667	0.666	-1.64862334903949	12.8759632651296
668	0.667	-1.66425011049765	11.2195265353611
669	0.668	-1.69550363340851	9.53964966340799
670	0.669	-1.67987687195399	7.85195941072674
671	0.67	-1.64862334903949	6.18770930023
672	0.671	-1.58611630318853	4.57033947411599
673	0.672	-1.60174306465402	2.97640979019471
674	0.673	-1.57048954172122	1.3902934870071
675	0.674	-1.47672897287881	-0.133315770292917
676	0.675	-1.47672897287881	-1.61004474317173
677	0.676	-1.44547544991664	-3.07114695456945
678	0.677	-1.36734164247902	-4.47755550076729
679	0.678	-1.33608811949107	-5.82927038175233
680	0.679	-1.2892078349953	-7.14191835899552
681	0.68	-1.22670078897504	-8.39987267098069
682	0.681	-1.16419374292514	-9.59531993693078
683	0.682	-1.10168669684555	-10.7282601568161
684	0.683	-1.00792612767035	-11.7830665690741
685	0.684	-0.961045843057583	-12.767552554438
686	0.685	-0.898538796881071	-13.6973448744074
687	0.686	-0.789151466000087	-14.5411900058479
688	0.687	-0.726644419741088	-15.2990879487185
689	0.688	-0.664137373451985	-15.9944788453151
690	0.689	-0.617257088715366	-16.6351760763987
691	0.69	-0.492242996001252	-17.1899261187571
692	0.691	-0.476616234403469	-17.6743557339594
693	0.692	-0.335975379937994	-18.0806515411301
694	0.693	-0.273468333459424	-18.3853733978289
695	0.694	-0.257841571835014	-18.6510283504761
696	0.695	-0.101573955485785	-18.8307361141365
697	0.696	-0.0546936705436606	-18.9088699271512
698	0.697	0.0390668993924675	-18.9166833127268
699	0.698	0.148454231072263	-18.8229227474944
700	0.699	0.273468324536558	-18.61196146969
701	0.7	0.367228894716217	-18.2916128600636
702	0.701	0.414109179832292	-17.9009438227894
703	0.702	0.539123273560927	-17.4243275960928
704	0.703	0.617257082204832	-16.8461374182099
705	0.704	0.711017652642194	-16.1820000507864
706	0.705	0.83603174666875	-15.4084753511309
707	0.706	0.882912031961226	-14.5490034618159
708	0.707	1.03917964973132	-13.5879576209696
709	0.708	1.0235528879454	-12.5565913521313
710	0.709	1.16419374409021	-11.4627180361135
711	0.71	1.22670079131742	-10.2672707684097
712	0.711	1.28920783857654	-9.00931645346268
713	0.712	1.3829684095252	-7.67322832941181
714	0.713	1.42984869502658	-6.26681977713592
715	0.714	1.44547545686438	-4.82915770119044
716	0.715	1.50798250423568	-3.35242872064041
717	0.716	1.47672898054601	-1.86007297824956
718	0.717	1.57048955163916	-0.33646371215698
719	0.718	1.55486278978527	1.22621245855523
720	0.719	1.55486278978527	2.7810752483405
721	0.72	1.58611631349506	4.35156479998067
722	0.721	1.50798250423568	5.89861420884604
723	0.722	1.47672898054601	7.39096995123688
724	0.723	1.42984869502658	8.84425878902318
725	0.724	1.41422193319078	10.2662941031319
726	0.725	1.39859517135699	11.6727026554057
727	0.726	1.35171488586764	13.0478576840181
728	0.727	1.32046136221809	14.3839458080609
729	0.728	1.22670079131742	15.6575268848287
730	0.729	1.16419374409021	16.8529741525325
731	0.73	1.16419374409021	18.0171678966227
732	0.731	1.0235528879454	19.1110412126405
733	0.732	1.00792612616146	20.1267807196939
734	0.733	0.914165555499417	21.0878265605244
735	0.734	0.851658508430935	21.9707385924895
736	0.735	0.773524699639723	22.7833301965249
737	0.736	0.711017652642194	23.5256013726658
738	0.737	0.664137367414683	24.2131788826943
739	0.738	0.601630320472136	24.8460627266377
740	0.739	0.476616226680998	25.3851860002143
741	0.74	0.492242988398051	25.8696156077538
742	0.741	0.367228894716217	26.2993515493109
743	0.742	0.289095086228314	26.6275135397832
744	0.743	0.242214801158865	26.8931684834768
745	0.744	0.148454231072263	27.0885029995923
746	0.745	0.11720070772553	27.2213304689912
747	0.746	0.0390668993924675	27.2994642725502
748	0.747	-0.0390669088924459	27.2994642678002
749	0.748	-0.16408100204844	27.1978903123298
750	0.749	-0.257841571835014	26.9869290253881
751	0.75	-0.36722890316585	26.6743937878876
752	0.751	-0.46098947280379	26.2602845999028
753	0.752	-0.492242996001252	25.7836683655003
754	0.753	-0.648510611874998	25.2132915615622
755	0.754	-0.773524704438156	24.5022739034056
756	0.755	-0.86728527378159	23.6818689142957
757	0.756	-0.976672604597039	22.7598899751064
758	0.757	-1.02355288920421	21.7597772282058
759	0.758	-1.14856698140803	20.6737172928997
760	0.759	-1.21107402746535	19.493896788463
761	0.76	-1.25795431198887	18.2593826187359
762	0.761	-1.4298486884328	16.915481118525
763	0.762	-1.4298486884328	15.4856324300922
764	0.763	-1.49235573435713	14.0245302186972
765	0.764	-1.55486278025207	12.5009209613926
766	0.765	-1.55486278025207	10.9460581811406
767	0.766	-1.67987687195399	9.32868835503755
768	0.767	-1.61736982611767	7.68006500600172
769	0.768	-1.64862334903949	6.04706841842314
770	0.769	-1.67987687195399	4.3828183079264
771	0.77	-1.63299658757949	2.72638157815965
772	0.771	-1.61736982611767	1.10119837131107
773	0.772	-1.60174306465402	-0.50835807407477
774	0.773	-1.58611630318853	-2.10228775799604
775	0.774	-1.55486278025207	-3.67277729971635
776	0.775	-1.50798249583362	-5.20419993775919
777	0.776	-1.46110221139865	-6.68874229137532
778	0.777	-1.38296840397023	-8.11077759905976
779	0.778	-1.30483459649574	-9.45467909929275
780	0.779	-1.32046135799433	-10.7673270765378
781	0.78	-1.21107402746535	-12.0330947692676
782	0.781	-1.14856698140803	-13.2129152737043
783	0.782	-1.11731345836824	-14.3458554935924
784	0.783	-1.0391796507362	-15.4241020481447
785	0.784	-0.992299366134628	-16.4398415565801
786	0.785	-0.86728527378159	-17.3696338765382
787	0.786	-0.836031750674615	-18.2212923887663
788	0.787	-0.757897942874347	-19.0182572355408
789	0.788	-0.664137373451985	-19.7292748937039
790	0.789	-0.632883850296126	-20.377785505578
791	0.79	-0.50786975759714	-20.9481623095246
792	0.791	-0.476616234403469	-21.4404053055249
793	0.792	-0.382855664776924	-21.8701412551151
794	0.793	-0.257841571835014	-22.1904898734211
795	0.794	-0.226588048580467	-22.4327046836288
796	0.795	-0.117200717129323	-22.6045990664837
797	0.796	-0.0859471938403293	-22.7061730219685
798	0.797	0.0546936610552245	-22.7217997883611
799	0.798	0.179707754426724	-22.6045990806201
800	0.799	0.179707754426724	-22.4248913261934
801	0.8	0.35160213301475	-22.1592363824727
802	0.801	0.445362703252746	-21.7607539643389
803	0.802	0.554750035285794	-21.2606975950696
804	0.803	0.648510605676105	-20.6590672745887
805	0.804	0.695390890897726	-19.9871165263018
806	0.805	0.83603174666875	-19.2214052075185
807	0.806	0.898538793729333	-18.3541199373195
808	0.807	0.992299364379503	-17.4087008582651
809	0.808	1.086059935101	-16.3695212085248
810	0.809	1.17982050589402	-15.2365809880273
811	0.81	1.22670079131742	-14.0333203394216
812	0.811	1.27358107675876	-12.7831794053835
813	0.812	1.36734164769542	-11.4627180431564
814	0.813	1.39859517135699	-10.0797496336302
815	0.814	1.46110221870419	-8.64990093859962
816	0.815	1.47672898054601	-7.18098533897452
817	0.816	1.50798250423568	-5.68862959658367
818	0.817	1.52360926608353	-4.17283371142407
819	0.818	1.53923602793339	-2.64141106441561
820	0.819	1.52360926608353	-1.10998841740715
821	0.82	1.49235574238984	0.397994086829538
822	0.821	1.50798250423568	1.8981632101423
823	0.822	1.46110221870419	3.38270557161223
824	0.823	1.47672898054601	4.85162117123733
825	0.824	1.42984869502658	6.30491000902363
826	0.825	1.44547545686438	7.74257208496911
827	0.826	1.3829684095252	9.1567940181639
828	0.827	1.25795431494298	10.477255380398
829	0.828	1.27358107675876	11.7430230762489
830	0.829	1.11731345869072	12.9384703439736
831	0.83	1.13294022048856	14.0635971835632
832	0.831	1.0235528879454	15.1418437377802
833	0.832	0.961045840821531	16.1341431021637
834	0.833	0.898538793729333	17.0639354194391
835	0.834	0.851658508430935	17.9390340705193
836	0.835	0.789151461394024	18.7594390554317
837	0.836	0.711017652642194	19.5095236124498
838	0.837	0.648510605676105	20.189287741609
839	0.838	0.601630320472136	20.8143582046831
840	0.839	0.492242988398051	21.3612948591182
841	0.84	0.445362703252746	21.8300977049436
842	0.841	0.429735941541545	22.2676470273408
843	0.842	0.289095086228314	22.6270625412257
844	0.843	0.242214801158865	22.8927174849193
845	0.844	0.179707754426724	23.1036787627121
846	0.845	0.0703204227199083	23.2286928512854
847	0.846	0.00781337607273058	23.2677597506817
848	0.847	-0.0859471938403293	23.2286928417979
849	0.848	-0.179707763684315	23.0958653630356
850	0.849	-0.289095095081926	22.8614639336525
851	0.85	-0.351602141552873	22.5411153153351
852	0.851	-0.445362711202215	22.1426328889575
853	0.852	-0.570376803961757	21.6347631313755
854	0.853	-0.648510611874998	21.0253194234571
855	0.854	-0.742271181308657	20.3299285268653
856	0.855	-0.836031750674615	19.5407770608737
857	0.856	-0.929792319973066	18.6578650255498
858	0.857	-1.08605993532101	17.6499388979028
859	0.858	-1.14856698140803	16.5326254395383
860	0.859	-1.22670078897504	15.3449915543468
861	0.86	-1.30483459649574	14.0792238616114
862	0.861	-1.35171488098597	12.7509491228705
863	0.862	-1.47672897287881	11.3367271959381
864	0.863	-1.49235573435713	9.85218484232015
865	0.864	-1.57048954172122	8.32076220428097
866	0.865	-1.55486278025207	6.75808604329433
867	0.866	-1.58611630318853	5.18759650157403
868	0.867	-1.64862334903949	3.57022667546002
869	0.868	-1.67987687195399	1.90597656496328
870	0.869	-1.67987687195399	0.226099693009287
871	0.87	-1.64862334903949	-1.43815041748745
872	0.871	-1.63299658757949	-3.07896038579694
873	0.872	-1.63299658757949	-4.71195697337644
874	0.873	-1.58611630318853	-6.32151341876045
875	0.874	-1.53923601878109	-7.88418957974526
876	0.875	-1.47672897287881	-9.39217207557521
877	0.876	-1.46110221139865	-10.8610876677139
878	0.877	-1.3985951654596	-12.2909363561431
879	0.878	-1.32046135799433	-13.65046461787
880	0.879	-1.30483459649574	-14.9631125951151
881	0.88	-1.1798205044404	-16.2054401455831
882	0.881	-1.1954472659538	-17.3930740307802
883	0.882	-1.11731345836824	-18.5494543929412
884	0.883	-1.02355288920421	-19.6198875667275
885	0.884	-0.961045843057583	-20.6121869328584
886	0.885	-0.86728527378159	-21.5263524912779
887	0.886	-0.773524704438156	-22.3467574803878
888	0.887	-0.742271181308657	-23.1046554232612
889	0.888	-0.664137373451985	-23.8078597006416
890	0.889	-0.632883850296126	-24.4563703125156
891	0.89	-0.523496519191133	-25.0345604972592
892	0.891	-0.492242996001252	-25.5424302548554
893	0.892	-0.36722890316585	-25.972166204439
894	0.893	-0.32034861832121	-26.3159549651825
895	0.894	-0.273468333459424	-26.6128634410728
896	0.895	-0.117200717129323	-26.8081979663672
897	0.896	-0.0703204321929548	-26.9019585410283
898	0.897	0.00781337607273058	-26.9332120690884
899	0.898	0.164080992748527	-26.8472648846778
900	0.899	0.179707754426724	-26.6753705110902
901	0.9	0.367228894716217	-26.4019021865187
902	0.901	0.429735941541545	-26.0034197683898
903	0.902	0.539123273560927	-25.5189901608386
904	0.903	0.679764129155223	-24.9095464594805
905	0.904	0.75789793788739	-24.1907154259592
906	0.905	0.820404984908537	-23.4015639645613
907	0.906	0.929792317271476	-22.5264653134713
908	0.907	1.00792612616146	-21.5576060917548
909	0.908	1.13294022048856	-20.4871729184298
910	0.909	1.16419374409021	-19.3386059361404
911	0.91	1.2423275531292	-18.1353452875307
912	0.911	1.33608812404187	-16.8461374489452
913	0.912	1.35171488586764	-15.5022359439904
914	0.913	1.47672898054601	-14.0880140107836
915	0.914	1.46110221870419	-12.6190984111585
916	0.915	1.50798250423568	-11.1345560496885
917	0.916	1.58611631349506	-9.58750664082316
918	0.917	1.55486278978527	-8.017017089183
919	0.918	1.57048955163916	-6.45434091847078
920	0.919	1.49235574238984	-4.92291827145629
921	0.92	1.53923602793339	-3.40712238629467
922	0.921	1.55486278978527	-1.86007297743534
923	0.922	1.47672898054601	-0.344277092269699
924	0.923	1.52360926608353	1.15589203104507
925	0.924	1.42984869502658	2.63262101160012
926	0.925	1.39859517135699	4.04684294479191
927	0.926	1.35171488586764	5.42199797340422
928	0.927	1.27358107675876	6.73464595471743
929	0.928	1.2423275531292	7.99260026966141
930	0.929	1.14856698228839	9.1880475373702
931	0.93	1.086059935101	10.3053609960649
932	0.931	1.05480641151923	11.375794169375
933	0.932	0.945419079045514	12.3759069146574
934	0.933	0.945419079045514	13.3213259937029
935	0.934	0.867285270195093	14.2276781683232
936	0.935	0.804778223150295	15.0637099149959
937	0.936	0.711017652642194	15.8216078528921
938	0.937	0.648510605676105	16.5013719820513
939	0.938	0.617257082204832	17.1342558259918
940	0.939	0.507869750117056	17.6968192421527
941	0.94	0.476616226680998	18.1890622305517
942	0.941	0.382855656419629	18.618798172102
943	0.942	0.30472184792201	18.9625869242729
944	0.943	0.210961277788923	19.2204284871283
945	0.944	0.242214801158865	19.4470165266022
946	0.945	0.08594718438652	19.6110975193749
947	0.946	0.08594718438652	19.6970447037614
948	0.947	-0.0859471938403293	19.6970446990345
949	0.948	-0.148454240410649	19.579843981909
950	0.949	-0.273468333459424	19.368882694974
951	0.95	-0.335975379937994	19.0641608382753
952	0.951	-0.414109187993369	18.6891185543096
953	0.952	-0.617257088715366	18.1734354159552
954	0.953	-0.648510611874998	17.5405515656601
955	0.954	-0.757897942874347	16.8373472882854
956	0.955	-0.914165558428004	16.0013155376342
957	0.956	-0.961045843057583	15.0637098368914
958	0.957	-1.08605993532101	14.0401569477021
959	0.958	-1.16419374292514	12.9150301085791
960	0.959	-1.22670078897504	11.719582842629
961	0.96	-1.33608811949107	10.4381883883959
962	0.961	-1.38296840397023	9.07866012666525
963	0.962	-1.41422192694712	7.68006496120657
964	0.963	-1.47672897287881	6.23458951129361
965	0.964	-1.57048954172122	4.71098025399359
966	0.965	-1.60174306465402	3.12486395080598
967	0.966	-1.61736982611767	1.51530750542013
968	0.967	-1.64862334903949	-0.117689082158445
969	0.968	-1.64862334903949	-1.76631243119793
970	0.969	-1.63299658757949	-3.40712239950742
971	0.97	-1.63299658757949	-5.04011898708692
972	0.971	-1.60174306465402	-6.65748881320367
973	0.972	-1.61736982611767	-8.26704525858952
974	0.973	-1.58611630318853	-9.86878832324262
975	0.974	-1.55486278025207	-11.4392778649629
976	0.975	-1.55486278025207	-12.994140645215
977	0.976	-1.44547544991664	-14.4943097602993
978	0.977	-1.44547544991664	-15.939785210216
979	0.978	-1.2892078349953	-17.307126852672
980	0.979	-1.2892078349953	-18.5963346876673
981	0.98	-1.25795431198887	-19.8699157611593
982	0.981	-1.16419374292514	-21.0809897886163
983	0.982	-1.10168669684555	-22.2139300085017
984	0.983	-1.00792612767035	-23.2687364207596
985	0.984	-0.945419081516259	-24.2454090253529
986	0.985	-0.882912035332267	-25.1595745837772
987	0.986	-0.804778227560139	-26.0034197152234
988	0.987	-0.757897942874347	-26.7847578004407
989	0.988	-0.664137373451985	-27.4957754586038
990	0.989	-0.617257088715366	-28.1364726896875
991	0.99	-0.50786975759714	-28.6990361128437
992	0.991	-0.429735949598741	-29.1678389664417
993	0.992	-0.36722890316585	-29.566321392824
994	0.993	-0.273468333459424	-29.8866700111366
995	0.994	-0.210961286950328	-30.1288848213415
996	0.995	-0.148454240410649	-30.308592585022
997	0.996	-0.0390669088924459	-30.4023531596735
998	0.997	0.0546936610552245	-30.3945397835921
999	0.998	0.179707754426724	-30.2773390758512
1000	0.999	0.210961277788923	-30.0820045597433
