No.	时间（s）	Dev1/ai0-1-测振（mm/s）	VH01-V1-Dev1/ai0一次积分（μm）
1	0	-1.19016712914605	0
2	0.001	-1.29955445963621	-1.24486079439113
3	0.002	-1.36206150558999	-2.57566877700423
4	0.003	-1.40894179003599	-3.96117042481722
5	0.004	-1.48707559740925	-5.40917911853984
6	0.005	-1.5339558818112	-6.91969485815006
7	0.006	-1.58083616619667	-8.47709088215399
8	0.007	-1.56520940473668	-10.0501136676207
9	0.008	-1.61208968911118	-11.6387632145446
10	0.009	-1.58083616619667	-13.2352261421985
11	0.01	-1.59646292765484	-14.8238756891243
12	0.011	-1.58083616619667	-16.41252523605
13	0.012	-1.54958264327485	-17.9777346407858
14	0.013	-1.51832912034571	-19.5116905225961
15	0.014	-1.51832912034571	-21.0300196429418
16	0.015	-1.40894179003599	-22.4936550981326
17	0.016	-1.40894179003599	-23.9025968881686
18	0.017	-1.3464347441043	-25.2802851552388
19	0.018	-1.26830093664825	-26.5876529956151
20	0.019	-1.22142065215248	-27.8325137900154
21	0.02	-1.14328684462253	-29.0148675384029
22	0.021	-1.11203332159758	-30.142527621513
23	0.022	-1.03389951400273	-31.2154940393131
24	0.023	-0.955765706361391	-32.2103266494952
25	0.024	-0.940138944827533	-33.1582789750897
26	0.025	-0.830751614038254	-34.0437242545226
27	0.026	-0.768244567831797	-34.8432223454576
28	0.027	-0.721364283157269	-35.5880267709521
29	0.028	-0.611976952184268	-36.2546973886229
30	0.029	-0.611976952184268	-36.8666743408072
31	0.03	-0.424455813158435	-37.3848907234785
32	0.031	-0.424455813158435	-37.8093465366369
33	0.032	-0.346322005150551	-38.1947354457914
34	0.033	-0.236934673859703	-38.4863637852966
35	0.034	-0.190054388992196	-38.6998583167225
36	0.035	-0.111920580841498	-38.8508458016394
37	0.036	0.013093512299157	-38.9002593359105
38	0.037	0.0756005589155481	-38.8559123003032
39	0.038	0.184987890568348	-38.7256180755612
40	0.039	0.247494937269542	-38.5093766616423
41	0.04	0.372509030764827	-38.1993746776251
42	0.041	0.450642839262446	-37.7877987426115
43	0.042	0.560030171240869	-37.2824622373598
44	0.043	0.7319245502575	-36.6364848766106
45	0.044	0.74755131199804	-35.8967469454829
46	0.045	0.919445691273752	-35.063248443847
47	0.046	0.981952738342234	-34.112549229039
48	0.047	1.07571330900428	-33.0837162053657
49	0.048	1.18510064153354	-31.9533092300968
50	0.049	1.23198092693303	-30.7447684458635
51	0.05	1.34136825960158	-29.4580938525962
52	0.051	1.37262178323913	-28.1010988311759
53	0.052	1.43512883053824	-26.6972235242872
54	0.053	1.5132626397072	-25.2230277891645
55	0.054	1.5757696870785	-23.6785116257716
56	0.055	1.62264997262809	-22.0793017959183
57	0.056	1.63827673448198	-20.4488384423633
58	0.057	1.62264997262809	-18.8183750888083
59	0.058	1.63827673448198	-17.1879117352532
60	0.059	1.63827673448198	-15.5496350007712
61	0.06	1.65390349633788	-13.9035448853613
62	0.061	1.63827673448198	-12.2574547699514
63	0.062	1.59139644892635	-10.6426181782472
64	0.063	1.59139644892635	-9.05122172932088
65	0.064	1.4820091160336	-7.51451894684091
66	0.065	1.49763587786939	-6.02469644988941
67	0.066	1.40387530688468	-4.57394085751237
68	0.067	1.3257414977858	-3.20913245517713
69	0.068	1.31011473597202	-1.89120433829822
70	0.069	1.29448797416023	-0.588902983232092
71	0.07	1.18510064153354	0.650891324614792
72	0.071	1.15384711794382	1.82036520435347
73	0.072	1.06008654722232	2.92733203693654
74	0.073	1.02883302366435	3.97179182237987
75	0.074	0.919445691273752	4.94593117984892
76	0.075	0.888192167751355	5.84975010936147
77	0.076	0.794431597231444	6.69106199185287
78	0.077	0.778804835485011	7.4776802082111
79	0.078	0.68504426504765	8.20960475847743
80	0.079	0.638163979855435	8.87120888092897
81	0.08	0.560030171240869	9.47030595647713
82	0.081	0.435016077559034	9.96782908087708
83	0.082	0.372509030764827	10.371591635039
84	0.083	0.294375222315743	10.7050337615793
85	0.084	0.21624141391508	10.9603420796947
86	0.085	0.21624141391508	11.1765834936098
87	0.086	0.106854082235285	11.338131241685
88	0.087	-0.00253324935013723	11.3902916581275
89	0.088	-0.0494135342865057	11.3643182663092
90	0.089	-0.174427627365878	11.252397685483
91	0.09	-0.190054388992196	11.070156677304
92	0.091	-0.346322005150551	10.8019684802326
93	0.092	-0.424455813158435	10.4165795710781
94	0.093	-0.518216382705366	9.94524347314622
95	0.094	-0.643230475328819	9.36452004412913
96	0.095	-0.752617806275498	8.66659590332697
97	0.096	-0.862005137130249	7.8592844316241
98	0.097	-0.971392467893384	6.94258562911228
99	0.098	-1.03389951400273	5.93993963816423
100	0.099	-1.14328684462253	4.85134645885159
101	0.1	-1.22142065215248	3.66899271046409
102	0.101	-1.33080798261678	2.39287839307946
103	0.102	-1.36206150558999	1.04644364897608
104	0.103	-1.4401953129908	-0.354684760314318
105	0.104	-1.5027023588784	-1.82613359624892
106	0.105	-1.5339558818112	-3.34446271659372
107	0.106	-1.58083616619667	-4.90185874059765
108	0.107	-1.61208968911118	-6.49832166825158
109	0.108	-1.5339558818112	-8.07134445371276
110	0.109	-1.61208968911118	-9.64436723917395
111	0.11	-1.56520940473668	-11.2330167860979
112	0.111	-1.58083616619667	-12.8060395715646
113	0.112	-1.51832912034571	-14.3556222148357
114	0.113	-1.47144883593827	-15.8505111929777
115	0.114	-1.45582207446545	-17.3141466481796
116	0.115	-1.42456855151432	-18.7543419611695
117	0.116	-1.40894179003599	-20.1710971319446
118	0.117	-1.29955445963621	-21.5253452567807
119	0.118	-1.25267417515151	-22.8014595741746
120	0.119	-1.26830093664825	-24.0619471300745
121	0.12	-1.14328684462253	-25.2677410207099
122	0.121	-1.12766008311098	-26.4032144845766
123	0.122	-1.03389951400273	-27.4839942831335
124	0.123	-1.01827275247819	-28.5100804163739
125	0.124	-0.893258660214765	-29.4658461227204
126	0.125	-0.877631898673441	-30.3512914021645
127	0.126	-0.799498090938772	-31.1898563969706
128	0.127	-0.721364283157269	-31.9502875840186
129	0.128	-0.627603713757485	-32.624771582476
130	0.129	-0.596350190609167	-33.2367485346593
131	0.13	-0.486962859530624	-33.7784050597292
132	0.131	-0.393202289960973	-34.218487634475
133	0.132	-0.299441720323032	-34.564809639617
134	0.133	-0.236934673859703	-34.8329978367084
135	0.134	-0.190054388992196	-35.0464923681344
136	0.135	-0.0494135342865057	-35.1662263297737
137	0.136	-0.00253324935013723	-35.192199721592
138	0.137	0.106854082235285	-35.1400393051495
139	0.138	0.184987890568348	-34.9941183187476
140	0.139	0.263121698949673	-34.7700635239886
141	0.14	0.372509030764827	-34.4522481591314
142	0.141	0.450642839262446	-34.0406722241177
143	0.142	0.528776647808714	-33.5509624805822
144	0.143	0.638163979855435	-32.9674921667501
145	0.144	0.74755131199804	-32.2746345208234
146	0.145	0.872565405993113	-31.4645761618278
147	0.146	0.935072453037911	-30.5607572323123
148	0.147	1.02883302366435	-29.5788044939611
149	0.148	1.15384711794382	-28.4874644231571
150	0.149	1.23198092693303	-27.2945504007186
151	0.15	1.31011473597202	-26.0235025692661
152	0.151	1.37262178323913	-24.6821343096605
153	0.152	1.46638235419981	-23.2626322409411
154	0.153	1.54451616338883	-21.7571829821467
155	0.154	1.56014292523266	-20.204853437836
156	0.155	1.59139644892635	-18.6290837507565
157	0.156	1.62264997262809	-17.0220605399793
158	0.157	1.63827673448198	-15.3915971864243
159	0.158	1.6695302581958	-13.7376936900854
160	0.159	1.60702321077621	-12.0994169555994
161	0.16	1.65390349633788	-10.4689536020423
162	0.161	1.59139644892635	-8.8463036294102
163	0.162	1.56014292523266	-7.2705339423307
164	0.163	1.5757696870785	-5.70257763617512
165	0.164	1.46638235419981	-4.18150161553597
166	0.165	1.4820091160336	-2.70730588041926
167	0.166	1.43512883053824	-1.24873690713335
168	0.167	1.34136825960158	0.139511637936564
169	0.168	1.34136825960158	1.48087989753814
170	0.169	1.26323445054264	2.78318125261026
171	0.17	1.18510064153354	4.00734879864835
172	0.171	1.18510064153354	5.19244944018188
173	0.172	1.02883302366435	6.29941627278082
174	0.173	1.04445978544234	7.33606267733417
175	0.174	0.981952738342234	8.34926893922646
176	0.175	0.856938644236842	9.268714630516
177	0.176	0.856938644236842	10.1256532747528
178	0.177	0.778804835485011	10.9435250146138
179	0.178	0.68504426504765	11.6754495648801
180	0.179	0.591283694680832	12.3136135447443
181	0.18	0.513149886095563	12.8658303351325
182	0.181	0.497523124384362	13.3711668403725
183	0.182	0.356882269071131	13.7983695371002
184	0.183	0.341255507379375	14.1474384253255
185	0.184	0.231868175591344	14.4340002668109
186	0.185	0.138107605562726	14.6189881573879
187	0.186	0.091227320574454	14.7336556204565
188	0.187	-0.0494135342865057	14.7545625136005
189	0.188	-0.0494135342865057	14.705148979314
190	0.189	-0.174427627365878	14.5932283984878
191	0.19	-0.299441720323032	14.3562937246433
192	0.191	-0.361948766755923	14.0255984811038
193	0.192	-0.486962859530624	13.6011426679606
194	0.193	-0.549469905872549	13.082926285259
195	0.194	-0.67448399846584	12.4709493330898
196	0.195	-0.799498090938772	11.7339582883875
197	0.196	-0.815124852489449	10.9266468166734
198	0.197	-0.987019229423514	10.0255747757169
199	0.198	-1.04952627552542	9.00730202324241
200	0.199	-1.15891360613222	7.90308208241359
201	0.2	-1.22142065215248	6.71291495327124
202	0.201	-1.29955445963621	5.45242739737689
203	0.202	-1.36206150558999	4.1216194147638
204	0.203	-1.42456855151432	2.72830438621165
205	0.204	-1.45582207446545	1.28810907322176
206	0.205	-1.51832912034571	-0.198966524183822
207	0.206	-1.5339558818112	-1.72510902526228
208	0.207	-1.56520940473668	-3.27469166853622
209	0.208	-1.58083616619667	-4.84771445400289
210	0.209	-1.56520940473668	-6.42073723946956
211	0.21	-1.58083616619667	-7.99376002493623
212	0.211	-1.5339558818112	-9.55115604894017
213	0.212	-1.54958264327485	-11.0929253114832
214	0.213	-1.48707559740925	-12.6112544318252
215	0.214	-1.48707559740925	-14.0983300292345
216	0.215	-1.45582207446545	-15.5697788651718
217	0.216	-1.37768826707383	-16.9865340359415
218	0.217	-1.37768826707383	-18.3642223030153
219	0.218	-1.31518122112742	-19.7106570471159
220	0.219	-1.22142065215248	-20.9789579837559
221	0.22	-1.17454036764006	-22.1769384936522
222	0.221	-1.14328684462253	-23.3358520997835
223	0.222	-1.08077979856521	-24.4478854213773
224	0.223	-0.987019229423514	-25.4817849353717
225	0.224	-0.940138944827533	-26.4453640224972
226	0.225	-0.830751614038254	-27.3308093019301
227	0.226	-0.799498090938772	-28.1459341544186
228	0.227	-0.721364283157269	-28.9063653414666
229	0.228	-0.611976952184268	-29.5730359591374
230	0.229	-0.565096667453308	-30.1615727689562
231	0.23	-0.50258962111894	-30.6954159132423
232	0.231	-0.440082574754322	-31.166752011179
233	0.232	-0.315068481934106	-31.5443275395232
234	0.233	-0.236934673859703	-31.8203291174201
235	0.234	-0.236934673859703	-32.0572637912798
236	0.235	-0.111920580841498	-32.2316914186304
237	0.236	0.013093512299157	-32.2811049529016
238	0.237	0.0756005589155481	-32.2367579172942
239	0.238	0.200614652240748	-32.098650311716
240	0.239	0.27874846063174	-31.8589687552798
241	0.24	0.388135792460465	-31.5255266287337
242	0.241	0.513149886095563	-31.0748837894557
243	0.242	0.497523124384362	-30.5695472842157
244	0.243	0.68504426504765	-29.9782635894997
245	0.244	0.778804835485011	-29.2463390392334
246	0.245	0.84131188248254	-28.4362806802496
247	0.246	0.997579500114294	-27.5168349889512
248	0.247	1.01320626188833	-26.5114421079499
249	0.248	1.15384711794382	-25.4279154180338
250	0.249	1.20072740333138	-24.2506281573962
251	0.25	1.31011473597202	-22.9952070877445
252	0.251	1.45075559236802	-21.6147719235745
253	0.252	1.41950206871046	-20.1796430930353
254	0.253	1.54451616338883	-18.6976339769856
255	0.254	1.62264997262809	-17.1140509089772
256	0.255	1.59139644892635	-15.5070276981999
257	0.256	1.62264997262809	-13.9000044874227
258	0.257	1.59139644892635	-12.2929812766455
259	0.258	1.68515702005574	-10.6547045421545
260	0.259	1.65390349633788	-8.98517428395765
261	0.26	1.60702321077621	-7.3547109304006
262	0.261	1.63827673448198	-5.73206095777151
263	0.262	1.59139644892635	-4.11722436606735
264	0.263	1.5757696870785	-2.53364129806493
265	0.264	1.52888940154701	-0.981311753752175
266	0.265	1.4820091160336	0.524137505038128
267	0.266	1.43512883053824	1.98270647832405
268	0.267	1.35699502141936	3.37876840430284
269	0.268	1.3257414977858	4.72013666390542
270	0.269	1.23198092693303	5.99899787626484
271	0.27	1.20072740333138	7.21535204139704
272	0.271	1.16947387973768	8.40045268293157
273	0.272	1.07571330900428	9.52304627730255
274	0.273	0.981952738342234	10.5518793009758
275	0.274	0.966325976572151	11.526018658433
276	0.275	0.903818929511567	12.4610911114749
277	0.276	0.84131188248254	13.3336565174719
278	0.277	0.68504426504765	14.096834591237
279	0.278	0.700671026782306	14.789692237152
280	0.279	0.669417503314953	15.4747365022006
281	0.28	0.544403409523816	16.08164695862
282	0.281	0.481896362675109	16.5947968447195
283	0.282	0.403762554158044	17.037626303136
284	0.283	0.294375222315743	17.3866951913729
285	0.284	0.247494937269542	17.6576302711656
286	0.285	0.169361128897878	17.8660583042493
287	0.286	0.106854082235285	18.0041659098159
288	0.287	0.0287202739503717	18.0719530879087
289	0.288	-0.0337867726429676	18.0694198385624
290	0.289	-0.174427627365878	17.965312638558
291	0.29	-0.268188197095176	17.7440047263274
292	0.291	-0.346322005150551	17.4367496252046
293	0.292	-0.471336097940416	17.0279205736591
294	0.293	-0.549469905872549	16.5175175717526
295	0.294	-0.643230475328819	15.9211673811519
296	0.295	-0.752617806275498	15.2232432403498
297	0.296	-0.846378375585187	14.4237451494194
298	0.297	-0.940138944827533	13.5304864892131
299	0.298	-1.04952627552542	12.5356538790366
300	0.299	-1.14328684462253	11.4392473189626
301	0.3	-1.23704741365292	10.2490801898249
302	0.301	-1.26830093664825	8.99640601467431
303	0.302	-1.3464347441043	7.68903817429803
304	0.303	-1.42456855151432	6.30353652648872
305	0.304	-1.47144883593827	4.85552783276243
306	0.305	-1.5027023588784	3.36845223535409
307	0.306	-1.5027023588784	1.8657498764757
308	0.307	-1.61208968911118	0.308353852480908
309	0.308	-1.54958264327485	-1.27248231371211
310	0.309	-1.59646292765484	-2.84550509917695
311	0.31	-1.58083616619667	-4.43415464610271
312	0.311	-1.54958264327485	-5.99936405083847
313	0.312	-1.54958264327485	-7.54894669411332
314	0.313	-1.47144883593827	-9.05946243371988
315	0.314	-1.45582207446545	-10.5230978889217
316	0.315	-1.45582207446545	-11.9789199633872
317	0.316	-1.3464347441043	-13.3800483726721
318	0.317	-1.40894179003599	-14.7577366397422
319	0.318	-1.33080798261678	-16.1276115260686
320	0.319	-1.23704741365292	-17.4115392242035
321	0.32	-1.22142065215248	-18.6407732571062
322	0.321	-1.09640656008233	-19.7996868632236
323	0.322	-1.06515303704625	-20.8804666617878
324	0.323	-1.01827275247819	-21.9221795565501
325	0.324	-0.92451218329181	-22.8935720244351
326	0.325	-0.893258660214765	-23.8024574461883
327	0.326	-0.721364283157269	-24.6097689178744
328	0.327	-0.752617806275498	-25.3467599625907
329	0.328	-0.627603713757485	-26.0368707226072
330	0.329	-0.533843144289902	-26.6175941516309
331	0.33	-0.518216382705366	-27.1436239151286
332	0.331	-0.408829051560652	-27.6071466322616
333	0.332	-0.361948766755923	-27.9925355414199
334	0.333	-0.283814958710056	-28.3154174041528
335	0.334	-0.174427627365878	-28.5445386971908
336	0.335	-0.143174104107511	-28.7033395629275
337	0.336	0.0287202739503717	-28.7605664780061
338	0.337	0.0756005589155481	-28.7084060615731
339	0.338	0.169361128897878	-28.5859252176664
340	0.339	0.294375222315743	-28.3540570420596
341	0.34	0.356882269071131	-28.0284282963662
342	0.341	0.513149886095563	-27.5934122187828
343	0.342	0.591283694680832	-27.0411954283946
344	0.343	0.68504426504765	-26.4030314485304
345	0.344	0.794431597231444	-25.6632935173908
346	0.345	0.84131188248254	-24.8454217775338
347	0.346	0.966325976572151	-23.9416028480065
348	0.347	1.09134007078822	-22.9127698243263
349	0.348	1.16947387973768	-21.7823628490634
350	0.349	1.21635416513121	-20.5894488266289
351	0.35	1.29448797416023	-19.3340277569832
352	0.351	1.38824854506091	-17.9926594973726
353	0.352	1.43512883053824	-16.5809708095731
354	0.353	1.49763587786939	-15.1145884553692
355	0.354	1.54451616338883	-13.5935124347401
356	0.355	1.5132626397072	-12.0646230331921
357	0.356	1.65390349633788	-10.4810399651696
358	0.357	1.59139644892635	-8.85838999253746
359	0.358	1.59139644892635	-7.26699354361111
360	0.359	1.65390349633788	-5.644343570979
361	0.36	1.63827673448198	-3.99825345556907
362	0.361	1.60702321077621	-2.37560348293998
363	0.362	1.59139644892635	-0.776393653088697
364	0.363	1.52888940154701	0.783749272147981
365	0.364	1.5132626397072	2.30482529277508
366	0.365	1.4820091160336	3.80246117064548
367	0.366	1.43512883053824	5.2610301439314
368	0.367	1.3257414977858	6.64146530809342
369	0.368	1.35699502141936	7.982833567696
370	0.369	1.23198092693303	9.27732154187219
371	0.37	1.16947387973768	10.4780489452075
372	0.371	1.16947387973768	11.6475228249452
373	0.372	1.09134007078822	12.7779298002082
374	0.373	0.997579500114294	13.8223895856594
375	0.374	0.981952738342234	14.8121557048877
376	0.375	0.888192167751355	15.7472281579345
377	0.376	0.84131188248254	16.6119801830514
378	0.377	0.7319245502575	17.3985983994215
379	0.378	0.716297788518922	18.1227095688097
380	0.379	0.653790741584215	18.8077538338612
381	0.38	0.544403409523816	19.4068509094153
382	0.381	0.528776647808714	19.9434409380815
383	0.382	0.403762554158044	20.4097105390649
384	0.383	0.341255507379375	20.7822195698336
385	0.384	0.294375222315743	21.1000349346812
386	0.385	0.184987890568348	21.3397164911232
387	0.386	0.122480843898042	21.4934508583564
388	0.387	-0.0337867726429676	21.5377978939839
389	0.388	-0.0650402959281268	21.4883843596984
390	0.389	-0.143174104107511	21.3842771596806
391	0.39	-0.299441720323032	21.1629692474653
392	0.391	-0.346322005150551	20.8400873847285
393	0.392	-0.471336097940416	20.431258333183
394	0.393	-0.549469905872549	19.9208553312765
395	0.394	-0.65885723689827	19.3166917598911
396	0.395	-0.752617806275498	18.6109542383043
397	0.396	-0.846378375585187	17.8114561473739
398	0.397	-0.955765706361391	16.9103841064006
399	0.398	-1.03389951400273	15.9155514962186
400	0.399	-1.09640656008233	14.850398459176
401	0.4	-1.19016712914605	13.7071116145618
402	0.401	-1.28392769814315	12.4700642009172
403	0.402	-1.31518122112742	11.170509741282
404	0.403	-1.45582207446545	9.78500809348552
405	0.404	-1.47144883593827	8.32137263828366
406	0.405	-1.5027023588784	6.83429704087533
407	0.406	-1.5339558818112	5.31596792053053
408	0.407	-1.58083616619667	3.7585718965266
409	0.408	-1.62771645056569	2.15429558814541
410	0.409	-1.56520940473668	0.557832660494232
411	0.41	-1.54958264327485	-0.999563363511532
412	0.411	-1.56520940473668	-2.5569593875173
413	0.412	-1.51832912034571	-4.09872865005849
414	0.413	-1.48707559740925	-5.60143100893597
415	0.414	-1.45582207446545	-7.07287984487333
416	0.415	-1.40894179003599	-8.50526177712405
417	0.416	-1.36206150558999	-9.89076342493704
418	0.417	-1.28392769814315	-11.2137580268036
419	0.418	-1.28392769814315	-12.4976857249468
420	0.419	-1.25267417515151	-13.7659866615941
421	0.42	-1.15891360613222	-14.971780552236
422	0.421	-1.15891360613222	-16.1306941583682
423	0.422	-1.08077979856521	-17.2505408607169
424	0.423	-1.00264599095178	-18.2922537554754
425	0.424	-0.940138944827533	-19.2636462233651
426	0.425	-0.846378375585187	-20.1569048835714
427	0.426	-0.799498090938772	-20.9798431168334
428	0.427	-0.67448399846584	-21.7168341615357
429	0.428	-0.65885723689827	-22.3835047792178
430	0.429	-0.580723429032181	-23.003295112183
431	0.43	-0.486962859530624	-23.5371382564644
432	0.431	-0.424455813158435	-23.9928475928089
433	0.432	-0.315068481934106	-24.3626097403552
434	0.433	-0.236934673859703	-24.6386113182521
435	0.434	-0.174427627365878	-24.8442924688649
436	0.435	-0.111920580841498	-24.9874665729686
437	0.436	0.013093512299157	-25.0368801072397
438	0.437	0.106854082235285	-24.9769063099725
439	0.438	0.169361128897878	-24.8387987044059
440	0.439	0.27874846063174	-24.6147439096411
441	0.44	0.32562874568956	-24.3125553064805
442	0.441	0.528776647808714	-23.8853526097313
443	0.442	0.575656932959874	-23.333135819347
444	0.443	0.638163979855435	-22.7262253629394
445	0.444	0.763178073740544	-22.0255543361414
446	0.445	0.825685120730207	-21.231122738906
447	0.446	0.950699214804043	-20.3429305711389
448	0.447	1.02883302366435	-19.3531644519047
449	0.448	1.12259359436205	-18.2774511428915
450	0.449	1.21635416513121	-17.1079772631449
451	0.45	1.27886121235044	-15.8603695744041
452	0.451	1.38824854506091	-14.5268146956984
453	0.452	1.46638235419981	-13.099499246068
454	0.453	1.49763587786939	-11.6174901300334
455	0.454	1.59139644892635	-10.0729739666356
456	0.455	1.56014292523266	-8.49720427955605
457	0.456	1.62264997262809	-6.90580783062568
458	0.457	1.65390349633788	-5.26753109614269
459	0.458	1.6695302581958	-3.60581421887585
460	0.459	1.65390349633788	-1.94409734160901
461	0.46	1.59139644892635	-0.321447368976896
462	0.461	1.62264997262809	1.28557584180032
463	0.462	1.5757696870785	2.88478567165361
464	0.463	1.56014292523266	4.45274197780919
465	0.464	1.52888940154701	5.99725814119902
466	0.465	1.45075559236802	7.48708063815654
467	0.466	1.45075559236802	8.93783623052456
468	0.467	1.38824854506091	10.357338299239
469	0.468	1.29448797416023	11.6987065588496
470	0.469	1.26323445054264	12.977567771201
471	0.47	1.18510064153354	14.2017353172391
472	0.471	1.15384711794382	15.3712091969778
473	0.472	1.12259359436205	16.5094295531307
474	0.473	0.950699214804043	17.5460759577138
475	0.474	1.01320626188833	18.52802869606
476	0.475	0.872565405993113	19.4709145300007
477	0.476	0.856938644236842	20.3356665551157
478	0.477	0.810058358979842	21.169165056724
479	0.478	0.638163979855435	21.8932762261416
480	0.479	0.653790741584215	22.5392535868615
481	0.48	0.591283694680832	23.161790804994
482	0.481	0.513149886095563	23.7140075953822
483	0.482	0.450642839262446	24.1959039580612
484	0.483	0.372509030764827	24.6074798930748
485	0.484	0.294375222315743	24.9409220196151
486	0.485	0.184987890568348	25.1806035760572
487	0.486	0.091227320574454	25.3187111816286
488	0.487	0.013093512299157	25.3708715980654
489	0.488	-0.0494135342865057	25.3527115870717
490	0.489	-0.158800865737649	25.2486043870596
491	0.49	-0.268188197095176	25.0351098556432
492	0.491	-0.315068481934106	24.7434815161286
493	0.492	-0.471336097940416	24.3502792261913
494	0.493	-0.580723429032181	23.824249462705
495	0.494	-0.65885723689827	23.2044591297398
496	0.495	-0.736991044717322	22.506534988932
497	0.496	-0.846378375585187	21.7148502787807
498	0.497	-0.893258660214765	20.8450317608807
499	0.498	-1.04952627552542	19.8736392930106
500	0.499	-1.09640656008233	18.8006728752068
501	0.5	-1.23704741365292	17.6339458883392
502	0.501	-1.25267417515151	16.3890850939369
503	0.502	-1.36206150558999	15.0817172535662
504	0.503	-1.40894179003599	13.6962156057532
505	0.504	-1.48707559740925	12.2482069120306
506	0.505	-1.5027023588784	10.7533179338868
507	0.506	-1.5339558818112	9.23498881354196
508	0.507	-1.58083616619667	7.67759278953802
509	0.508	-1.58083616619667	6.09675662334135
510	0.509	-1.56520940473668	4.52373383787468
511	0.51	-1.58083616619667	2.95071105240801
512	0.511	-1.56520940473668	1.37768826694133
513	0.512	-1.56759004411393	1.37768826694133
514	0.513	-1.50508299825565	-0.158648254243458
515	0.514	-1.44257595236806	-1.63247772955531
516	0.515	-1.44257595236806	-3.07505368192337
517	0.516	-1.39569566793308	-4.49418949207394
518	0.517	-1.36444214496724	-5.8742583985241
519	0.518	-1.31756186050467	-7.21526040126005
520	0.519	-1.19254776852331	-8.47031521577404
521	0.52	-1.17692100701732	-9.65504960354435
522	0.521	-1.11441396097484	-10.8007170875404
523	0.522	-1.0675336764235	-11.8916909062396
524	0.523	-1.00502663032904	-12.9279710596159
525	0.524	-0.911266061131475	-13.8861174053461
526	0.525	-0.880012538050695	-14.7817567049372
527	0.526	-0.770625207209051	-15.6070755775671
528	0.527	-0.739371684094575	-16.3620740232189
529	0.528	-0.661237876275524	-17.0623788034039
530	0.529	-0.551850545249802	-17.6689230141666
531	0.53	-0.504970260496194	-18.1973334170396
532	0.531	-0.395582929338226	-18.6476100119568
533	0.532	-0.348702644527805	-19.0197527988898
534	0.533	-0.286195598087309	-19.3372019201974
535	0.534	-0.161181505114903	-19.5608904717985
536	0.535	-0.129927981852714	-19.7064452152823
537	0.536	-0.0361674120202211	-19.7894929122188
538	0.537	0.0888466811972005	-19.7631532776303
539	0.538	0.166980489520624	-19.6352396922714
540	0.539	0.307621344624429	-19.3979387751988
541	0.54	0.338874868002122	-19.0746906688856
542	0.541	0.463888961590551	-18.6733087540892
543	0.542	0.604529817026491	-18.1390993647807
544	0.543	0.635783340478182	-17.5189427860284
545	0.544	0.713917149141669	-16.8440925412184
546	0.545	0.870184766615859	-16.0520415833397
547	0.546	0.917065051896499	-15.1584166740835
548	0.547	1.04207914606509	-14.1788445751027
549	0.548	1.12021295498479	-13.0976985245778
550	0.549	1.21397352575395	-11.9306052842084
551	0.55	1.32336085840855	-10.6619380921271
552	0.551	1.37024114386188	-9.31513709099192
553	0.552	1.44837495299077	-7.9058290425656
554	0.553	1.46400171482255	-6.44964070865894
555	0.554	1.51088200032994	-4.96219885108269
556	0.555	1.57338904770124	-3.4200633270671
557	0.556	1.5577622858554	-1.85448766028877
558	0.557	1.63589609510472	-0.257658469808711
559	0.558	1.62026933325083	1.37042424436907
560	0.559	1.62026933325083	2.9906935776199
561	0.56	1.62026933325083	4.61096291087073
562	0.561	1.57338904770124	6.20779210134677
563	0.562	1.58901580954909	7.78899452997194
564	0.563	1.52650876216975	9.34675681583136
565	0.564	1.54213552401157	10.881078958922
566	0.565	1.44837495299077	12.3763341974232
567	0.566	1.43274819116099	13.8168957694991
568	0.567	1.3546143820421	15.2105770561006
569	0.568	1.29210733478298	16.5339379145132
570	0.569	1.24522704935959	17.8026051065844
571	0.57	1.16709324036043	19.0087652514445
572	0.571	1.10458619319689	20.1446049682231
573	0.572	1.04207914606509	21.2179376378541
574	0.573	1.01082562251108	22.2443900221422
575	0.574	0.94831857542679	23.2239621211111
576	0.575	0.854558004859588	24.1254004112543
577	0.576	0.838931243105287	24.9721450352367
578	0.577	0.745170672620787	25.7641959930998
579	0.578	0.651410102206962	26.4624863805137
580	0.579	0.651410102206962	27.1138964827206
581	0.58	0.51076924671831	27.6949861571833
582	0.581	0.463888961590551	28.1823152613377
583	0.582	0.432635438181781	28.6305774612239
584	0.583	0.401381914780791	29.0475861377051
585	0.584	0.26074105957242	29.3786476248817
586	0.585	0.182607251191094	29.6003217802635
587	0.586	0.0888466811972005	29.7360487464576
588	0.587	-0.00491388872739074	29.7780151426925
589	0.588	-0.0517941736637592	29.749661111497
590	0.589	-0.176808266743131	29.6353598912935
591	0.59	-0.286195598087309	29.4038579588783
592	0.591	-0.364329406133177	29.0785954567681
593	0.592	-0.426836452535688	28.6830125274336
594	0.593	-0.551850545249802	28.1936690285409
595	0.594	-0.661237876275524	27.5871248177782
596	0.595	-0.754998445652751	26.8790066568141
597	0.596	-0.833132253415507	26.08494130728
598	0.597	-0.911266061131475	25.2127421500065
599	0.598	-1.05190691490267	24.2311556619894
600	0.599	-1.11441396097484	23.1479952240506
601	0.6	-1.20817453002744	21.9867009785495
602	0.601	-1.30193509901346	20.731646164029
603	0.602	-1.38006890645108	19.3906441612968
604	0.603	-1.41132242941324	17.9949484933646
605	0.604	-1.42694919089157	16.5758126832122
606	0.605	-1.50508299825565	15.1097965886386
607	0.606	-1.50508299825565	13.6047135903829
608	0.607	-1.53633652118845	12.0840038306609
609	0.608	-1.55196328265211	10.5398539287406
610	0.609	-1.53633652118845	8.99570402682033
611	0.61	-1.56759004411393	7.44374074416914
612	0.611	-1.55196328265211	5.88396408078612
613	0.612	-1.53633652118845	4.33981417886585
614	0.613	-1.53633652118845	2.80347765767739
615	0.614	-1.44257595236806	1.31402142089914
616	0.615	-1.38006890645108	-0.0973010085104286
617	0.616	-1.38006890645108	-1.47736991496151
618	0.617	-1.31756186050467	-2.82618529843938
619	0.618	-1.28630833752041	-4.12812039745192
620	0.619	-1.19254776852331	-5.36754845047378
621	0.62	-1.11441396097484	-6.52102931522285
622	0.621	-1.14566748399978	-7.65107003771016
623	0.622	-1.00502663032904	-8.72641709487457
624	0.623	-1.00502663032904	-9.7314437252036
625	0.624	-0.864385776507502	-10.6661499286219
626	0.625	-0.833132253415507	-11.5149089435834
627	0.626	-0.754998445652751	-12.3089742931175
628	0.627	-0.676864637843093	-13.0249058348654
629	0.628	-0.661237876275524	-13.6939570919247
630	0.629	-0.520597022082619	-14.2848745411038
631	0.63	-0.442463214131576	-14.7664046592109
632	0.631	-0.458089975725569	-15.2166812541395
633	0.632	-0.31744912131136	-15.6044508026579
634	0.633	-0.239315313236957	-15.8828330199321
635	0.634	-0.145554743484764	-16.075268048293
636	0.635	-0.114301220218751	-16.2051960301447
637	0.636	-0.0205406503747653	-16.2726169654415
638	0.637	0.135726966185472	-16.2150238075361
639	0.638	0.151353727852084	-16.0714834605173
640	0.639	0.291994582938489	-15.8498093051221
641	0.64	0.385755153083211	-15.5109344371112
642	0.641	0.448262199885193	-15.093925760627
643	0.642	0.588903055303578	-14.5753431330326
644	0.643	0.6670368639377	-13.947373173412
645	0.644	0.76079743436329	-13.2334560242615
646	0.645	0.870184766615859	-12.4179649237719
647	0.646	0.932691813660657	-11.5165266336337
648	0.647	1.08895943141096	-10.5057010110978
649	0.648	1.13583971677469	-9.39330143700502
650	0.649	1.22960028755577	-8.21058143483979
651	0.65	1.32336085840855	-6.93410086185763
652	0.651	1.33898762022433	-5.60292662254119
653	0.652	1.47962847665634	-4.19361857410086
654	0.653	1.47962847665634	-2.71399009744451
655	0.654	1.57338904770124	-1.18748133526572
656	0.655	1.57338904770124	0.385907712435525
657	0.656	1.57338904770124	1.95929676013677
658	0.657	1.60464257139896	3.54831256968687
659	0.658	1.62026933325083	5.16076852201176
660	0.659	1.63589609510472	6.78885123618954
661	0.66	1.63589609510472	8.42474733129426
662	0.661	1.58901580954909	10.0372032836212
663	0.662	1.58901580954909	11.6262190931703
664	0.663	1.54213552401157	13.1917947599506
665	0.664	1.43274819116099	14.6792366175369
666	0.665	1.47962847665634	16.1354249514455
667	0.666	1.44837495299077	17.5994266662691
668	0.667	1.37024114386188	19.0087347146954
669	0.668	1.27648057297319	20.332095573113
670	0.669	1.21397352575395	21.5773226224765
671	0.67	1.12021295498479	22.7444158628459
672	0.671	1.10458619319689	23.8568154369367
673	0.672	1.07333266962702	24.9457748683487
674	0.673	1.01082562251108	25.9878540144177
675	0.674	0.94831857542679	26.9674261133867
676	0.675	0.870184766615859	27.876677784408
677	0.676	0.776424196107758	28.6999822657698
678	0.677	0.807677719602589	29.492033223625
679	0.678	0.682663625670396	30.2372038962615
680	0.679	0.620156578751358	30.8886139984724
681	0.68	0.557649531863615	31.4775170537798
682	0.681	0.463888961590551	31.9882863005069
683	0.682	0.448262199885193	32.4443618812448
684	0.683	0.323248106312306	32.8301170343436
685	0.684	0.229487536214091	33.1064848556068
686	0.685	0.166980489520624	33.3047188684741
687	0.686	0.0888466811972005	33.432632453833
688	0.687	0.0263396345731182	33.4902256117182
689	0.688	-0.0830476969450854	33.4618715805322
690	0.689	-0.176808266743131	33.3319435986881
691	0.69	-0.286195598087309	33.1004416662729
692	0.691	-0.426836452535688	32.7439256409614
693	0.692	-0.473716737317669	32.2936490460347
694	0.693	-0.551850545249802	31.780865404751
695	0.694	-0.614357591561522	31.1977613363453
696	0.695	-0.754998445652751	30.5130833177382
697	0.696	-0.926892822669064	29.6721376835772
698	0.697	-0.926892822669064	28.7452448609082
699	0.698	-1.09878719945958	27.7324048498439
700	0.699	-1.14566748399978	26.6101775081142
701	0.7	-1.20817453002744	25.4332565011006
702	0.701	-1.31756186050467	24.1703883058345
703	0.702	-1.33318862199403	22.8450130645852
704	0.703	-1.45820271384271	21.4493173966668
705	0.704	-1.45820271384271	19.9911146828241
706	0.705	-1.4894562367865	18.5172852075095
707	0.706	-1.55196328265211	16.9965754477902
708	0.707	-1.56759004411393	15.4367987844072
709	0.708	-1.58321680557392	13.8613953595632
710	0.709	-1.58321680557392	12.2781785539893
711	0.71	-1.53633652118845	10.7184018906081
712	0.711	-1.58321680557392	9.15862522722693
713	0.712	-1.50508299825565	7.61447532531214
714	0.713	-1.45820271384271	6.13283246926296
715	0.714	-1.47382947531552	4.66681637468385
716	0.715	-1.38006890645108	3.23986718380055
717	0.716	-1.34881538348156	1.87542503883423
718	0.717	-1.31756186050467	0.542236416841112
719	0.718	-1.25505481452876	-0.744071920675604
720	0.719	-1.27068157602551	-2.00694011595274
721	0.72	-1.17692100701732	-3.23074140747415
722	0.721	-1.11441396097484	-4.37640889147023
723	0.722	-1.0675336764235	-5.4673827101694
724	0.723	-0.989399868800768	-6.49584948278153
725	0.724	-0.942519584204787	-7.46180920928431
726	0.725	-0.801878730316026	-8.33400836654471
727	0.726	-0.786251968763475	-9.12807371608446
728	0.727	-0.708118160972592	-9.8752587809525
729	0.728	-0.629984353134739	-10.5443100380062
730	0.729	-0.567477306830562	-11.1430408679888
731	0.73	-0.504970260496194	-11.6792646516522
732	0.731	-0.442463214131576	-12.1529813889661
733	0.732	-0.333075882920533	-12.5407509374921
734	0.733	-0.31744912131136	-12.8660134396081
735	0.734	-0.145554743484764	-13.0975153720061
736	0.735	-0.0986744585828755	-13.21962997304
737	0.736	-0.0361674120202211	-13.2870509083415
738	0.737	0.0888466811972005	-13.260711273753
739	0.738	0.213860774537827	-13.1093575458855
740	0.739	0.26074105957242	-12.8720566288304
741	0.74	0.385755153083211	-12.5488085225026
742	0.741	0.448262199885193	-12.1317998460184
743	0.742	0.557649531863615	-11.628843980144
744	0.743	0.682663625670396	-11.0086874013769
745	0.744	0.76079743436329	-10.2869568713601
746	0.745	0.854558004859588	-9.47927915174867
747	0.746	0.979572098964981	-8.56221409983638
748	0.747	1.05770590784507	-7.54357509643136
749	0.748	1.19834676395412	-6.41554876053176
750	0.749	1.22960028755577	-5.20157523477681
751	0.75	1.30773409659477	-3.93290804270154
752	0.751	1.41712142933321	-2.57048027973756
753	0.752	1.46400171482255	-1.12991870765968
754	0.753	1.49525523849214	0.349709768997668
755	0.754	1.5577622858554	1.87621853117144
756	0.755	1.58901580954909	3.44960757887369
757	0.756	1.62026933325083	5.05425015027365
758	0.757	1.62026933325083	6.67451948352448
759	0.758	1.66714961881855	8.31822895955917
760	0.759	1.60464257139896	9.95412505466793
761	0.76	1.65152285696063	11.5822077688477
762	0.761	1.57338904770124	13.1946637211787
763	0.762	1.58901580954909	14.7758661498038
764	0.763	1.52650876216975	16.3336284356632
765	0.764	1.49525523849214	17.8445104359942
766	0.765	1.47962847665634	19.3319522935684
767	0.766	1.44837495299077	20.795954008392
768	0.767	1.3546143820421	22.1974486759084
769	0.768	1.30773409659477	23.5286229152269
770	0.769	1.26085381116539	24.8129168691069
771	0.77	1.16709324036043	26.0268903948698
772	0.771	1.15146647856656	27.1861702543333
773	0.772	1.08895943141096	28.3063832093221
774	0.773	1.01082562251108	29.3562757362831
775	0.774	0.901438290134314	30.3124076926058
776	0.775	0.854558004859588	31.1904058401028
777	0.776	0.823304481352954	32.0293370832091
778	0.777	0.729543910880247	32.8057612793257
779	0.778	0.698290387405052	33.5196784284683
780	0.779	0.557649531863615	34.1476483881026
781	0.78	0.604529817026491	34.7287380625477
782	0.781	0.479515723297856	35.2707608327099
783	0.782	0.448262199885193	35.7346497943014
784	0.783	0.323248106312306	36.1204049474001
785	0.784	0.229487536214091	36.3967727686633
786	0.785	0.166980489520624	36.5950067815307
787	0.786	0.104473442858031	36.73073374772
788	0.787	0.0107128729219034	36.78832690561
789	0.788	-0.0674209353053803	36.7599728744182
790	0.789	-0.20806178999386	36.6222315117686
791	0.79	-0.27056883647243	36.3829161985355
792	0.791	-0.379956167736651	36.0576536964309
793	0.792	-0.458089975725569	35.6386306246998
794	0.793	-0.583104068409434	35.1180336026323
795	0.794	-0.676864637843093	34.4880492495061
796	0.795	-0.770625207209051	33.76430432698
797	0.796	-0.864385776507502	32.9467988351217
798	0.797	-1.00502663032904	32.0120926317034
799	0.798	-1.0675336764235	30.9758124783272
800	0.799	-1.17692100701732	29.8535851366068
801	0.8	-1.19254776852331	28.6688507488365
802	0.801	-1.27068157602551	27.437236076562
803	0.802	-1.38006890645108	26.1118608353238
804	0.803	-1.41132242941324	24.7161651673916
805	0.804	-1.50508299825565	23.2579624535571
806	0.805	-1.53633652118845	21.7372526938351
807	0.806	-1.53633652118845	20.2009161726466
808	0.807	-1.59884356703209	18.6333261285364
809	0.808	-1.59884356703209	17.0344825615043
810	0.809	-1.61447032848843	15.427825613744
811	0.81	-1.61447032848843	13.8133552852556
812	0.811	-1.56759004411393	12.2223250989544
813	0.812	-1.55196328265211	10.6625484355714
814	0.813	-1.53633652118845	9.11839853365111
815	0.814	-1.50508299825565	7.59768877392905
816	0.815	-1.41132242941324	6.1394860600946
817	0.816	-1.38006890645108	4.74379039216244
818	0.817	-1.31756186050467	3.39497500868457
819	0.818	-1.27068157602551	2.10085329041948
820	0.819	-1.23942805303017	0.845798475891638
821	0.82	-1.17692100701732	-0.362376054132106
822	0.821	-1.13004072248824	-1.51585691888488
823	0.822	-1.05190691490267	-2.60683073758034
824	0.823	-0.942519584204787	-3.60404398713407
825	0.824	-0.989399868800768	-4.57000371363684
826	0.825	-0.84875901496244	-5.48908315551845
827	0.826	-0.770625207209051	-6.29877526660419
828	0.827	-0.708118160972592	-7.03814695069501
829	0.828	-0.661237876275524	-7.72282496931907
830	0.829	-0.567477306830562	-8.33718256087212
831	0.83	-0.473716737317669	-8.85777958294623
832	0.831	-0.426836452535688	-9.30805617787291
833	0.832	-0.364329406133177	-9.70363910720734
834	0.833	-0.301822359700286	-10.0367149901241
835	0.834	-0.19243502836945	-10.2838436841589
836	0.835	-0.114301220218751	-10.437211808453
837	0.836	-0.0205406503747653	-10.5046327437498
838	0.837	0.0575931578813128	-10.4861064899965
839	0.838	0.151353727852084	-10.3816330471298
840	0.839	0.307621344624429	-10.1521455108916
841	0.84	0.401381914780791	-9.79764388118896
842	0.841	0.479515723297856	-9.35719506214964
843	0.842	0.542022770146562	-8.84642581542743
844	0.843	0.6670368639377	-8.2418959983853
845	0.844	0.745170672620787	-7.53579223010605
846	0.845	0.854558004859588	-6.73592789136587
847	0.846	0.979572098964981	-5.81886283945358
848	0.847	1.04207914606509	-4.80803721693855
849	0.848	1.16709324036043	-3.70345102372579
850	0.849	1.24522704935959	-2.49729087886578
851	0.85	1.33898762022433	-1.20518354407382
852	0.851	1.41712142933321	0.172870980704945
853	0.852	1.44837495299077	1.60561917186693
854	0.853	1.5577622858554	3.10868779129002
855	0.854	1.58901580954909	4.68207683899227
856	0.855	1.57338904770124	6.26327926761744
857	0.856	1.62026933325083	7.86010845809347
858	0.857	1.65152285696063	9.4960045531992
859	0.858	1.65152285696063	11.1475274101598
860	0.859	1.63589609510472	12.7912368861925
861	0.86	1.65152285696063	14.4349463622252
862	0.861	1.63589609510472	16.0786558382579
863	0.862	1.5577622858554	17.6754850287379
864	0.863	1.52650876216975	19.2176205527505
865	0.864	1.47962847665634	20.7206891721635
866	0.865	1.43274819116099	22.1768775060722
867	0.866	1.41712142933321	23.6018123163193
868	0.867	1.40149466750743	25.0111203647396
869	0.868	1.29210733478298	26.3579213658848
870	0.869	1.22960028755577	27.6187751770542
871	0.87	1.18272000215628	28.8249353219102
872	0.871	1.13583971677469	29.9842151813757
873	0.872	1.04207914606509	31.0731746127956
874	0.873	1.01082562251108	32.0996269970837
875	0.874	0.885811528374101	33.0479455725263
876	0.875	0.885811528374101	33.9337571009004
877	0.876	0.823304481352954	34.7883151057639
878	0.877	0.745170672620787	35.5725526827508
879	0.878	0.6670368639377	36.27865645103
880	0.879	0.604529817026491	36.9144397915121
881	0.88	0.542022770146562	37.4877160850986
882	0.881	0.448262199885193	37.9828585701145
883	0.882	0.401381914780791	38.4076806274475
884	0.883	0.307621344624429	38.7621822571501
885	0.884	0.213860774537827	39.0229233167313
886	0.885	0.213860774537827	39.2367840912691
887	0.886	0.104473442858031	39.395951199967
888	0.887	0.0107128729219034	39.453544357857
889	0.888	-0.0986744585828755	39.4095635650265
890	0.889	-0.161181505114903	39.2796355831776
891	0.89	-0.27056883647243	39.0637604123839
892	0.891	-0.379956167736651	38.7384979102794
893	0.892	-0.458089975725569	38.3194748385483
894	0.893	-0.567477306830562	37.8066911972702
895	0.894	-0.661237876275524	37.1923336057172
896	0.895	-0.739371684094575	36.4920288255321
897	0.896	-0.864385776507502	35.6901500952311
898	0.897	-0.911266061131475	34.8023241764116
899	0.898	-1.05190691490267	33.8207376883945
900	0.899	-1.13004072248824	32.7297638696991
901	0.9	-1.20817453002744	31.5606562434412
902	0.901	-1.31756186050467	30.2977880481752
903	0.902	-1.34881538348156	28.9645994261821
904	0.903	-1.39569566793308	27.5923439004747
905	0.904	-1.4894562367865	26.1497679481149
906	0.905	-1.50508299825565	24.6524983305939
907	0.906	-1.58321680557392	23.1083484286791
908	0.907	-1.56759004411393	21.5329450038351
909	0.908	-1.58321680557392	19.9575415789912
910	0.909	-1.61447032848843	18.35869801196
911	0.91	-1.52070975972297	16.7911079678543
912	0.911	-1.52070975972297	15.2703982081314
913	0.912	-1.52070975972297	13.7496884484084
914	0.913	-1.50508299825565	12.2367920694191
915	0.914	-1.4894562367865	10.739522451898
916	0.915	-1.41132242941324	9.28913311879815
917	0.916	-1.38006890645108	7.89343745086599
918	0.917	-1.34881538348156	6.52899530589967
919	0.918	-1.30193509901346	5.20362006465216
920	0.919	-1.22380129152973	3.94075186938056
921	0.92	-1.13004072248824	2.76383086237158
922	0.921	-1.11441396097484	1.64160352064004
923	0.922	-1.03628015337999	0.56625646346263
924	0.923	-0.942519584204787	-0.423143405329757
925	0.924	-0.942519584204787	-1.36566298953454
926	0.925	-0.84875901496244	-2.26130228911816
927	0.926	-0.739371684094575	-3.05536763864666
928	0.927	-0.723744922534523	-3.78692594196121
929	0.928	-0.583104068409434	-4.44035043743319
930	0.929	-0.583104068409434	-5.02345450584263
931	0.93	-0.473716737317669	-5.55186490870618
932	0.931	-0.379956167736651	-5.97870136123334
933	0.932	-0.364329406133177	-6.35084414816825
934	0.933	-0.254942074855646	-6.66047988866266
935	0.934	-0.19243502836945	-6.88416844027521
936	0.935	-0.0830476969450854	-7.02190980293248
937	0.936	0.0263396345731182	-7.05026383411846
938	0.937	0.0732199195382946	-7.00048405706276
939	0.938	0.213860774537827	-6.8569437100247
940	0.939	0.26074105957242	-6.61964279296957
941	0.94	0.401381914780791	-6.28858130579297
942	0.941	0.463888961590551	-5.8559458676073
943	0.942	0.588903055303578	-5.32954985916023
944	0.943	0.6670368639377	-4.70157989953959
945	0.944	0.745170672620787	-3.99547613126035
946	0.945	0.870184766615859	-3.18779841164203
947	0.946	0.99519886073704	-2.25510659796558
948	0.947	1.01082562251108	-1.25209435634152
949	0.948	1.19834676395412	-0.147508163108917
950	0.949	1.24522704935959	1.07427874354794
951	0.95	1.29210733478298	2.34294593561922
952	0.951	1.43274819116099	3.7053736985912
953	0.952	1.46400171482255	5.15374865158297
954	0.953	1.51088200032994	6.64119050915922
955	0.954	1.58901580954909	8.19113941409874
956	0.955	1.5577622858554	9.76452846180099
957	0.956	1.58901580954909	11.3379175095032
958	0.957	1.58901580954909	12.9269333190523
959	0.958	1.62026933325083	14.5315758904523
960	0.959	1.62026933325083	16.1518452237031
961	0.96	1.62026933325083	17.772114556954
962	0.961	1.58901580954909	19.3767571283539
963	0.962	1.52650876216975	20.9345194142133
964	0.963	1.54213552401157	22.468841557304
965	0.964	1.46400171482255	23.9719101767211
966	0.965	1.43274819116099	25.4202851297128
967	0.966	1.44837495299077	26.8608467017887
968	0.967	1.32336085840855	28.2467146074884
969	0.968	1.32336085840855	29.5700754658969
970	0.969	1.26085381116539	30.8621828006839
971	0.97	1.16709324036043	32.0761563264468
972	0.971	1.13583971677469	33.2276228050144
973	0.972	1.01082562251108	34.3009554746572
974	0.973	0.99519886073704	35.3039677162813
975	0.974	0.917065051896499	36.2600996725981
976	0.975	0.885811528374101	37.1615379627334
977	0.976	0.79205095785419	38.0004692058475
978	0.977	0.745170672620787	38.769080021085
979	0.978	0.635783340478182	39.4595570276345
980	0.979	0.620156578751358	40.0875269872493
981	0.98	0.557649531863615	40.6764300425568
982	0.981	0.495142485007109	41.2028260509921
983	0.982	0.370128391387574	41.6354614891895
984	0.983	0.354501629693878	41.9977764997302
985	0.984	0.213860774537827	42.281957701846
986	0.985	0.166980489520624	42.4723783338753
987	0.986	0.0732199195382946	42.5924785384047
988	0.987	0.0107128729219034	42.6344449346348
989	0.988	-0.0517941736637592	42.6139042842639
990	0.989	-0.161181505114903	42.5074164448746
991	0.99	-0.239315313236957	42.3071680356986
992	0.991	-0.301822359700286	42.03659919923
993	0.992	-0.411209690937905	41.6800831739109
994	0.993	-0.551850545249802	41.1985530558171
995	0.994	-0.645611114706072	40.5998222258391
996	0.995	-0.786251968763475	39.8838906841043
997	0.996	-0.817505491866703	39.0820119537892
998	0.997	-0.958146345738644	38.1941860349866
999	0.998	-1.05190691490267	37.1891594046659
1000	0.999	-1.14566748399978	36.0903722052147
