No.	时间（s）	Dev1/ai0-1-测振（mm/s）	VH01-V1-Dev1/ai0一次积分（μm）
1	0	1.5672238025125	0
2	0.001	1.59847732623036	1.58285056437143
3	0.002	1.5672238025125	3.16570112874285
4	0.003	1.58285056437042	4.74073831218431
5	0.004	1.5672238025125	6.31577549562577
6	0.005	1.55159704065659	7.87518591721031
7	0.006	1.48908999325311	9.39552943416517
8	0.007	1.45783646956344	10.8689926655734
9	0.008	1.44220970772162	12.319015754216
10	0.009	1.34844913671285	13.7143451764332
11	0.01	1.30156885123552	15.0393541704074
12	0.011	1.2546885657762	16.3174828789133
13	0.012	1.16092799491146	17.5252911592571
14	0.013	1.14530123310764	18.6784057732666
15	0.014	1.0827941859123	19.7924534827766
16	0.015	0.973406853396937	20.8205540024312
17	0.016	0.95778009161696	21.7861474749382
18	0.017	0.879646282746767	22.70486066212
19	0.018	0.832765997448369	23.5610668022176
20	0.019	0.817139235686184	24.3860194187849
21	0.02	0.723378665154459	25.1562783692052
22	0.021	0.70775190340606	25.8718436534855
23	0.022	0.613991332956922	26.532715271667
24	0.023	0.567111047758832	27.1232664620248
25	0.024	0.457723715698432	27.6356838437535
26	0.025	0.363963145437063	28.0465272743212
27	0.026	0.332709622032184	28.3948636580558
28	0.027	0.254575813553992	28.6885063758489
29	0.028	0.17644200512429	28.9040152851881
30	0.029	0.0826814350724942	29.0335770052865
31	0.03	-0.0110791349098355	29.0693781553678
32	0.031	-0.0735861815262267	29.0270454971498
33	0.032	-0.229853797932894	28.8753255074202
34	0.033	-0.27673408281758	28.622031567045
35	0.034	-0.417374937368663	28.2749770569518
36	0.035	-0.511135506983818	27.8107218347756
37	0.036	-0.5580157917658	27.2761461854008
38	0.037	-0.729910169154202	26.6321832049408
39	0.038	-0.745536930723654	25.8944596550019
40	0.039	-0.870551023211606	25.0864156780342
41	0.04	-0.979938354040149	24.1611709894084
42	0.041	-1.05807216171877	23.1421657315289
43	0.042	-1.18308625390771	22.0215865237157
44	0.043	-1.24559329995761	20.807246746783
45	0.044	-1.29247358447557	19.5382133045664
46	0.045	-1.35498063047364	18.2144861970918
47	0.046	-1.41748767644217	16.8282520436339
48	0.047	-1.54250176829084	15.3482573212674
49	0.048	-1.58938205270378	13.7823154107701
50	0.049	-1.62063557563658	12.1773065965999
51	0.05	-1.71439614439107	10.5097907365861
52	0.051	-1.69876938293656	8.80320797292227
53	0.052	-1.74564966729463	7.08099844780668
54	0.053	-1.69876938293656	5.35878892269108
55	0.054	-1.66751586002205	3.67564630121178
56	0.055	-1.71439614439107	1.98469029900521
57	0.056	-1.58938205270378	0.332801200457786
58	0.057	-1.66751586002205	-1.29564775590513
59	0.058	-1.54250176829084	-2.90065657006158
60	0.059	-1.47999472238121	-4.4119048153976
61	0.06	-1.44874119941537	-5.87627277629589
62	0.061	-1.35498063047364	-7.2781336912404
63	0.062	-1.30810034597786	-8.60967417946615
64	0.063	-1.27684682297144	-9.9021477639408
65	0.064	-1.18308625390771	-11.1321143023804
66	0.065	-1.1674594923906	-12.3073871755295
67	0.066	-1.0736989232489	-13.4279663833493
68	0.067	-1.0736989232489	-14.5016653065982
69	0.068	-0.995565115579605	-15.5362973260124
70	0.069	-0.901804546314833	-16.4849821569596
71	0.07	-0.870551023211606	-17.3711599417229
72	0.071	-0.761163692291223	-18.1870172994743
73	0.072	-0.714283407582869	-18.9247408494113
74	0.073	-0.714283407582869	-19.6390242569942
75	0.074	-0.573642553356007	-20.2829872374636
76	0.075	-0.511135506983818	-20.8253762676335
77	0.076	-0.40174817575949	-21.2818181090052
78	0.077	-0.37049465253544	-21.6679395231527
79	0.078	-0.229853797932894	-21.9681137483868
80	0.079	-0.120466466468351	-22.1432738805875
81	0.08	-0.0267058965668173	-22.216860062105
82	0.081	0.0358011500726584	-22.2123124353521
83	0.082	0.113934958415365	-22.1374443811081
84	0.083	0.238949051864176	-21.9610023759683
85	0.084	0.395216668849726	-21.6439195156114
86	0.085	0.457723715698432	-21.2174493233373
87	0.086	0.551484286030052	-20.7128453224731
88	0.087	0.598364571222266	-20.1379208938469
89	0.088	0.723378665154459	-19.4770492756585
90	0.089	0.817139235686184	-18.7067903252382
91	0.09	0.86401952097866	-17.8662109469058
92	0.091	0.989033615178894	-16.939684378827
93	0.092	1.02028713874876	-15.9350240018632
94	0.093	1.12967447130582	-14.8600431968359
95	0.094	1.20780828033485	-13.6913018210156
96	0.095	1.30156885123552	-12.4366132552304
97	0.096	1.39532942220821	-11.0881641185085
98	0.097	1.44220970772162	-9.6693945535436
99	0.098	1.50471675510096	-8.1959313221323
100	0.099	1.48908999325311	-6.69902794795527
101	0.1	1.5672238025125	-5.17087105007246
102	0.101	1.59847732623036	-3.58802048570103
103	0.102	1.58285056437042	-1.99735654040065
104	0.103	1.61410408809231	-0.398879214169281
105	0.104	1.5672238025125	1.19178473113312
106	0.105	1.58285056437042	2.76682191457458
107	0.106	1.55159704065659	4.33404571708809
108	0.107	1.41095618404401	5.81532232943839
109	0.108	1.41095618404401	7.2262785134824
110	0.109	1.3171956130593	8.59035441203405
111	0.11	1.28594208941375	9.89192326327058
112	0.111	1.27031532759397	11.1700519717744
113	0.112	1.16092799491146	12.3856736330272
114	0.113	1.14530123310764	13.5387882470367
115	0.114	1.03591390053666	14.6293958138589
116	0.115	0.95778009161696	15.6262428099357
117	0.116	0.95778009161696	16.5840229015526
118	0.117	0.879646282746767	17.5027360887345
119	0.118	0.848392759212527	18.3667556097141
120	0.119	0.785885712167729	19.1838948454043
121	0.12	0.723378665154459	19.9385270340654
122	0.121	0.739005426904824	20.669719080095
123	0.122	0.598364571222266	21.3384040791586
124	0.123	0.58273780948957	21.9289552695145
125	0.124	0.457723715698432	22.4491860321085
126	0.125	0.410843430558978	22.8834696052372
127	0.126	0.348336383733651	23.2630595123835
128	0.127	0.254575813553992	23.5645156110273
129	0.128	0.207695528490359	23.7956512820495
130	0.129	0.0670546734039539	23.9330263829966
131	0.13	-0.0110791349098355	23.9610141522437
132	0.131	-0.120466466468351	23.8952413515546
133	0.132	-0.261107321191261	23.7044544577248
134	0.133	-0.261107321191261	23.4433471365335
135	0.134	-0.417374937368663	23.1041060072536
136	0.135	-0.495508745386035	22.6476641658762
137	0.136	-0.542389030173699	22.1287152780964
138	0.137	-0.714283407582869	21.5003790592181
139	0.138	-0.792417215420722	20.7470287477163
140	0.139	-0.854924261657181	19.9233580091773
141	0.14	-0.964311592498825	19.0137400820993
142	0.141	-1.02681863865292	18.0181749665235
143	0.142	-1.15183273087163	16.9288492817612
144	0.143	-1.1674594923906	15.7692031701301
145	0.144	-1.29247358447557	14.539236631697
146	0.145	-1.38623415346159	13.1998827627284
147	0.146	-1.41748767644217	11.7980218477765
148	0.147	-1.55812852976365	10.3102137446736
149	0.148	-1.57375529123463	8.74427183417447
150	0.149	-1.6050088141711	7.15488978147161
151	0.15	-1.69876938293656	5.50300068291778
152	0.151	-1.65188909856206	3.82767144216847
153	0.152	-1.65188909856206	2.17578234360641
154	0.153	-1.68314262148022	0.508266483585267
155	0.154	-1.65188909856206	-1.15924937643587
156	0.155	-1.68314262148022	-2.82676523645701
157	0.156	-1.62063557563658	-4.47865433501541
158	0.157	-1.63626233710024	-6.10710329138382
159	0.158	-1.55812852976365	-7.70429872481577
160	0.159	-1.43311443792969	-9.19992020866244
161	0.16	-1.44874119941537	-10.640848027335
162	0.161	-1.30810034597786	-12.0192688000316
163	0.162	-1.30810034597786	-13.3273691460094
164	0.163	-1.18308625390771	-14.5729624459522
165	0.164	-1.1674594923906	-15.7482353191014
166	0.165	-1.1674594923906	-16.915694811492
167	0.166	-1.08932568477717	-18.0440874000759
168	0.167	-1.01119187711719	-19.094346181023
169	0.168	-0.964311592498825	-20.0820979158311
170	0.169	-0.839297500100881	-20.9839024621309
171	0.17	-0.526762268579706	-21.6669323464712
172	0.171	-0.29236084444199	-22.0764939029821
173	0.172	-1.27684682297144	-22.8610977366888
174	0.173	-0.776790453856913	-23.8879163751029
175	0.174	-0.948684830955633	-24.7506540175092
176	0.175	-0.792417215420722	-25.6212050406974
177	0.176	-0.417374937368663	-26.2261011170921
178	0.177	-0.214227036300844	-26.5419021039268
179	0.178	-0.448628460581307	-26.8733298523679
180	0.179	-0.261107321191261	-27.2281977432542
181	0.18	-0.057959419875012	-27.3877311137873
182	0.181	0.0358011500726584	-27.3988102486885
183	0.182	0.285829336939443	-27.2379950051825
184	0.183	1.00466037696283	-26.5927501482313
185	0.184	0.613991332956922	-25.7834242932714
186	0.185	1.00466037696283	-24.9740984383116
187	0.186	0.660871618172657	-24.1413324407438
188	0.187	0.785885712167729	-23.4179537755736
189	0.188	1.62973084995628	-22.2101454945116
190	0.189	1.5359702788027	-20.6272949301321
191	0.19	1.52034351695083	-19.0991380322554
192	0.191	1.77037170682303	-17.4537804203684
193	0.192	2.12978723067466	-15.5037009516196
194	0.193	0.817139235686184	-14.0302377184392
195	0.194	0.770258950411458	-13.2365386253903
196	0.195	1.30156885123552	-12.2006247245668
197	0.196	1.87975904005512	-10.6099607789215
198	0.197	1.39532942220821	-8.97241654778985
199	0.198	1.50471675510096	-7.52239345913526
200	0.199	1.58285056437042	-5.97860979939957
201	0.2	1.58285056437042	-4.39575923502915
202	0.201	1.5672238025125	-2.8207220515877
203	0.202	1.5672238025125	-1.2534982490752
204	0.203	1.61410408809231	0.337165696227206
205	0.204	1.5672238025125	1.92782964152961
206	0.205	1.5359702788027	3.47942668218721
207	0.206	1.5359702788027	5.01539696098991
208	0.207	1.44220970772162	6.50448695425208
209	0.208	1.42658294588181	7.9388832810538
210	0.209	1.33282237488508	9.31858594143724
211	0.21	1.2546885657762	10.6123414117679
212	0.211	1.27031532759397	11.874843358453
213	0.212	1.14530123310764	13.0826516388038
214	0.213	1.09842094770815	14.2045127292117
215	0.214	1.06716742411843	15.287306915125
216	0.215	0.95778009161696	16.2997806729927
217	0.216	0.926526568062948	17.2419340028326
218	0.217	0.879646282746767	18.1450204282375
219	0.218	0.801512473925971	18.9855998065738
220	0.219	0.785885712167729	19.7792988996207
221	0.22	0.70775190340606	20.5261177074076
222	0.221	0.692125141659628	21.2260562299404
223	0.222	0.567111047758832	21.8556743246497
224	0.223	0.535857524303228	22.4071586106807
225	0.224	0.48897723913449	22.9195759923996
226	0.225	0.395216668849726	23.3616729463917
227	0.226	0.332709622032184	23.7256360918326
228	0.227	0.238949051864176	24.0114654287808
229	0.228	0.129561720089697	24.1957208147577
230	0.229	0.0983081967429642	24.3096557731741
231	0.23	-0.057959419875012	24.329830161608
232	0.231	-0.15171998975351	24.2249904567938
233	0.232	-0.229853797932894	24.0342035629506
234	0.233	-0.35486789092056	23.7418427185238
235	0.234	-0.433001698975935	23.3479079235756
236	0.235	-0.5580157917658	22.8523991782047
237	0.236	-0.589269314944324	22.2787566248497
238	0.237	-0.698656646009652	21.6347936443727
239	0.238	-0.745536930723654	20.912696856006
240	0.239	-0.839297500100881	20.1202796405938
241	0.24	-0.948684830955633	19.2262884750655
242	0.241	-1.04244540018677	18.2307233594943
243	0.242	-1.15183273087163	17.1335842939651
244	0.243	-1.21433977693637	15.9504980400611
245	0.244	-1.27684682297144	14.7049047401072
246	0.245	-1.41748767644217	13.3577374904004
247	0.246	-1.44874119941537	11.9246230524716
248	0.247	-1.5112482453397	10.4446283300941
249	0.248	-1.6050088141711	8.8864998003387
250	0.249	-1.6050088141711	7.2814909861676
251	0.25	-1.66751586002205	5.64522864907102
252	0.251	-1.71439614439107	3.95427264686446
253	0.252	-1.71439614439107	2.23987650247338
254	0.253	-1.73002290584376	0.517666977355966
255	0.254	-1.69876938293656	-1.1967291670342
256	0.255	-1.65188909856206	-2.87205840778351
257	0.256	-1.63626233710024	-4.51613412561465
258	0.257	-1.6050088141711	-6.13676970125032
259	0.258	-1.54250176829084	-7.71052499248129
260	0.259	-1.49562148386137	-9.22958661855739
261	0.26	-1.44874119941537	-10.7017679601958
262	0.261	-1.37060739196854	-12.1114422558877
263	0.262	-1.30810034597786	-13.4507961248609
264	0.263	-1.30810034597786	-14.7588964708388
265	0.264	-1.1674594923906	-15.996676390023
266	0.265	-1.15183273087163	-17.1563225016541
267	0.266	-1.08932568477717	-18.2769017094785
268	0.267	-1.01119187711719	-19.3271604904257
269	0.268	-0.979938354040149	-20.3227256060044
270	0.269	-0.93305806941057	-21.2792238177297
271	0.27	-0.839297500100881	-22.1654016024855
272	0.271	-0.761163692291223	-22.9656321986815
273	0.272	-0.729910169154202	-23.7111691294042
274	0.273	-0.683029884434551	-24.4176391561986
275	0.274	-0.604896076530749	-25.0616021366813
276	0.275	-0.542389030173699	-25.6352446900335
277	0.276	-0.448628460581307	-26.130753435411
278	0.277	-0.307987606064492	-26.5090614687339
279	0.278	-0.245480559563033	-26.7857955515476
280	0.279	-0.057959419875012	-26.9375155412667
281	0.28	-0.057959419875012	-26.9954749611417
282	0.281	0.0201743884099014	-27.0143674768742
283	0.282	0.113934958415365	-26.9473128034616
284	0.283	0.254575813553992	-26.7630574174769
285	0.284	0.363963145437063	-26.4537879379814
286	0.285	0.379589907142421	-26.0820114116917
287	0.286	0.520230762578361	-25.6321010768313
288	0.287	0.613991332956922	-25.0649900290636
289	0.288	0.70775190340606	-24.4041184108821
290	0.289	0.848392759212527	-23.6260460795728
291	0.29	0.89527304451685	-22.7542131777081
292	0.291	1.02028713874876	-21.7964330860753
293	0.292	1.0827941859123	-20.7448924237448
294	0.293	1.14530123310764	-19.6308447142348
295	0.294	1.23906180396042	-18.4386631957008
296	0.295	1.28594208941375	-17.1761612490137
297	0.296	1.41095618404401	-15.8277121122848
298	0.297	1.41095618404401	-14.4167559282408
299	0.298	1.47346323140727	-12.9745462205152
300	0.299	1.52034351695083	-11.4776428463361
301	0.3	1.55159704065659	-9.94167256753244
302	0.301	1.55159704065659	-8.39007552687584
303	0.302	1.5672238025125	-6.8306651052913
304	0.303	1.59847732623036	-5.24781454091987
305	0.304	1.59847732623036	-3.64933721468952
306	0.305	1.50471675510096	-2.09774017402386
307	0.306	1.50471675510096	-0.593023418922892
308	0.307	1.44220970772162	0.880439812488402
309	0.308	1.37970266037442	2.29139599653643
310	0.309	1.39532942220821	3.67891203782774
311	0.31	1.27031532759397	5.01173441272884
312	0.311	1.2546885657762	6.27423635941392
313	0.312	1.17655475671726	7.48985802066065
314	0.313	1.14530123310764	8.6507860155731
315	0.314	1.06716742411843	9.75702034418614
316	0.315	0.973406853396937	10.7773074829438
317	0.316	0.926526568062948	11.7272741936738
318	0.317	0.89527304451685	12.6381739999637
319	0.318	0.86401952097866	13.5178202827114
320	0.319	0.785885712167729	14.3427728992846
321	0.32	0.739005426904824	15.1052184688209
322	0.321	0.692125141659628	15.8207837531031
323	0.322	0.567111047758832	16.4504018478123
324	0.323	0.551484286030052	17.0096995147068
325	0.324	0.473350477415485	17.5221168964296
326	0.325	0.395216668849726	17.9564004695622
327	0.326	0.270202575245747	18.2891100916099
328	0.327	0.207695528490359	18.528059143478
329	0.328	0.145188481765961	18.7045011486061
330	0.329	0.0358011500726584	18.7949959645254
331	0.33	-0.057959419875012	18.7839168296242
332	0.331	-0.120466466468351	18.6947038864526
333	0.332	-0.167346751393216	18.5507972775218
334	0.333	-0.35486789092056	18.2896899563649
335	0.334	-0.40174817575949	17.9113819230249
336	0.335	-0.511135506983818	17.4549400816532
337	0.336	-0.542389030173699	16.9281778130745
338	0.337	-0.651776361278692	16.3310951173483
339	0.338	-0.745536930723654	15.6324384713471
340	0.339	-0.886177784764156	14.8165811136032
341	0.34	-0.964311592498825	13.8913364249717
342	0.341	-1.05807216171877	12.8801445478629
343	0.342	-1.1674594923906	11.7673787208082
344	0.343	-1.29247358447557	10.5374121823751
345	0.344	-1.3237271074783	9.22931183639819
346	0.345	-1.4018609149528	7.86651782518264
347	0.346	-1.44874119941537	6.44121676799855
348	0.347	-1.54250176829084	4.94559528414545
349	0.348	-1.6050088141711	3.37183999291448
350	0.349	-1.6050088141711	1.76683117874338
351	0.35	-1.66751586002205	0.130568841646807
352	0.351	-1.69876938293656	-1.5525737798325
353	0.352	-1.66751586002205	-3.23571640131181
354	0.353	-1.76127642874367	-4.95011254569467
355	0.354	-1.68314262148022	-6.67232207080661
356	0.355	-1.69876938293656	-8.363278073015
357	0.356	-1.65188909856206	-10.0386073137643
358	0.357	-1.55812852976365	-11.6436161279272
359	0.358	-1.54250176829084	-13.1939312769544
360	0.359	-1.49562148386137	-14.7129929030305
361	0.36	-1.46436796089921	-16.1929876254108
362	0.361	-1.37060739196854	-17.6104753018447
363	0.362	-1.29247358447557	-18.9420157900667
364	0.363	-1.26122006146545	-20.2188626130372
365	0.364	-1.22996653844791	-21.4644559129939
366	0.365	-1.18308625390771	-22.6709823091717
367	0.366	-1.1362059693508	-23.830628420801
368	0.367	-1.01119187711719	-24.904327344035
369	0.368	-0.995565115579605	-25.9077058403834
370	0.369	-1.04244540018677	-26.9267110982666
371	0.37	-0.886177784764156	-27.8910226907421
372	0.371	-0.37049465253544	-28.5193589093919
373	0.372	-1.1362059693508	-29.272709220335
374	0.373	-0.229853797932894	-29.9557391039768
375	0.374	-1.08932568477717	-30.6153288453319
376	0.375	-1.1362059693508	-31.7280946723958
377	0.376	-0.542389030173699	-32.5673921721581
378	0.377	-0.823670738542706	-33.2504220565163
379	0.378	-0.464255222184781	-33.89438503688
380	0.379	-0.214227036300844	-34.2336261661228
381	0.38	-0.120466466468351	-34.4009729175074
382	0.381	0.113934958415365	-34.4042386715339
383	0.382	-0.198600274666882	-34.4465713296597
384	0.383	0.160815243444158	-34.4654638452711
385	0.384	0.442096953983331	-34.1640077465573
386	0.385	0.91089980628891	-33.4875093664212
387	0.386	0.0826814350724942	-32.9907187457405
388	0.387	0.95778009161696	-32.4704879823958
389	0.388	1.03591390053666	-31.473640986319
390	0.389	1.75474494494085	-30.0783115635802
391	0.39	1.97351961147623	-28.2141792853717
392	0.391	1.69223789743238	-26.3813005309173
393	0.392	0.89527304451685	-25.0875450599427
394	0.393	1.5359702788027	-23.871923398283
395	0.394	3.2080338087756	-21.4999213544938
396	0.395	1.48908999325311	-19.1513594534794
397	0.396	0.0826814350724942	-18.3654737393166
398	0.397	0.926526568062948	-17.8608697377489
399	0.398	1.44220970772162	-16.6765015998566
400	0.399	1.5359702788027	-15.1874116065945
401	0.4	1.55159704065659	-13.6436279468648
402	0.401	1.5359702788027	-12.0998442871352
403	0.402	1.62973084995628	-10.5169937227557
404	0.403	1.5672238025125	-8.91851639652129
405	0.404	1.59847732623036	-7.33566583214986
406	0.405	1.5672238025125	-5.75281526777843
407	0.406	1.55159704065659	-4.19340484619389
408	0.407	1.48908999325311	-2.67306132923903
409	0.408	1.39532942220821	-1.23085162150837
410	0.409	1.37970266037442	0.156664419782947
411	0.41	1.3171956130593	1.50511355649981
412	0.411	1.20780828033485	2.76761550319688
413	0.412	1.19218151852506	3.96761040262684
414	0.413	1.12967447130582	5.12853839754228
415	0.414	1.0827941859123	6.23477272615134
416	0.415	1.00466037696283	7.2785000075889
417	0.416	0.989033615178894	8.27534700365977
418	0.417	0.89527304451685	9.21750033350764
419	0.418	0.817139235686184	10.0737064736092
420	0.419	0.785885712167729	10.8752189475361
421	0.42	0.723378665154459	11.6298511361972
422	0.421	0.70775190340606	12.3454164204775
423	0.422	0.58273780948957	12.9906612769253
424	0.423	0.520230762578361	13.5421455629592
425	0.424	0.48897723913449	14.0467495638157
426	0.425	0.410843430558978	14.4966598986624
427	0.426	0.363963145437063	14.8840631866604
428	0.427	0.238949051864176	15.185519285311
429	0.428	0.113934958415365	15.3619612904508
430	0.429	0.113934958415365	15.4758962488662
431	0.43	-0.0110791349098355	15.5273241606189
432	0.431	-0.15171998975351	15.4459245982873
433	0.432	-0.182973513031006	15.278577846895
434	0.433	-0.323614367685087	15.025283906537
435	0.434	-0.37049465253544	14.6782293964267
436	0.435	-0.495508745386035	14.245227697466
437	0.436	-0.604896076530749	13.6950252865076
438	0.437	-0.636149599697932	13.0745024483932
439	0.438	-0.761163692291223	12.3758458023987
440	0.439	-0.886177784764156	11.552175063871
441	0.44	-0.979938354040149	10.6191169944688
442	0.441	-1.04244540018677	9.60792511735535
443	0.442	-1.1674594923906	8.50297267106667
444	0.443	-1.21433977693637	7.31207303640318
445	0.444	-1.3237271074783	6.04303959419585
446	0.445	-1.35498063047364	4.70368572521988
447	0.446	-1.46436796089921	3.29401142953346
448	0.447	-1.54250176829084	1.79057656493843
449	0.448	-1.57375529123463	0.232448035175696
450	0.449	-1.62063557563658	-1.36474739825991
451	0.45	-1.69876938293656	-3.02444987754648
452	0.451	-1.68314262148022	-4.71540587975487
453	0.452	-1.71439614439107	-6.41417526269052
454	0.453	-1.71439614439107	-8.1285714070816
455	0.454	-1.66751586002205	-9.81952740928816
456	0.455	-1.68314262148022	-11.4948566500393
457	0.456	-1.63626233710024	-13.1545591293295
458	0.457	-1.55812852976365	-14.7517545627615
459	0.458	-1.5112482453397	-16.2864429503131
460	0.459	-1.49562148386137	-17.7898778149137
461	0.46	-1.43311443792969	-19.2542457758092
462	0.461	-1.41748767644217	-20.6795468329951
463	0.462	-1.33935386897689	-22.0579676057047
464	0.463	-1.24559329995761	-23.3504411901719
465	0.464	-1.22996653844791	-24.5882211093747
466	0.465	-1.1674594923906	-25.7869341247939
467	0.466	-1.08932568477717	-26.9153267133778
468	0.467	-1.04244540018677	-27.9812122558598
469	0.468	-0.979938354040149	-28.9924041329733
470	0.469	-0.886177784764156	-29.9254622023754
471	0.47	-0.870551023211606	-30.8038266063633
472	0.471	-0.808043976982653	-31.6431241064604
473	0.472	-0.667403122857564	-32.3808476563805
474	0.473	-0.604896076530749	-33.0169972560747
475	0.474	-0.620522838115285	-33.6297067133977
476	0.475	-0.0267058965668173	-33.9533210807388
477	0.476	-0.417374937368663	-34.1753614977065
478	0.477	-0.386121414148416	-34.577109673465
479	0.478	0.410843430558978	-34.5647486652597
480	0.479	-0.0892129431755209	-34.403933421568
481	0.48	-0.057959419875012	-34.4775196030933
482	0.481	-0.0267058965668173	-34.5198522613142
483	0.482	-0.0110791349098355	-34.5387447770525
484	0.483	0.254575813553992	-34.4169964377305
485	0.484	0.317082860332661	-34.1311671007871
486	0.485	0.48897723913449	-33.7281370510536
487	0.486	0.535857524303228	-33.2157196693347
488	0.487	0.58273780948957	-32.6564220024383
489	0.488	0.70775190340606	-32.0111771459905
490	0.489	0.770258950411458	-31.2721717190817
491	0.49	0.848392759212527	-30.4628458642697
492	0.491	0.989033615178894	-29.544132677074
493	0.492	1.0827941859123	-28.5082187765284
494	0.493	1.16092799491146	-27.3863576861165
495	0.494	1.20780828033485	-26.2019895484934
496	0.495	1.30156885123552	-24.9473009827082
497	0.496	1.39532942220821	-23.5988518459863
498	0.497	1.47346323140727	-22.1644555191786
499	0.498	1.45783646956344	-20.6988056686932
500	0.499	1.52034351695083	-19.2097156754361
501	0.5	1.5359702788027	-17.6815587775593
502	0.501	1.58285056437042	-16.1221483559728
503	0.502	1.61410408809231	-14.5236710297414
504	0.503	1.58285056437042	-12.92519370351
505	0.504	1.5672238025125	-11.3501565200686
506	0.505	1.52034351695083	-9.80637286033692
507	0.506	1.47346323140727	-8.30946948615787
508	0.507	1.50471675510096	-6.82037949290375
509	0.508	1.36407589854264	-5.38598316608195
510	0.509	1.36407589854264	-4.02190726753932
511	0.51	1.30156885123552	-2.68908489265023
512	0.511	1.2546885657762	-1.41095618414437
513	0.512	1.18970931607733	-1.41095618414437
514	0.513	1.14282903067187	-0.244687010769775
515	0.514	1.08032198349243	0.866888496312373
516	0.515	1.01781493634477	1.91595695623097
517	0.516	0.986561412782835	2.91814513079477
518	0.517	0.892800842144534	3.85782625825846
519	0.518	0.861547318614243	4.73500033863785
520	0.519	0.814667033333603	5.57310751461177
521	0.52	0.767786748070698	6.36433440531392
522	0.521	0.720906462825502	7.10868101076202
523	0.522	0.674026177597991	7.80614733097377
524	0.523	0.564638845469102	8.42547984250731
525	0.524	0.517758560300364	8.96667854539205
526	0.525	0.4239979900156	9.43755682055003
527	0.526	0.361490943198058	9.83030128715686
528	0.527	0.236476849656233	10.129285183584
529	0.528	0.205223326290164	10.3501352715572
530	0.529	0.0645824712385326	10.4850381703216
531	0.53	0.00207542459905693	10.5183671182403
532	0.531	-0.0916851453024771	10.4735622578886
533	0.532	-0.18544571513497	10.3349968276699
534	0.533	-0.263579523276116	10.1104842084644
535	0.534	-0.357340092982542	9.80002440033504
536	0.535	-0.466727424220161	9.38799064173369
537	0.536	-0.560487993778449	8.87438293273438
538	0.537	-0.607368278532058	8.29045479657913
539	0.538	-0.748009132691038	7.61276609096758
540	0.539	-0.841769702045731	6.8178766735992
541	0.54	-0.841769702045731	5.97610697155347
542	0.541	-1.0136640790209	5.04839008102015
543	0.542	-1.06054436361129	4.01128585970406
544	0.543	-1.20118521728204	2.88042106925739
545	0.544	-1.2636922633097	1.64798232896152
546	0.545	-1.37307959378693	0.329596400413208
547	0.546	-1.43558663973334	-1.07473671634692
548	0.547	-1.4668401626955	-2.52595011756134
549	0.548	-1.51372044712496	-4.01623042247157
550	0.549	-1.60748101593436	-5.57683115400123
551	0.55	-1.65436130031435	-7.20775231212559
552	0.551	-1.66998806177069	-8.86992699316811
553	0.552	-1.6856148232252	-10.547728435666
554	0.553	-1.6856148232252	-12.2333432588912
555	0.554	-1.63873453885618	-13.8955179399319
556	0.555	-1.60748101593436	-15.5186257173272
557	0.556	-1.62310777739619	-17.1339201139925
558	0.557	-1.49809368565031	-18.6945208455157
559	0.558	-1.54497397006876	-20.2160546733753
560	0.559	-1.48246692417382	-21.7297751204966
561	0.56	-1.43558663973334	-23.1888019024501
562	0.561	-1.37307959378693	-24.5931350192103
563	0.562	-1.27931902481199	-25.9193343285097
564	0.563	-1.2636922633097	-27.1908399725706
565	0.564	-1.18555845577049	-28.4154653321107
566	0.565	-1.15430493274184	-29.5853970263668
567	0.566	-1.04491760208302	-30.6850082937793
568	0.567	-1.02929084055289	-31.7221125150972
569	0.568	-0.98241055595132	-32.7279632133493
570	0.569	-0.951157032874275	-33.6947470077621
571	0.57	-0.857396463598282	-34.5990237559984
572	0.571	-0.794889417376831	-35.425166696486
573	0.572	-0.71675560955778	-36.1809892099533
574	0.573	-0.669875324843778	-36.874304677154
575	0.574	-0.544861232190133	-37.481672955671
576	0.575	-0.529234470599925	-38.018720807066
577	0.576	-0.341713331369565	-38.4541947080508
578	0.577	-0.279206284898617	-38.7646545161849
579	0.578	-0.232326000025387	-39.0204206586469
580	0.579	-0.138565430227341	-39.2058663737732
581	0.58	-0.0291780987091377	-39.2897381382415
582	0.581	0.0958359945698281	-39.2564091903111
583	0.582	0.220850087972231	-39.0980661490401
584	0.583	0.283357134719866	-38.8459625376941
585	0.584	0.330237419800955	-38.5391652604336
586	0.585	0.439624751724853	-38.1542341746707
587	0.586	0.549012083744235	-37.6599157569362
588	0.587	0.658399415859413	-37.0562100071344
589	0.588	0.689652939338531	-36.3821838295354
590	0.589	0.814667033333603	-35.6300238431993
591	0.59	0.955307889228822	-34.7450363819181
592	0.591	0.908427603912641	-33.8131686353474
593	0.592	1.12720226887403	-32.7953536989541
594	0.593	1.14282903067187	-31.6603380491811
595	0.594	1.25221636331251	-30.4628153521889
596	0.595	1.31472341057962	-29.1793454652429
597	0.596	1.39285721970851	-27.8255551500988
598	0.597	1.4709910288875	-26.3936310258008
599	0.598	1.53349807626684	-24.8913864732236
600	0.599	1.5491248381167	-23.3500750160318
601	0.6	1.58037836182247	-21.7853234160623
602	0.601	1.61163188553629	-20.1893182923829
603	0.602	1.61163188553629	-18.5776864068466
604	0.603	1.59600512367837	-16.9738679022393
605	0.604	1.58037836182247	-15.3856761594888
606	0.605	1.56475159996858	-13.8131111785933
607	0.606	1.51787131441899	-12.2717997213995
608	0.607	1.50224455257315	-10.7617417879035
609	0.608	1.39285721970851	-9.31419090176264
610	0.609	1.34597693422517	-7.9447738247958
611	0.61	1.3303501724014	-6.60661027148251
612	0.611	1.25221636331251	-5.31532700362556
613	0.612	1.22096283969093	-4.07873740212384
614	0.613	1.12720226887403	-2.90465484784136
615	0.614	1.11157550707817	-1.78526595986526
616	0.615	1.06469522170254	-0.697130595474903
617	0.616	0.970934651004839	0.320684340878786
618	0.617	0.986561412782835	1.29943237277262
619	0.618	0.845920556852058	2.21567335759007
620	0.619	0.799040271577332	3.03815377180476
621	0.62	0.767786748070698	3.82156728162878
622	0.621	0.689652939338531	4.5502871253334
623	0.622	0.62714589238814	5.20868654119673
624	0.623	0.564638845469102	5.80457891012535
625	0.624	0.533385322021323	6.35359099387056
626	0.625	0.4239979900156	6.83228264988903
627	0.626	0.377117704899525	7.23284049734659
628	0.627	0.26773037303005	7.55526453631138
629	0.628	0.236476849656233	7.80736814765452
630	0.629	0.0958359945698281	7.97352456976755
631	0.63	0.0177021862560387	8.03029366018048
632	0.631	-0.0604316220096466	8.00892894230368
633	0.632	-0.169818953501007	7.89380365454835
634	0.633	-0.294833046519212	7.66147765453824
635	0.634	-0.372966854593616	7.32757770398183
636	0.635	-0.482354185817944	6.89991718377605
637	0.636	-0.513607709007825	6.40193623636316
638	0.637	-0.654248563268676	5.81800810022491
639	0.638	-0.763635894254848	5.10906587146315
640	0.639	-0.857396463598282	4.29854969253658
641	0.64	-0.951157032874275	3.39427294430031
642	0.641	-0.98241055595132	2.42748914988751
643	0.642	-1.09179788666224	1.39038492858073
644	0.643	-1.20118521728204	0.243893376608587
645	0.644	-1.2636922633097	-0.988545363687283
646	0.645	-1.35745283229572	-2.29911791148999
647	0.646	-1.45121340121534	-3.70345102824552
648	0.647	-1.49809368565031	-5.17810457167834
649	0.648	-1.56060073153791	-6.70745178027245
650	0.649	-1.60748101593436	-8.29149265400859
651	0.65	-1.63873453885618	-9.91460043140386
652	0.651	-1.65436130031435	-11.5611483509891
653	0.652	-1.65436130031435	-13.2155096513035
654	0.653	-1.66998806177069	-14.877684332346
655	0.654	-1.66998806177069	-16.5476723941167
656	0.655	-1.63873453885618	-18.2020336944301
657	0.656	-1.63873453885618	-19.8407682332863
658	0.657	-1.57622749300522	-21.448249249217
659	0.658	-1.52934720859778	-23.0010366000185
660	0.659	-1.40433311676381	-24.4678767626993
661	0.66	-1.40433311676381	-25.8722098794631
662	0.661	-1.34182607080266	-27.2452894732463
663	0.662	-1.24806550180556	-28.5402352595504
664	0.663	-1.24806550180556	-29.788300761356
665	0.664	-1.15430493274184	-30.9894859786297
666	0.665	-1.09179788666224	-32.1125373883318
667	0.666	-1.0761711251377	-33.1965218942317
668	0.667	-0.998037317487043	-34.2336261155441
669	0.668	-0.935530271332951	-35.2004099099541
670	0.669	-0.857396463598282	-36.0968732774197
671	0.67	-0.810516178935007	-36.9308295986863
672	0.671	-0.794889417376831	-37.7335323968423
673	0.672	-0.654248563268676	-38.458101387165
674	0.673	-0.669875324843778	-39.1201633312212
675	0.674	-0.544861232190133	-39.7275316097382
676	0.675	-0.466727424220161	-40.2333259379433
677	0.676	-0.451100662620482	-40.6922399813637
678	0.677	-0.263579523276116	-41.049580074312
679	0.678	-0.247952761651706	-41.3053462167759
680	0.679	-0.138565430227341	-41.4986053127154
681	0.68	0.00207542459905693	-41.5668503155295
682	0.681	0.0802092329032165	-41.5257079867784
683	0.682	0.236476849656233	-41.3673649454987
684	0.683	0.26773037303005	-41.1152613341555
685	0.684	0.408371228308295	-40.7772105334864
686	0.685	0.470878275149205	-40.3375857817576
687	0.686	0.564638845469102	-39.8198272214485
688	0.687	0.642772654122796	-39.2161214716525
689	0.688	0.736533224571934	-38.5264685323052
690	0.689	0.814667033333603	-37.7508684033524
691	0.69	0.908427603912641	-36.8893210847293
692	0.691	0.986561412782835	-35.9418265763815
693	0.692	1.09594874528431	-34.900571497348
694	0.693	1.09594874528431	-33.8046227520636
695	0.694	1.25221636331251	-32.6305401977652
696	0.695	1.36160369605095	-31.3236301680835
697	0.696	1.36160369605095	-29.9620264720326
698	0.697	1.50224455257315	-28.5301023477205
699	0.698	1.51787131441899	-27.0200444142244
700	0.699	1.56475159996858	-25.4787329570307
701	0.7	1.65851217112216	-23.8671010714853
702	0.701	1.5491248381167	-22.2632825668659
703	0.702	1.62725864739623	-20.6750908241094
704	0.703	1.61163188553629	-19.0556455576431
705	0.704	1.56475159996858	-17.4674538148907
706	0.705	1.58037836182247	-15.8948888339952
707	0.706	1.51787131441899	-14.3457639958744
708	0.707	1.50224455257315	-12.8357060623784
709	0.708	1.4084839815403	-11.3803417953217
710	0.709	1.36160369605095	-9.99529795652603
711	0.71	1.34597693422517	-8.64150764138797
712	0.711	1.26784312512629	-7.33459761171224
713	0.712	1.23658960150072	-6.08238124839873
714	0.713	1.11157550707817	-4.90829869410928
715	0.714	1.08032198349243	-3.81234994882398
716	0.715	1.03344169812871	-2.75546810801341
717	0.716	0.986561412782835	-1.74546655255764
718	0.717	0.892800842144534	-0.805785425093951
719	0.718	0.814667033333603	0.0479485126451178
720	0.719	0.799040271577332	0.854802165100586
721	0.72	0.736533224571934	1.62258891317522
722	0.721	0.705279701081035	2.3434953760017
723	0.722	0.62714589238814	3.00970817273629
724	0.723	0.564638845469102	3.60560054166491
725	0.724	0.517758560300364	4.14679924454965
726	0.725	0.4239979900156	4.61767751970763
727	0.726	0.345864181498535	5.0026086054647
728	0.727	0.205223326290164	5.27815235935905
729	0.728	0.189596564610032	5.47556230480914
730	0.729	0.0645824712385326	5.60265182273343
731	0.73	0.0645824712385326	5.66723429397196
732	0.731	-0.0760583836570212	5.66149633776271
733	0.732	-0.169818953501007	5.5385576691837
734	0.733	-0.341713331369565	5.28279152674841
735	0.734	-0.372966854593616	4.92545143376682
736	0.735	-0.451100662620482	4.51341767515977
737	0.736	-0.560487993778449	4.00762334696031
738	0.737	-0.607368278532058	3.42369521080506
739	0.738	-0.732382371125349	2.75381988597635
740	0.739	-0.873023225148959	1.9511170878392
741	0.74	-0.951157032874275	1.03902695882758
742	0.741	-1.04491760208302	0.040989641348932
743	0.742	-1.0761711251377	-1.01955472226143
744	0.743	-1.18555845577049	-2.15041951271552
745	0.744	-1.29494578631243	-3.39067163375698
746	0.745	-1.32619930930776	-4.70124418156708
747	0.746	-1.45121340121534	-6.08995053682863
748	0.747	-1.49809368565031	-7.56460408026146
749	0.748	-1.56060073153791	-9.09395128885557
750	0.749	-1.60748101593436	-10.6779921625917
751	0.75	-1.63873453885618	-12.301099939987
752	0.751	-1.6856148232252	-13.9632746210277
753	0.752	-1.60748101593436	-15.6098225406074
754	0.753	-1.63873453885618	-17.2329303180027
755	0.754	-1.6856148232252	-18.8951049990434
756	0.755	-1.60748101593436	-20.5416529186232
757	0.756	-1.65436130031435	-22.1725740767475
758	0.757	-1.56060073153791	-23.7800550926737
759	0.758	-1.51372044712496	-25.3172156820051
760	0.759	-1.4668401626955	-26.8074959869153
761	0.76	-1.38870635527629	-28.2352692459012
762	0.761	-1.37307959378693	-29.6161622204328
763	0.762	-1.24806550180556	-30.9267347682291
764	0.763	-1.20118521728204	-32.1513601277729
765	0.764	-1.15430493274184	-33.3291052027848
766	0.765	-1.06054436361129	-34.4365298509614
767	0.766	-1.0761711251377	-35.5048875953359
768	0.767	-0.935530271332951	-36.5107382935712
769	0.768	-0.951157032874275	-37.4540819456748
770	0.769	-0.904276748244696	-38.3817988362343
771	0.77	-0.779262655816779	-39.223568538265
772	0.771	-0.794889417376831	-40.0106445748618
773	0.772	-0.63862180169169	-40.7274001843961
774	0.773	-0.654248563268676	-41.3738353668763
775	0.774	-0.544861232190133	-41.9733902646057
776	0.775	-0.40422037781006	-42.4479310696058
777	0.776	-0.419847139415433	-42.8599648282185
778	0.777	-0.232326000025387	-43.1860513979389
779	0.778	-0.216699238397159	-43.4105640171502
780	0.779	-0.122938668587636	-43.5803829706426
781	0.78	0.0489557095757756	-43.6173744501486
782	0.781	0.111462756238368	-43.5371652172415
783	0.782	0.173969802931835	-43.3944489376564
784	0.783	0.298983896411622	-43.1579720879847
785	0.784	0.392744466602937	-42.8121079064774
786	0.785	0.486505036864306	-42.3724831547437
787	0.786	0.549012083744235	-41.8547245944395
788	0.787	0.62714589238814	-41.2666456063733
789	0.788	0.752159986320333	-40.576992667019
790	0.789	0.830293795091845	-39.785765776313
791	0.79	0.924054365682725	-38.9085916959257
792	0.791	0.986561412782835	-37.9532838066929
793	0.792	1.08032198349243	-36.9198421085553
794	0.793	1.17408255427352	-35.7926398396723
795	0.794	1.28346988694207	-34.5638636190645
796	0.795	1.31472341057962	-33.2647669703036
797	0.796	1.4084839815403	-31.9031632742437
798	0.797	1.43973750520988	-30.4790525308686
799	0.798	1.53349807626684	-28.9924347401302
800	0.799	1.59600512367837	-27.4276831401576
801	0.8	1.61163188553629	-25.8238646355503
802	0.801	1.62725864739623	-24.204419369084
803	0.802	1.62725864739623	-22.5771607216878
804	0.803	1.61163188553629	-20.9577154552215
805	0.804	1.5491248381167	-19.377337093395
806	0.805	1.61163188553629	-17.7969587315685
807	0.806	1.51787131441899	-16.2322071315909
808	0.807	1.50224455257315	-14.7221491980948
809	0.808	1.42411074337409	-13.2589715501212
810	0.809	1.39285721970851	-11.8504875685799
811	0.81	1.31472341057962	-10.4966972534358
812	0.811	1.23658960150072	-9.22104074739568
813	0.812	1.18970931607733	-8.00789128860665
814	0.813	1.12720226887403	-6.84943549613097
815	0.814	1.09594874528431	-5.7378599890518
816	0.815	1.03344169812871	-4.6731647673453
817	0.816	0.955307889228822	-3.67878997366653
818	0.817	0.892800842144534	-2.75473560797985
819	0.818	0.861547318614243	-1.87756152760046
820	0.819	0.814667033333603	-1.03945435162654
821	0.82	0.783413509823031	-0.240414080048223
822	0.821	0.705279701081035	0.50393252540381
823	0.822	0.62714589238814	1.1701453221384
824	0.823	0.549012083744235	1.75822431020459
825	0.824	0.517758560300364	2.29160963222688
826	0.825	0.4239979900156	2.76248790738487
827	0.826	0.314610658105318	3.13179223144533
828	0.827	0.252103611342173	3.41514936616907
829	0.828	0.158343041255571	3.62037269246794
830	0.829	0.0958359945698281	3.74746221038064
831	0.83	-0.0604316220096466	3.76516439666073
832	0.831	-0.122938668587636	3.67347925136209
833	0.832	-0.169818953501007	3.52710044031777
834	0.833	-0.294833046519212	3.29477444030766
835	0.834	-0.388593616202788	2.95306110894666
836	0.835	-0.466727424220161	2.52540058873519
837	0.836	-0.576114755364875	2.00397949894267
838	0.837	-0.63862180169169	1.39661122041439
839	0.838	-0.763635894254848	0.695482372441118
840	0.839	-0.857396463598282	-0.115033806485447
841	0.84	-0.951157032874275	-1.01931055472173
842	0.841	-1.06054436361129	-2.02516125296451
843	0.842	-1.15430493274184	-3.13258590114107
844	0.843	-1.20118521728204	-4.31033097615301
845	0.844	-1.29494578631243	-5.55839647795024
846	0.845	-1.32619930930776	-6.86896902576034
847	0.846	-1.40433311676381	-8.23423523879613
848	0.847	-1.49809368565031	-9.68544864000319
849	0.848	-1.56060073153791	-11.2147958485973
850	0.849	-1.63873453885618	-12.8144634837943
851	0.85	-1.62310777739619	-14.4453846419205
852	0.851	-1.66998806177069	-16.091932561504
853	0.852	-1.6856148232252	-17.7697340040019
854	0.853	-1.71686834612875	-19.4709755886789
855	0.854	-1.66998806177069	-21.1644037926286
856	0.855	-1.63873453885618	-22.818765092942
857	0.856	-1.63873453885618	-24.4574996317982
858	0.857	-1.57622749300522	-26.0649806477289
859	0.858	-1.49809368565031	-27.6021412370567
860	0.859	-1.48246692417382	-29.0924215419688
861	0.86	-1.40433311676381	-30.5358215624376
862	0.861	-1.37307959378693	-31.9245279177129
863	0.862	-1.27931902481199	-33.2507272270124
864	0.863	-1.23243874029957	-34.5066061095682
865	0.864	-1.18555845577049	-35.7156047076032
866	0.865	-1.12305140970576	-36.8699096403413
867	0.866	-1.0136640790209	-37.9382673847047
868	0.867	-0.998037317487043	-38.9441180829586
869	0.868	-0.951157032874275	-39.9187152581393
870	0.869	-0.888649986697763	-40.8386187679253
871	0.87	-0.794889417376831	-41.6803884699626
872	0.871	-0.748009132691038	-42.4518377449965
873	0.872	-0.63862180169169	-43.1451532121879
874	0.873	-0.669875324843778	-43.7994017754556
875	0.874	-0.544861232190133	-44.4067700539726
876	0.875	-0.419847139415433	-44.8891242397754
877	0.876	-0.40422037781006	-45.3011579983881
878	0.877	-0.263579523276116	-45.6350579489312
879	0.878	-0.169818953501007	-45.8517571873198
880	0.879	-0.0760583836570212	-45.9746958558988
881	0.88	-0.0448048603603525	-46.0351274779075
882	0.881	0.0958359945698281	-46.0096119108027
883	0.882	0.205223326290164	-45.8590822503727
884	0.883	0.283357134719866	-45.6147920198677
885	0.884	0.408371228308295	-45.2689278383536
886	0.885	0.549012083744235	-44.7902361823274
887	0.886	0.564638845469102	-44.2334107177207
888	0.887	0.674026177597991	-43.6140782061872
889	0.888	0.767786748070698	-42.8931717433528
890	0.889	0.830293795091845	-42.0941314717715
891	0.89	0.955307889228822	-41.2013306296112
892	0.891	0.955307889228822	-40.2460227403824
893	0.892	1.14282903067187	-39.196954280432
894	0.893	1.20533607788313	-38.0228717261545
895	0.894	1.29909664875985	-36.7706553628331
896	0.895	1.39285721970851	-35.4246784285989
897	0.896	1.39285721970851	-34.0318212088904
898	0.897	1.45536426704769	-32.6077104655123
899	0.898	1.50224455257315	-31.1289060557018
900	0.899	1.56475159996858	-29.595407979431
901	0.9	1.61163188553629	-28.0072162366785
902	0.901	1.59600512367837	-26.4033977320712
903	0.902	1.61163188553629	-24.7995792274639
904	0.903	1.64288540925818	-23.1723205800666
905	0.904	1.58037836182247	-21.5606886945263
906	0.905	1.65851217112216	-19.941243428054
907	0.906	1.53349807626684	-18.3452383043595
908	0.907	1.53349807626684	-16.8117402280927
909	0.908	1.43973750520988	-15.3251224373543
910	0.909	1.37723045787873	-13.91663845581
911	0.91	1.31472341057962	-12.5706615215808
912	0.911	1.26784312512629	-11.2793782537279
913	0.912	1.23658960150072	-10.0271618904144
914	0.913	1.17408255427352	-8.82182581252724
915	0.914	1.08032198349243	-7.69462354364426
916	0.915	1.04906845991463	-6.62992832194073
917	0.916	0.939681127454784	-5.63555352825602
918	0.917	0.924054365682725	-4.70368578168727
919	0.918	0.877174080378401	-3.8030715586567
920	0.919	0.799040271577332	-2.96496438267884
921	0.92	0.752159986320333	-2.18936425373
922	0.921	0.689652939338531	-1.46845779090057
923	0.922	0.658399415859413	-0.7944316133016
924	0.923	0.580265607195926	-0.175099101773931
925	0.924	0.470878275149205	0.350472839398635
926	0.925	0.4239979900156	0.797910971981037
927	0.926	0.361490943198058	1.19065543858787
928	0.927	0.236476849656233	1.48963933501501
929	0.928	0.173969802931835	1.69486266130905
930	0.929	0.0958359945698281	1.82976556005988
931	0.93	-0.0135513370560016	1.87090788881679
932	0.931	-0.154192191865131	1.78703612435622
933	0.932	-0.20107247676702	1.60940379004015
934	0.933	-0.279206284898617	1.36926440920733
935	0.934	-0.40422037781006	1.02755107785299
936	0.935	-0.466727424220161	0.592077176837881
937	0.936	-0.560487993778449	0.0784694678385757
938	0.937	-0.669875324843778	-0.536712191472538
939	0.938	-0.748009132691038	-1.24565442023995
940	0.939	-0.857396463598282	-2.04835721838461
941	0.94	-0.904276748244696	-2.92919382430609
942	0.941	-1.0136640790209	-3.88816423793889
943	0.942	-1.12305140970576	-4.95652198230222
944	0.943	-1.20118521728204	-6.11864029579612
945	0.944	-1.2636922633097	-7.35107903609199
946	0.945	-1.37307959378693	-8.6694649646403
947	0.946	-1.43558663973334	-10.0737980814004
948	0.947	-1.49809368565031	-11.5406382440923
949	0.948	-1.56060073153791	-13.0699854526864
950	0.949	-1.62310777739619	-14.6618397071534
951	0.95	-1.66998806177069	-16.3083876267368
952	0.951	-1.6856148232252	-17.9861890692348
953	0.952	-1.71686834612875	-19.6874306539118
954	0.953	-1.6856148232252	-21.3886722385887
955	0.954	-1.70124158467789	-23.0821004425403
956	0.955	-1.6856148232252	-24.7755286464918
957	0.956	-1.63873453885618	-26.4377033275325
958	0.957	-1.56060073153791	-28.0373709627296
959	0.958	-1.56060073153791	-29.5979716942675
960	0.959	-1.51372044712496	-31.1351322835989
961	0.96	-1.4199598782495	-32.6019724462861
962	0.961	-1.38870635527629	-34.006305563049
963	0.962	-1.32619930930776	-35.3637583953411
964	0.963	-1.23243874029957	-36.6430774201447
965	0.964	-1.21681197879173	-37.8677027796904
966	0.965	-1.12305140970576	-39.0376344739391
967	0.966	-1.10742464818493	-40.1528725028845
968	0.967	-0.98241055595132	-41.1977901049526
969	0.968	-0.919903509789758	-42.1489471378231
970	0.969	-0.888649986697763	-43.0532238860669
971	0.97	-0.826142940491307	-43.9106203496614
972	0.971	-0.779262655816779	-44.7133231478155
973	0.972	-0.732382371125349	-45.4691456612865
974	0.973	-0.607368278532058	-46.1390209861152
975	0.974	-0.560487993778449	-46.7229491222705
976	0.975	-0.466727424220161	-47.2365568312698
977	0.976	-0.40422037781006	-47.6720307322849
978	0.977	-0.279206284898617	-48.0137440636392
979	0.978	-0.169818953501007	-48.2382566828391
980	0.979	-0.138565430227341	-48.3924488747032
981	0.98	0.00207542459905693	-48.4606938775174
982	0.981	0.0645824712385326	-48.4273649295986
983	0.982	0.158343041255571	-48.3159021733515
984	0.983	0.283357134719866	-48.0950520853638
985	0.984	0.377117704899525	-47.7648146655541
986	0.985	0.486505036864306	-47.3330032946722
987	0.986	0.564638845469102	-46.8074313535055
988	0.987	0.658399415859413	-46.1959122228412
989	0.988	0.783413509823031	-45.47500576
990	0.989	0.830293795091845	-44.6681521075426
991	0.99	0.955307889228822	-43.7753512653822
992	0.991	1.03344169812871	-42.7809764717035
993	0.992	1.09594874528431	-41.716281249997
994	0.993	1.22096283969093	-40.5578254575093
995	0.994	1.25221636331251	-39.3212358560076
996	0.995	1.37723045787873	-38.006512445412
997	0.996	1.42411074337409	-36.6058418447856
998	0.997	1.4709910288875	-35.1582909586548
999	0.998	1.5491248381167	-33.6482330251527
1000	0.999	1.56475159996858	-32.0912948061101
