No.	时间（s）	Dev1/ai0-1-测振（mm/s）	VH01-V1-Dev1/ai0一次积分（μm）
1	0	-0.462332397433909	0
2	0.001	-0.524839443790959	-0.493585920612434
3	0.002	-0.587346490117774	-1.0496788875668
4	0.003	-0.727987344242863	-1.70734580474712
5	0.004	-0.868628198215842	-2.50565357597647
6	0.005	-1.00926905203738	-3.44460220110308
7	0.006	-1.05614933661101	-4.47731139542728
8	0.007	-1.16553666721782	-5.58815439734169
9	0.008	-1.2592972362371	-6.80057134906915
10	0.009	-1.32180428221301	-8.09112210829421
11	0.01	-1.39993808964142	-9.45199329422142
12	0.011	-1.4468183740764	-10.8753715260803
13	0.012	-1.54057894289679	-12.3690701845669
14	0.013	-1.52495218143131	-13.901835746731
15	0.014	-1.64996627310397	-15.4892949739986
16	0.015	-1.60308598874043	-17.1158211049208
17	0.016	-1.58745922728226	-18.7110937129322
18	0.017	-1.63433951165128	-20.3219930823989
19	0.018	-1.58745922728226	-21.9328924518657
20	0.019	-1.58745922728226	-23.520351679148
21	0.02	-1.58745922728226	-25.1078109064302
22	0.021	-1.54057894289679	-26.6718299915198
23	0.022	-1.54057894289679	-28.2124089344166
24	0.023	-1.43119161259991	-29.6982942121649
25	0.024	-1.36868456667558	-31.0982323018027
26	0.025	-1.33743104370238	-32.4512901069916
27	0.026	-1.32180428221301	-33.7809077699493
28	0.027	-1.27492399773385	-35.0792719099228
29	0.028	-1.18116342872566	-36.3073156231525
30	0.029	-1.16553666721782	-37.4806656711242
31	0.03	-1.07177609813184	-38.5993220537991
32	0.031	-1.00926905203738	-39.6398446288837
33	0.032	-0.899881721300359	-40.5944200155526
34	0.033	-0.85300143667078	-41.4708615945381
35	0.034	-0.806121152024366	-42.3004228888857
36	0.035	-0.759240867361091	-43.0831038985784
37	0.036	-0.618600013269862	-43.7720243388939
38	0.037	-0.602973251694761	-44.3828109713762
39	0.038	-0.477959159026009	-44.9232771767366
40	0.039	-0.446705635839916	-45.3856095741695
41	0.04	-0.3216915430197	-45.7698081635994
42	0.041	-0.243557734945297	-46.0524328025819
43	0.042	-0.2123042117022	-46.2803637759056
44	0.043	-0.0872901186534255	-46.4301609410834
45	0.044	-0.0560365953720992	-46.5018242980962
46	0.045	0.0220972128647781	-46.5187939893498
47	0.046	0.178364829482754	-46.4185629681761
48	0.047	0.225245114505751	-46.2167579961818
49	0.048	0.350259207985537	-45.9290058349362
50	0.049	0.459646539882211	-45.5240529610023
51	0.05	0.50652682500997	-45.0409662785562
52	0.051	0.600287395318151	-44.4875591683921
53	0.052	0.725301489171907	-43.8247647261471
54	0.053	0.865942344907519	-43.0291428091074
55	0.054	0.928449391952317	-42.1319469406775
56	0.055	1.08471700970262	-41.12536373985
57	0.056	1.14722405685822	-40.0093932065696
58	0.057	1.20973110404561	-38.8309156261177
59	0.058	1.36599872215354	-37.5430507130181
60	0.059	1.41287900762487	-36.1536118481289
61	0.06	1.5066395786216	-34.6938525550057
62	0.061	1.58477338784075	-33.1481460717745
63	0.062	1.61602691154249	-31.5477459220829
64	0.063	1.60040014969062	-29.9395323914663
65	0.064	1.67853395897015	-28.3000653371359
66	0.065	1.67853395897015	-26.6215313781658
67	0.066	1.67853395897015	-24.9429974191956
68	0.067	1.63165367339638	-23.2879036030124
69	0.068	1.64728043525229	-21.648436548688
70	0.069	1.58477338784075	-20.0324096371415
71	0.07	1.5691466259929	-18.4554496302247
72	0.071	1.55351986414706	-16.8941163851547
73	0.072	1.475386054948	-15.3796634256072
74	0.073	1.45975929311421	-13.9120907515761
75	0.074	1.41287900762487	-12.4757716012065
76	0.075	1.36599872215354	-11.0863327363173
77	0.076	1.31911843670021	-9.74377415689044
78	0.077	1.24098462765125	-8.46372262471471
79	0.078	1.19410434224578	-7.24617813976619
80	0.079	1.11597053327645	-6.09114070200508
81	0.08	1.05346348613673	-5.00642369229849
82	0.081	0.9909564390287	-3.98421372971577
83	0.082	0.94407615371845	-3.0166974333422
84	0.083	0.865942344907519	-2.11168818402921
85	0.084	0.772181774399418	-1.29262612437574
86	0.085	0.725301489171907	-0.543884492590082
87	0.086	0.66279444222936	0.150163473110552
88	0.087	0.553407110155275	0.758264249302869
89	0.088	0.50652682500997	1.28823121688549
90	0.089	0.444019778176853	1.7635045184789
91	0.09	0.397139493072451	2.18408415410355
92	0.091	0.334632446293782	2.54997012378667
93	0.092	0.272125399546147	2.85334904670663
94	0.093	0.193991591155155	3.08640754205729
95	0.094	0.115857782812448	3.24133222904109
96	0.095	0.0689774978299545	3.33374986936229
97	0.096	-0.0716633570137203	3.33240693977041
98	0.097	-0.134170403561054	3.22949005948302
99	0.098	-0.2123042117022	3.05625275185139
100	0.099	-0.384198589444991	2.7580013512778
101	0.1	-0.446705635839916	2.34254923863534
102	0.101	-0.524839443790959	1.85677669881991
103	0.102	-0.665480297983864	1.26161682793249
104	0.103	-0.727987344242863	0.564883006819132
105	0.104	-0.868628198215842	-0.233424764410221
106	0.105	-0.978015528978978	-1.15674662800763
107	0.106	-1.07177609813184	-2.18164244156304
108	0.107	-1.14990990570812	-3.29248544348302
109	0.108	-1.29055075922875	-4.51271577595146
110	0.109	-1.3530578051899	-5.83452005816078
111	0.11	-1.4468183740764	-7.23445814779393
112	0.111	-1.4468183740764	-8.68127652187032
113	0.112	-1.57183246582227	-10.1906019418197
114	0.113	-1.55620570436045	-11.754621026911
115	0.114	-1.63433951165128	-13.3498936349169
116	0.115	-1.63433951165128	-14.9842331465682
117	0.116	-1.60308598874043	-16.602945896764
118	0.117	-1.61871275019677	-18.2138452662326
119	0.118	-1.60308598874043	-19.8247446357012
120	0.119	-1.55620570436045	-21.4043904822517
121	0.12	-1.60308598874043	-22.9840363288021
122	0.121	-1.54057894289679	-24.5558687946207
123	0.122	-1.50932541996399	-26.0808209760511
124	0.123	-1.46244513555105	-27.5667062538086
125	0.124	-1.38431132815942	-28.9900844856639
126	0.125	-1.36868456667558	-30.3665824330814
127	0.126	-1.3061775207218	-31.70401347678
128	0.127	-1.22804371323807	-32.97112409376
129	0.128	-1.18116342872566	-34.1757276647418
130	0.129	-1.14990990570812	-35.3412643319587
131	0.13	-1.08740285965081	-36.4599207146382
132	0.131	-1.00926905203738	-37.5082566704823
133	0.132	-0.962388767446985	-38.4940855802245
134	0.133	-0.837374675123847	-39.3939673015099
135	0.134	-0.837374675123847	-40.2313419766337
136	0.135	-0.774867628917391	-41.0374631286543
137	0.136	-0.665480297983864	-41.757637092105
138	0.137	-0.634226774843079	-42.4074906285184
139	0.138	-0.524839443790959	-42.9870237378355
140	0.139	-0.399825351046566	-43.4493561352542
141	0.14	-0.352945066236145	-43.8257413438956
142	0.141	-0.259184496563986	-44.1318061252956
143	0.142	-0.243557734945297	-44.3831772410503
144	0.143	-0.0716633570137203	-44.5407877870298
145	0.144	-0.0404098337285612	-44.5968243824009
146	0.145	0.0689774978299545	-44.5825405503502
147	0.146	0.147111306143744	-44.4744961483634
148	0.147	0.240871876183948	-44.2805045571995
149	0.148	0.334632446293782	-43.9927523959607
150	0.149	0.444019778176853	-43.6034262837254
151	0.15	0.584660633595238	-43.0890860778393
152	0.151	0.678421203962056	-42.4575451590607
153	0.152	0.75655501265495	-41.7400570507522
154	0.153	0.881569106665761	-40.9209949910918
155	0.154	0.959702915486557	-40.0003589800157
156	0.155	1.06909024791868	-38.985962398313
157	0.156	1.17847758044794	-37.8621784841297
158	0.157	1.27223815126485	-36.6368206182733
159	0.158	1.36599872215354	-35.3177021815641
160	0.159	1.4910128167838	-33.8891964120955
161	0.16	1.4910128167838	-32.3981835953117
162	0.161	1.60040014969062	-30.8524771120744
163	0.162	1.61602691154249	-29.2442635814579
164	0.163	1.63165367339638	-27.6204232889885
165	0.164	1.66290719711021	-25.9731428537352
166	0.165	1.64728043525229	-24.3180490375539
167	0.166	1.66290719711021	-22.6629552213727
168	0.167	1.66290719711021	-21.0000480242625
169	0.168	1.66290719711021	-19.3371408271522
170	0.169	1.66290719711021	-17.674233630042
171	0.17	1.61602691154249	-16.0347665757157
172	0.171	1.5691466259929	-14.442179806948
173	0.172	1.4910128167838	-12.9121000855596
174	0.173	1.475386054948	-11.4289006496937
175	0.174	1.44413253128243	-9.96914135657852
176	0.175	1.36599872215354	-8.56407572986054
177	0.176	1.31911843670021	-7.22151715043367
178	0.177	1.24098462765125	-5.94146561825794
179	0.178	1.16285081865209	-4.73954789510627
180	0.179	1.13159729506635	-3.59232383824705
181	0.18	1.05346348613673	-2.49979344764552
182	0.181	1.03783672435675	-1.45414334239878
183	0.182	0.959702915486557	-0.455373522477125
184	0.183	0.912822630188159	0.480889250360233
185	0.184	0.819062059644614	1.34683159527662
186	0.185	0.694047965696712	2.10338660794728
187	0.186	0.678421203962056	2.78962119277667
188	0.187	0.584660633595238	3.42116211155531
189	0.188	0.522153586723121	3.97456922171449
190	0.189	0.412766254771974	4.44202914246204
191	0.19	0.381512731374871	4.83916863553546
192	0.191	0.350259207985537	5.20505460521567
193	0.192	0.240871876183948	5.50062014730041
194	0.193	0.193991591155155	5.71805188096996
195	0.194	0.162738067812284	5.89641671045368
196	0.195	0.0220972128647781	5.98883435079221
197	0.196	-0.00915631043573079	5.99530480200674
198	0.197	-0.118543641927091	5.93145482582533
199	0.198	-0.243557734945297	5.75040413738913
200	0.199	-0.337318304628873	5.45996611760205
201	0.2	-0.462332397433909	5.06014076657066
202	0.201	-0.556092966958142	4.55092808437463
203	0.202	-0.665480297983864	3.94014145190363
204	0.203	-0.774867628917391	3.219967488453
205	0.204	-0.884254959759035	2.39040619411479
206	0.205	-1.00926905203738	1.44364418821658
207	0.206	-1.08740285965081	0.395308232372491
208	0.207	-1.16553666721782	-0.731161531061821
209	0.208	-1.24367047473851	-1.93576510203999
210	0.209	-1.33743104370238	-3.22631586126043
211	0.21	-1.4468183740764	-4.61844057014981
212	0.211	-1.47807189702386	-6.08088570569994
213	0.212	-1.57183246582227	-7.60583788712301
214	0.213	-1.58745922728226	-9.18548373367528
215	0.214	-1.55620570436045	-10.7573161994966
216	0.215	-1.60308598874043	-12.3369620460471
217	0.216	-1.60308598874043	-13.9400480347875
218	0.217	-1.58745922728226	-15.5353206427988
219	0.218	-1.60308598874043	-17.1305932508102
220	0.219	-1.55620570436045	-18.7102390973606
221	0.22	-1.61871275019677	-20.2976983246392
222	0.221	-1.50932541996399	-21.8617174097196
223	0.222	-1.50932541996399	-23.3710428296836
224	0.223	-1.4468183740764	-24.8491147267038
225	0.224	-1.38431132815942	-26.2646795778217
226	0.225	-1.38431132815942	-27.6489909059811
227	0.226	-1.32180428221301	-29.0020487111674
228	0.227	-1.29055075922875	-30.3082262318882
229	0.228	-1.14990990570812	-31.5284565643567
230	0.229	-1.13428314419658	-32.670553089309
231	0.23	-1.08740285965081	-33.7813960912327
232	0.231	-0.993642290509108	-34.8219186663127
233	0.232	-0.884254959759035	-35.7608672914467
234	0.233	-0.868628198215842	-36.6373088704342
235	0.234	-0.774867628917391	-37.4590567840008
236	0.235	-0.712360582680932	-38.2026708897999
237	0.236	-0.649853536414412	-38.8837779493476
238	0.237	-0.602973251694761	-39.5101913434022
239	0.238	-0.524839443790959	-40.0740976911451
240	0.239	-0.446705635839916	-40.5598702309605
241	0.24	-0.368571827841517	-40.9675089628012
242	0.241	-0.27481125818077	-41.2892005058124
243	0.242	-0.243557734945297	-41.5483850023754
244	0.243	-0.134170403561054	-41.7372490716286
245	0.244	-0.0560365953720992	-41.8323525710952
246	0.245	0.0533507361729728	-41.8336955006947
247	0.246	0.178364829482754	-41.7178377178669
248	0.247	0.240871876183948	-41.5082193650335
249	0.248	0.319005684603966	-41.2282805846395
250	0.249	0.444019778176853	-40.8467678532491
251	0.25	0.50652682500997	-40.3714945516557
252	0.251	0.615914157043018	-39.8102740606292
253	0.252	0.772181774399418	-39.116226094908
254	0.253	0.850315583151248	-38.3049774161327
255	0.254	1.00658320080274	-37.3765280241557
256	0.255	1.00658320080274	-36.369944823353
257	0.256	1.11597053327645	-35.3086679563134
258	0.257	1.24098462765125	-34.1301903758495
259	0.258	1.30349167488643	-32.8579522245807
260	0.259	1.44413253128243	-31.4841401214962
261	0.26	1.5066395786216	-30.0087540665442
262	0.261	1.5691466259929	-28.470860964237
263	0.262	1.60040014969062	-26.8860875763952
264	0.263	1.60040014969062	-25.2856874267046
265	0.264	1.64728043525229	-23.6618471342331
266	0.265	1.64728043525229	-22.0145666989809
267	0.266	1.6941607208321	-20.3438461209387
268	0.267	1.66290719711021	-18.6653121619675
269	0.268	1.64728043525229	-17.0102183457863
270	0.269	1.61602691154249	-15.3785646723889
271	0.27	1.53789310230323	-13.801604665466
272	0.271	1.53789310230323	-12.2637115631628
273	0.272	1.52226634046141	-10.7336318417804
274	0.273	1.44413253128243	-9.25043240590853
275	0.274	1.38162548397531	-7.83755339827966
276	0.275	1.36599872215354	-6.46374129521523
277	0.276	1.30349167488643	-5.12899609669525
278	0.277	1.22535786584743	-3.86457132632832
279	0.278	1.19410434224578	-2.65484022228171
280	0.279	1.08471700970262	-1.5154295463075
281	0.28	1.03783672435675	-0.454152679277817
282	0.281	1.00658320080274	0.568057283301927
283	0.282	0.912822630188159	1.52776019879738
284	0.283	0.881569106665761	2.42495606722434
285	0.284	0.834688821396947	3.28308503125569
286	0.285	0.709674727433329	4.05526680567083
287	0.286	0.631540918769842	4.72587462877241
288	0.287	0.647167680498622	5.36522892840665
289	0.288	0.584660633595238	5.98114308545357
290	0.289	0.50652682500997	6.52673681475618
291	0.29	0.428393016473441	6.99419673549788
292	0.291	0.319005684603966	7.36789608603659
293	0.292	0.25649863786408	7.65564824727061
294	0.293	0.209618352829487	7.88870674261739
295	0.294	0.115857782812448	8.05144481043836
296	0.295	0.0377239745179143	8.12823568910354
297	0.296	-0.0404098337285612	8.12689275949822
298	0.297	-0.165423926823243	8.02397587922232
299	0.298	-0.2123042117022	7.8351118099596
300	0.299	-0.352945066236145	7.55248717099042
301	0.3	-0.446705635839916	7.15266181995239
302	0.301	-0.524839443790959	6.66688928013696
303	0.302	-0.602973251694761	6.1029829323941
304	0.303	-0.743614105802915	5.42968925364526
305	0.304	-0.821747913575043	4.64700824395628
306	0.305	-0.993642290509108	3.7393131419142
307	0.306	-1.08740285965081	2.69879056683425
308	0.307	-1.18116342872566	1.56450742264601
309	0.308	-1.27492399773385	0.336463709416261
310	0.309	-1.3061775207218	-0.954087049811563
311	0.31	-1.46244513555105	-2.33839837794799
312	0.311	-1.47807189702386	-3.80865689423544
313	0.312	-1.49369865849484	-5.2945421719948
314	0.313	-1.58745922728226	-6.83512111488335
315	0.314	-1.58745922728226	-8.42258034216561
316	0.315	-1.61871275019677	-10.0256663309051
317	0.316	-1.61871275019677	-11.6443790811019
318	0.317	-1.60308598874043	-13.2552784505705
319	0.318	-1.61871275019677	-14.8661778200391
320	0.319	-1.58745922728226	-16.4692638087786
321	0.32	-1.52495218143131	-18.0254695131354
322	0.321	-1.54057894289679	-19.5582350752995
323	0.322	-1.50932541996399	-21.0831872567299
324	0.323	-1.41556485112158	-22.5456323922726
325	0.324	-1.38431132815942	-23.9455704819131
326	0.325	-1.33743104370238	-25.306441667844
327	0.326	-1.3061775207218	-26.6282459500561
328	0.327	-1.24367047473851	-27.9031699477863
329	0.328	-1.16553666721782	-29.1077735187644
330	0.329	-1.11865638268318	-30.2498700437149
331	0.33	-1.05614933661101	-31.337272903362
332	0.331	-1.04052257508833	-32.3856088592117
333	0.332	-0.915508482839815	-33.3636243881758
334	0.333	-0.868628198215842	-34.2556927287036
335	0.334	-0.774867628917391	-35.0774406422702
336	0.335	-0.727987344242863	-35.8288681288504
337	0.336	-0.665480297983864	-36.5256019499637
338	0.337	-0.602973251694761	-37.159828724803
339	0.338	-0.524839443790959	-37.7237350725459
340	0.339	-0.431078874244028	-38.2016942315634
341	0.34	-0.368571827841517	-38.6015195826062
342	0.341	-0.259184496563986	-38.9153977448089
343	0.342	-0.181050688451471	-39.1355153373166
344	0.343	-0.165423926823243	-39.308752644954
345	0.344	-0.0247830720831053	-39.4038561444072
346	0.345	0.0377239745179143	-39.3973856931898
347	0.346	0.0533507361729728	-39.3518483378443
348	0.347	0.193991591155155	-39.2281771741803
349	0.348	0.303378922916089	-38.9794919171446
350	0.349	0.350259207985537	-38.6526728516938
351	0.35	0.50652682500997	-38.2242798351961
352	0.351	0.647167680498622	-37.6474325824418
353	0.352	0.772181774399418	-36.9377578549928
354	0.353	0.850315583151248	-36.1265091762174
355	0.354	0.928449391952317	-35.2371266886656
356	0.355	1.08471700970262	-34.2305434878382
357	0.356	1.14722405685822	-33.1145729545577
358	0.357	1.28786491307464	-31.8970284695913
359	0.358	1.35037196033376	-30.5779100328871
360	0.359	1.42850576945265	-29.1884711679939
361	0.36	1.45975929311421	-27.7443386367105
362	0.361	1.5066395786216	-26.2611392008426
363	0.362	1.58477338784075	-24.7154327176114
364	0.363	1.61602691154249	-23.1150325679198
365	0.364	1.64728043525229	-21.4833788945224
366	0.365	1.63165367339638	-19.843911840198
367	0.366	1.66290719711021	-18.1966314049447
368	0.367	1.64728043525229	-16.5415375887635
369	0.368	1.66290719711021	-14.8864437725822
370	0.369	1.58477338784075	-13.2626034801068
371	0.37	1.60040014969062	-11.6700167113411
372	0.371	1.53789310230323	-10.1008700853442
373	0.372	1.5066395786216	-8.57860374488173
374	0.373	1.41287900762487	-7.1188444517585
375	0.374	1.39725224579909	-5.71377882504652
376	0.375	1.35037196033376	-4.33996672198009
377	0.376	1.28786491307464	-3.02084828527589
378	0.377	1.27223815126485	-1.74079675310615
379	0.378	1.19410434224578	-0.507625506350832
380	0.379	1.14722405685822	0.663038693201171
381	0.38	1.05346348613673	1.76338246469865
382	0.381	0.97532967725664	2.77777904639533
383	0.382	0.897195868425974	3.71404181923664
384	0.383	0.865942344907519	4.59561092590338
385	0.384	0.803435297894249	5.43029974730427
386	0.385	0.75655501265495	6.21029490257887
387	0.386	0.694047965696712	6.9355963917547
388	0.387	0.615914157043018	7.59057745312456
389	0.388	0.50652682500997	8.15179794415106
390	0.389	0.475273301589516	8.6426980074508
391	0.39	0.428393016473441	9.09453116648228
392	0.391	0.350259207985537	9.48385727871177
393	0.392	0.240871876183948	9.77942282079651
394	0.393	0.193991591155155	9.99685455446606
395	0.394	0.131484544477132	10.1595926222822
396	0.395	0.0846042594888605	10.2676370242652
397	0.396	-0.0560365953720992	10.2819208563236
398	0.397	-0.134170403561054	10.186817356857
399	0.398	-0.243557734945297	9.99795328760383
400	0.399	-0.27481125818077	9.7387687910408
401	0.4	-0.431078874244028	9.3858237248284
402	0.401	-0.540466205375495	8.90005118501864
403	0.402	-0.649853536414412	8.30489131412368
404	0.403	-0.759240867361091	7.60034411223593
405	0.404	-0.85300143667078	6.79422296022
406	0.405	-0.946762005913127	5.89434123892804
407	0.406	-1.02489581356378	4.90851232918959
408	0.407	-1.11865638268318	3.83673623106611
409	0.408	-1.27492399773385	2.6399460408576
410	0.409	-1.32180428221301	1.34158190088417
411	0.41	-1.41556485112158	-0.0271026657831274
412	0.411	-1.46244513555105	-1.46610765911944
413	0.412	-1.50932541996399	-2.95199293687696
414	0.413	-1.58745922728226	-4.50038526050009
415	0.414	-1.58745922728226	-6.08784448778235
416	0.415	-1.55620570436045	-7.65967695360371
417	0.416	-1.63433951165128	-9.25494956160957
418	0.417	-1.58745922728226	-10.8658489310763
419	0.418	-1.63433951165128	-12.4767483005431
420	0.419	-1.61871275019677	-14.1032744314671
421	0.42	-1.57183246582227	-15.6985470394767
422	0.421	-1.52495218143131	-17.2469393631035
423	0.422	-1.47807189702386	-18.748451402331
424	0.423	-1.46244513555105	-20.2187099186185
425	0.424	-1.3530578051899	-21.626461388989
426	0.425	-1.29055075922875	-22.9482656711983
427	0.426	-1.29055075922875	-24.238816430427
428	0.427	-1.21241695173578	-25.4903002859093
429	0.428	-1.16553666721782	-26.6792770953861
430	0.429	-1.10302962116792	-27.813560239579
431	0.43	-1.02489581356378	-28.8775229569448
432	0.431	-1.00926905203738	-29.8946053897454
433	0.432	-0.899881721300359	-30.8491807764143
434	0.433	-0.915508482839815	-31.7568758784844
435	0.434	-0.743614105802915	-32.5864371728057
436	0.435	-0.727987344242863	-33.3222378978286
437	0.436	-0.712360582680932	-34.0424118612905
438	0.437	-0.618600013269862	-34.7078921592659
439	0.438	-0.556092966958142	-35.2952386493799
440	0.439	-0.446705635839916	-35.7966379507789
441	0.44	-0.368571827841517	-36.2042766826197
442	0.441	-0.290438019795649	-36.5337816064382
443	0.442	-0.2123042117022	-36.7851527221872
444	0.443	-0.149797165193104	-36.9662034106348
445	0.444	-0.0404098337285612	-37.0613069100957
446	0.445	0.0220972128647781	-37.0704632205275
447	0.446	0.147111306143744	-36.9858589610233
448	0.447	0.225245114505751	-36.7996807506985
449	0.448	0.334632446293782	-36.5197419702988
450	0.449	0.444019778176853	-36.1304158580635
451	0.45	0.522153586723121	-35.6473291756135
452	0.451	0.631540918769842	-35.070481922867
453	0.452	0.694047965696712	-34.4076874806337
454	0.453	0.881569106665761	-33.6198789444525
455	0.454	0.959702915486557	-32.6992429333763
456	0.455	1.08471700970262	-31.6770329707817
457	0.456	1.16285081865209	-30.5532490566044
458	0.457	1.22535786584743	-29.3591447143546
459	0.458	1.38162548397531	-28.0556530394432
460	0.459	1.44413253128243	-26.6427740318144
461	0.46	1.475386054948	-25.1830147386991
462	0.461	1.53789310230323	-23.6763751600735
463	0.462	1.61602691154249	-22.0994151531507
464	0.463	1.61602691154249	-20.4833882416082
465	0.464	1.67853395897015	-18.8361078063518
466	0.465	1.67853395897015	-17.1575738473817
467	0.466	1.63165367339638	-15.5024800311984
468	0.467	1.67853395897015	-13.8473862150152
469	0.468	1.60040014969062	-12.2079191606848
470	0.469	1.61602691154249	-10.5997056300682
471	0.47	1.58477338784075	-8.99930548037661
472	0.471	1.55351986414706	-7.4301588543827
473	0.472	1.4910128167838	-5.90789251391727
474	0.473	1.42850576945265	-4.44813322079905
475	0.474	1.39725224579909	-3.03525421317318
476	0.475	1.33474519851599	-1.66925549101564
477	0.476	1.31911843670021	-0.342323673407545
478	0.477	1.22535786584743	0.929914477866276
479	0.478	1.17847758044794	2.13183220101396
480	0.479	1.08471700970262	3.26342949608925
481	0.48	1.05346348613673	4.33251974400892
482	0.481	0.9909564390287	5.35472970659164
483	0.482	0.94407615371845	6.32224600296521
484	0.483	0.819062059644614	7.20381510964674
485	0.484	0.834688821396947	8.03069055016752
486	0.485	0.725301489171907	8.81068570545195
487	0.486	0.66279444222936	9.50473367115258
488	0.487	0.56903387187428	10.1206478282044
489	0.488	0.553407110155275	10.6818683192192
490	0.489	0.444019778176853	11.1805817633852
491	0.49	0.397139493072451	11.6011613990099
492	0.491	0.319005684603966	11.9592339878481
493	0.492	0.319005684603966	12.2782396724521
494	0.493	0.193991591155155	12.5347383103316
495	0.494	0.147111306143744	12.7052897589811
496	0.495	0.0533507361729728	12.8055207801394
497	0.496	-0.00915631043573079	12.8276179930081
498	0.497	-0.118543641927091	12.7637680168266
499	0.498	-0.227930973324702	12.5905307092008
500	0.499	-0.3216915430197	12.3157194510286
501	0.5	-0.384198589444991	11.9627743847962
502	0.501	-0.540466205375495	11.500441987386
503	0.502	-0.649853536414412	10.905282116491
504	0.503	-0.774867628917391	10.1929215338251
505	0.504	-0.85300143667078	9.37898700103102
506	0.505	-0.978015528978978	8.46347851820614
507	0.506	-1.10302962116792	7.42295594313269
508	0.507	-1.18116342872566	6.2808594181859
509	0.508	-1.22804371323807	5.07625584720404
510	0.509	-1.36868456667558	3.77789170724721
511	0.51	-1.39993808964142	2.39358037908871
512	0.511	-1.46244513555105	0.962388766492477
513	0.512	-1.52629510618352	0.962388766492477
514	0.513	-1.6044289134835	-0.602973243341033
515	0.514	-1.57317539056899	-2.19177539536728
516	0.515	-1.57317539056899	-3.76495078593627
517	0.516	-1.6044289134835	-5.35375293796252
518	0.517	-1.58880215202716	-6.95036847071784
519	0.518	-1.6356824363907	-8.56261076492678
520	0.519	-1.57317539056899	-10.1670396784066
521	0.52	-1.54192186764717	-11.7245883075147
522	0.521	-1.51066834471804	-13.2508834136973
523	0.522	-1.49504158325072	-14.7537383776817
524	0.523	-1.43253453736312	-16.2175264379886
525	0.524	-1.41690777588664	-17.6422475946135
526	0.525	-1.38565425292815	-19.0435286090209
527	0.526	-1.27626692251548	-20.3744891967427
528	0.527	-1.26064016102058	-21.6429427385107
529	0.528	-1.15125283050454	-22.8488892342733
530	0.529	-1.13562606899485	-23.992328684023
531	0.53	-1.04186549989774	-25.0810744684693
532	0.531	-0.932478169199855	-26.0682463030181
533	0.532	-0.901224646126544	-26.9850977106813
534	0.533	-0.854344361502571	-27.8628822144958
535	0.534	-0.791837315311094	-28.6859730529027
536	0.535	-0.713703507529591	-29.438743464323
537	0.536	-0.666823222838162	-30.1290068295069
538	0.537	-0.573062653404503	-30.7489497676282
539	0.538	-0.510555607077688	-31.2907588978693
540	0.539	-0.432421799126644	-31.7622476009715
541	0.54	-0.338661229522873	-32.1477891152962
542	0.541	-0.276154183082378	-32.4551968215989
543	0.542	-0.229273898232025	-32.7079108622561
544	0.543	-0.10425980521382	-32.874677713979
545	0.544	-0.0417527586588278	-32.9476839959153
546	0.545	0.083261334543226	-32.9269297079731
547	0.546	0.13014161952572	-32.8202282309386
548	0.547	0.286409236259418	-32.6119528030461
549	0.548	0.333289521317237	-32.3021034242577
550	0.549	0.395796568088143	-31.9375603795551
551	0.55	0.552064185151494	-31.4636300029352
552	0.551	0.677078278942631	-30.8490587708882
553	0.552	0.802092372859122	-30.1094734449873
554	0.553	0.880226181620791	-29.2683141677473
555	0.554	0.942733228665589	-28.3568344626042
556	0.555	1.0990008464159	-27.3359674250634
557	0.556	1.14588113177962	-26.2135264359657
558	0.557	1.25526846436452	-25.0129516378936
559	0.558	1.33340227341348	-23.7186162690046
560	0.559	1.42716284433814	-22.3383337101288
561	0.56	1.48966989166128	-20.8799173421291
562	0.561	1.52092341533488	-19.374620688631
563	0.562	1.59905722455403	-17.8146303686865
564	0.563	1.59905722455403	-16.2155731441325
565	0.564	1.64593751010965	-14.5930757768007
566	0.565	1.69281779568342	-12.9236981239041
567	0.566	1.69281779568342	-11.2308803282207
568	0.567	1.69281779568342	-9.53806253253731
569	0.568	1.64593751010965	-7.86868487964077
570	0.569	1.63031074825576	-6.23056075045806
571	0.57	1.63031074825576	-4.6002500022023
572	0.571	1.55217693901651	-3.00900615856616
573	0.572	1.55217693901651	-1.45682921954966
574	0.573	1.44278960616592	0.0406540530415547
575	0.574	1.41153608251236	1.46781689738069
576	0.575	1.38028255886681	2.86372621807028
577	0.576	1.3177755115997	4.21275525330353
578	0.577	1.22401494075888	5.48365047948282
579	0.578	1.19276141716121	6.69203865844287
580	0.579	1.11462760820182	7.84573317112439
581	0.58	1.03649379929203	8.92129387487131
582	0.581	0.973986752199829	9.92653415061724
583	0.582	0.942733228665589	10.8848941410499
584	0.583	0.86459941986452	11.788560465315
585	0.584	0.848972658110218	12.6453465043024
586	0.585	0.770838849368222	13.4552522580416
587	0.586	0.708331802409984	14.1948375839307
588	0.587	0.63019799375629	14.8641024820138
589	0.588	0.520810661723241	15.4396068097536
590	0.589	0.473930376595482	15.936977328913
591	0.59	0.427050091485245	16.3874675629533
592	0.591	0.348916283007053	16.7754507501995
593	0.592	0.302035997943421	17.1009268906747
594	0.593	0.223902189542758	17.3638959844178
595	0.594	0.114514857862963	17.5331045081207
596	0.595	0.0520078112311857	17.6163658426677
597	0.596	-0.10425980521382	17.5902398456764
598	0.597	-0.135513328479833	17.4703532788296
599	0.598	-0.21364713661143	17.295773046284
600	0.599	-0.291780944695354	17.0430590056306
601	0.6	-0.416795037530757	16.6887710145175
602	0.601	-0.541809130244871	16.2094689306297
603	0.602	-0.651196461270592	15.612966134872
604	0.603	-0.760583792204119	14.9070760081346
605	0.604	-0.854344361502571	14.0996119312813
606	0.605	-0.963731692265706	13.1905739043971
607	0.606	-1.05749226141857	12.179961927555
608	0.607	-1.16687959201239	11.0677760008395
609	0.608	-1.22938663802524	9.8696428858207
610	0.609	-1.35440072996231	8.57774920182692
611	0.61	-1.37002749144615	7.21553509112269
612	0.611	-1.44816129883778	5.80644069598073
613	0.612	-1.49504158325072	4.33483925493648
614	0.613	-1.52629510618352	2.82417091021936
615	0.614	-1.6044289134835	1.25880890038585
616	0.615	-1.58880215202716	-0.337806632369477
617	0.616	-1.57317539056899	-1.91879540366755
618	0.617	-1.58880215202716	-3.49978417496563
619	0.618	-1.6044289134835	-5.09639970772096
620	0.619	-1.52629510618352	-6.66176171755447
621	0.62	-1.54192186764717	-8.19587020446981
622	0.621	-1.54192186764717	-9.73779207211699
623	0.622	-1.46378806031059	-11.2406470360959
624	0.623	-1.40128101440831	-12.6731815734553
625	0.624	-1.35440072996231	-14.0510224456406
626	0.625	-1.30752044549974	-15.3819830333717
627	0.626	-1.33877396847663	-16.7051302403598
628	0.627	-1.19813311502251	-17.9735837821094
629	0.628	-1.16687959201239	-19.1560901356269
630	0.629	-1.1043725459699	-20.291716204618
631	0.63	-1.05749226141857	-21.3726486083122
632	0.631	-0.994985215324104	-22.3988873466836
633	0.632	-0.869971123045764	-23.3313655158685
634	0.633	-0.854344361502571	-24.1935232581427
635	0.634	-0.791837315311094	-25.0166140965495
636	0.635	-0.666823222838162	-25.7459443656241
637	0.636	-0.651196461270592	-26.4049542076785
638	0.637	-0.55743589182563	-27.0092703842266
639	0.638	-0.463675322312738	-27.5198259912958
640	0.639	-0.463675322312738	-27.9835013136085
641	0.64	-0.369914752731719	-28.4002963511308
642	0.641	-0.307407706306429	-28.7389575806498
643	0.642	-0.21364713661143	-28.9994850021088
644	0.643	-0.119886566847783	-29.1662518538384
645	0.644	-0.0261259970152897	-29.2392581357699
646	0.645	0.0520078112311857	-29.226317228662
647	0.646	0.0988880962021319	-29.1508692749453
648	0.647	0.25515571289722	-28.9738473703956
649	0.648	0.31766275962936	-28.6874381341323
650	0.649	0.458303614890124	-28.2994549468726
651	0.65	0.583317708587551	-27.7786442851338
652	0.651	0.677078278942631	-27.1484462913687
653	0.652	0.770838849368222	-26.4244877272132
654	0.653	0.880226181620791	-25.5989552117187
655	0.654	0.989613513969912	-24.6640353639234
656	0.655	1.06774732285	-23.6353549455134
657	0.656	1.1615078935715	-22.5207273373027
658	0.657	1.25526846436452	-21.3123391583347
659	0.658	1.38028255886681	-19.994563646719
660	0.659	1.41153608251236	-18.5986543260294
661	0.66	1.47404312982748	-17.1558647198595
662	0.661	1.55217693901651	-15.6427546854375
663	0.662	1.58343046270617	-14.0749509845762
664	0.663	1.63031074825576	-12.4680803790952
665	0.664	1.63031074825576	-10.8377696308394
666	0.665	1.63031074825576	-9.20745888258368
667	0.666	1.64593751010965	-7.56933475340097
668	0.667	1.64593751010965	-5.92339724329132
669	0.668	1.67719103382348	-4.26183297132475
670	0.669	1.63031074825576	-2.60808208028513
671	0.67	1.63031074825576	-0.977771332029362
672	0.671	1.61468398640389	0.644726035300464
673	0.672	1.55217693901651	2.22815649801066
674	0.673	1.53655017717469	3.77252005610626
675	0.674	1.4584163679957	5.27000332869145
676	0.675	1.38028255886681	6.6893527921227
677	0.676	1.3177755115997	8.03838182735596
678	0.677	1.20838817895905	9.30146367263533
679	0.678	1.19276141716121	10.5020384706955
680	0.679	1.13025436998973	11.6635463642709
681	0.68	1.05212056107002	12.7547338298008
682	0.681	1.00524027574197	13.7834142482068
683	0.682	0.911479705139245	14.7417742386474
684	0.683	0.833345896357885	15.614187039396
685	0.684	0.770838849368222	16.416279412259
686	0.685	0.770838849368222	17.1871182616273
687	0.686	0.677078278942631	17.9110768257827
688	0.687	0.63019799375629	18.5647149621321
689	0.688	0.59894447030851	19.1792861941645
690	0.689	0.50518390001204	19.7313503793248
691	0.69	0.458303614890124	20.2130941367759
692	0.691	0.302035997943421	20.5932639431927
693	0.692	0.270782474577351	20.8796731794531
694	0.693	0.223902189542758	21.1270155115131
695	0.694	0.114514857862963	21.296224035216
696	0.695	0.083261334543226	21.3951121314191
697	0.696	-0.0261259970152897	21.423679800183
698	0.697	-0.151140090109972	21.3350467566204
699	0.698	-0.229273898232025	21.1448397624494
700	0.699	-0.323034467915601	20.8686855793756
701	0.7	-0.416795037530757	20.4987708266524
702	0.701	-0.55743589182563	20.0116553619742
703	0.702	-0.619942938129807	19.4229659469965
704	0.703	-0.713703507529591	18.7561427241668
705	0.704	-0.854344361502571	17.9721187896507
706	0.705	-0.948104930733713	17.0708941435326
707	0.706	-1.04186549989774	16.0759089282169
708	0.707	-1.15125283050454	14.9793497630157
709	0.708	-1.19813311502251	13.8046567902522
710	0.709	-1.3231472069891	12.5440166292464
711	0.71	-1.35440072996231	11.2052426607707
712	0.711	-1.44816129883778	9.80396164637063
713	0.712	-1.44816129883778	8.35580034753285
714	0.713	-1.557548629109	6.85294538355946
715	0.714	-1.57317539056899	5.28758337372047
716	0.715	-1.62005567493801	3.69096784096697
717	0.716	-1.62005567493801	2.07091216602895
718	0.717	-1.6356824363907	0.443043110364597
719	0.718	-1.57317539056899	-1.16138580311525
720	0.719	-1.6044289134835	-2.75018795514149
721	0.72	-1.54192186764717	-4.32336334570683
722	0.721	-1.52629510618352	-5.85747183262218
723	0.722	-1.46378806031059	-7.35251341586923
724	0.723	-1.43253453736312	-8.80067471470609
725	0.724	-1.43253453736312	-10.2332092520692
726	0.725	-1.27626692251548	-11.5876099820085
727	0.726	-1.29189368400853	-12.8716902852705
728	0.727	-1.19813311502251	-14.116703684786
729	0.728	-1.13562606899485	-15.2835832767947
730	0.729	-1.07311902293754	-16.3879558227609
731	0.73	-1.02623873837506	-17.4376347034172
732	0.731	-1.01061197685051	-18.45606006103
733	0.732	-0.901224646126544	-19.4119783725185
734	0.733	-0.854344361502571	-20.2897628763331
735	0.734	-0.760583792204119	-21.0972269531864
736	0.735	-0.682449984403851	-21.8187438414904
737	0.736	-0.619942938129807	-22.4699403027572
738	0.737	-0.573062653404503	-23.0664430985244
739	0.738	-0.463675322312738	-23.584812086383
740	0.739	-0.448048560720638	-24.0406740278997
741	0.74	-0.338661229522873	-24.4340289230215
742	0.741	-0.307407706306429	-24.7570633909361
743	0.742	-0.198020374988928	-25.0097774315838
744	0.743	-0.0886330435779441	-25.1531041408672
745	0.744	-0.0573795203004489	-25.2261104228064
746	0.745	0.0520078112311857	-25.2287962773411
747	0.746	0.177021904525556	-25.1142814194627
748	0.747	0.208275427868426	-24.9216327532657
749	0.748	0.364543044698809	-24.6352235169821
750	0.749	0.411423329785722	-24.2472403297398
751	0.75	0.567690946868546	-23.7576831914127
752	0.751	0.614571232031422	-23.1665521019627
753	0.752	0.786465611112689	-22.4660336803906
754	0.753	0.86459941986452	-21.640501164902
755	0.754	0.973986752199829	-20.7212080788699
756	0.755	1.08337408463196	-19.692527660454
757	0.756	1.17713465536536	-18.5622732904553
758	0.757	1.27089522617032	-17.3382583496875
759	0.758	1.39590932068859	-16.004856076258
760	0.759	1.39590932068859	-14.6089467555694
761	0.76	1.48966989166128	-13.1661571493945
762	0.761	1.56780370086034	-11.6374203531337
763	0.762	1.63031074825576	-10.0383631285756
764	0.763	1.63031074825576	-8.40805238031987
765	0.764	1.66156427196556	-6.76211487020921
766	0.765	1.63031074825576	-5.11617736009855
767	0.766	1.69281779568342	-3.45461308812896
768	0.767	1.64593751010965	-1.78523543523242
769	0.768	1.66156427196556	-0.131484544194818
770	0.769	1.63031074825576	1.51445296591584
771	0.77	1.64593751010965	3.15257709509855
772	0.771	1.53655017717469	4.74382093874072
773	0.772	1.50529665349707	6.2647443540766
774	0.773	1.48966989166128	7.76222762665578
775	0.774	1.44278960616592	9.22845737556937
776	0.775	1.36465579704704	10.6321800771758
777	0.776	1.33340227341348	11.9812091124061
778	0.777	1.27089522617032	13.283357862198
779	0.778	1.22401494075888	14.5308129456626
780	0.779	1.11462760820182	15.700134220143
781	0.78	1.05212056107002	16.7835083047789
782	0.781	0.989613513969912	17.8043753422989
783	0.782	0.880226181620791	18.7392951900942
784	0.783	0.86459941986452	19.6117079908369
785	0.784	0.755212087625718	20.421613744582
786	0.785	0.739585325885178	21.1690124513374
787	0.786	0.692705040675328	21.8851576346177
788	0.787	0.59894447030851	22.5309823901096
789	0.788	0.536437423436392	23.098673336982
790	0.789	0.473930376595482	23.603857236998
791	0.79	0.411423329785722	24.0465340901886
792	0.791	0.333289521317237	24.4188905157401
793	0.792	0.25515571289722	24.7131131328473
794	0.793	0.161395142857015	24.9213885607244
795	0.794	0.13014161952572	25.0671569419158
796	0.795	0.0676345728862442	25.1660450381218
797	0.796	-0.0104992353698339	25.19461270688
798	0.797	-0.151140090109972	25.1137930441401
799	0.798	-0.135513328479833	24.9704663348452
800	0.799	-0.323034467915601	24.7411924366474
801	0.8	-0.416795037530757	24.3712776839243
802	0.801	-0.526182368662224	23.8997889808278
803	0.802	-0.666823222838162	23.3032861850776
804	0.803	-0.776210553758544	22.5817692967792
805	0.804	-0.916851407664133	21.7352383160679
806	0.805	-1.02623873837506	20.7636932430483
807	0.806	-1.05749226141857	19.7218277431515
808	0.807	-1.15125283050454	18.6174551971899
809	0.808	-1.2137598765248	17.4349488436753
810	0.809	-1.30752044549974	16.174308682663
811	0.81	-1.38565425292815	14.827721333449
812	0.811	-1.43253453736312	13.4186269383034
813	0.812	-1.52629510618352	11.9392121165301
814	0.813	-1.51066834471804	10.4207303910793
815	0.814	-1.57317539056899	8.87880852343579
816	0.815	-1.557548629109	7.3134465135968
817	0.816	-1.6044289134835	5.73245774230055
818	0.817	-1.6044289134835	4.12802882881705
819	0.818	-1.6044289134835	2.52359991533355
820	0.819	-1.58880215202716	0.92698438257822
821	0.82	-1.51066834471804	-0.622750865794378
822	0.821	-1.54192186764717	-2.14904597197698
823	0.822	-1.49504158325072	-3.66752769742593
824	0.823	-1.41690777588664	-5.12350237699461
825	0.824	-1.43253453736312	-6.54822353361949
826	0.825	-1.33877396847663	-7.93387778653937
827	0.826	-1.26064016102058	-9.23358485128797
828	0.827	-1.2137598765248	-10.4707848700607
829	0.828	-1.08874578445465	-11.6220377005504
830	0.829	-1.07311902293754	-12.7029701042465
831	0.83	-0.994985215324104	-13.7370222233773
832	0.831	-0.979358453795836	-14.7241940579373
833	0.832	-0.885597884587088	-15.6566722271287
834	0.833	-0.791837315311094	-16.4953898270778
835	0.834	-0.791837315311094	-17.2872271423889
836	0.835	-0.666823222838162	-18.0165574114635
837	0.836	-0.619942938129807	-18.6599404919475
838	0.837	-0.541809130244871	-19.2408165261349
839	0.838	-0.479302083902946	-19.7513721332088
840	0.839	-0.448048560720638	-20.2150474555206
841	0.84	-0.338661229522873	-20.6084023506423
842	0.841	-0.276154183082378	-20.9158100569449
843	0.842	-0.198020374988928	-21.1528973359806
844	0.843	-0.135513328479833	-21.319664187715
845	0.844	-0.073006281940154	-21.423923992925
846	0.845	0.083261334543226	-21.4187964666234
847	0.846	0.161395142857015	-21.2964682279233
848	0.847	0.223902189542758	-21.1038195617234
849	0.848	0.364543044698809	-20.8095969446026
850	0.849	0.458303614890124	-20.3981736148082
851	0.85	0.536437423436392	-19.9008030956449
852	0.851	0.645824755483113	-19.3096720061852
853	0.852	0.770838849368222	-18.6013402037595
854	0.853	0.895852943379032	-17.7679943073859
855	0.854	1.00524027574197	-16.8174476978254
856	0.855	1.08337408463196	-15.7731405176384
857	0.856	1.1615078935715	-14.6506995285367
858	0.857	1.25526846436452	-13.4423113495687
859	0.858	1.36465579704704	-12.1323492188629
860	0.859	1.44278960616592	-10.7286265172564
861	0.86	1.48966989166128	-9.26239676834282
862	0.861	1.52092341533488	-7.75710011484475
863	0.862	1.55217693901651	-6.22054993766906
864	0.863	1.66156427196556	-4.61367933217803
865	0.864	1.69281779568342	-2.93648829835354
866	0.865	1.66156427196556	-1.25929726452905
867	0.866	1.69281779568342	0.417893769295437
868	0.867	1.64593751010965	2.08727142219197
869	0.868	1.66156427196556	3.74102231322958
870	0.869	1.63031074825576	5.38695982334024
871	0.87	1.64593751010965	7.02508395252295
872	0.871	1.58343046270617	8.63976793893086
873	0.872	1.59905722455403	10.231011782561
874	0.873	1.47404312982748	11.7675619597517
875	0.874	1.42716284433814	13.2181649468345
876	0.875	1.33340227341348	14.5984475057103
877	0.876	1.33340227341348	15.9318497791238
878	0.877	1.1615078935715	17.1793048626163
879	0.878	1.17713465536536	18.3486261370847
880	0.879	1.0990008464159	19.4866938879754
881	0.88	1.03649379929203	20.5544412108293
882	0.881	1.00524027574197	21.5753082483463
883	0.882	0.895852943379032	22.5258548579068
884	0.883	0.848972658110218	23.3982676586514
885	0.884	0.786465611112689	24.2159867932629
886	0.885	0.739585325885178	24.9790122617618
887	0.886	0.661451517211893	25.6795306833104
888	0.887	0.59894447030851	26.3097286770706
889	0.888	0.552064185151494	26.8852330048006
890	0.889	0.458303614890124	27.3904169048214
891	0.89	0.411423329785722	27.8252803771593
892	0.891	0.333289521317237	28.1976368027108
893	0.892	0.25515571289722	28.491859419818
894	0.893	0.239528951219022	28.7392017518761
895	0.894	0.13014161952572	28.9240370372485
896	0.895	0.13014161952572	29.0541786567742
897	0.896	-0.0261259970152897	29.1061864680294
898	0.897	-0.119886566847783	29.0331801860979
899	0.898	-0.229273898232025	28.858599953558
900	0.899	-0.276154183082378	28.6058859129008
901	0.9	-0.416795037530757	28.2594113025942
902	0.901	-0.541809130244871	27.7801092187064
903	0.902	-0.651196461270592	27.1836064229487
904	0.903	-0.74495703064782	26.4855296769895
905	0.904	-0.885597884587088	25.670252219372
906	0.905	-1.01061197685051	24.7221472886532
907	0.906	-1.05749226141857	23.6880951695187
908	0.907	-1.16687959201239	22.5759092428032
909	0.908	-1.27626692251548	21.3543359855393
910	0.909	-1.35440072996231	20.0390021593004
911	0.91	-1.43253453736312	18.6455345256377
912	0.911	-1.43253453736312	17.2129999882746
913	0.912	-1.52629510618352	15.7335851665012
914	0.913	-1.58880215202716	14.1760365373959
915	0.914	-1.57317539056899	12.5950477660978
916	0.915	-1.58880215202716	11.0140589947997
917	0.916	-1.6044289134835	9.41744346204441
918	0.917	-1.6356824363907	7.79738778710731
919	0.918	-1.58880215202716	6.18514549289838
920	0.919	-1.557548629109	4.6119701023303
921	0.92	-1.57317539056899	3.0466080924913
922	0.921	-1.51066834471804	1.50468622484779
923	0.922	-1.44816129883778	0.0252714030698842
924	0.923	-1.47941482178157	-1.43851665723979
925	0.924	-1.35440072996231	-2.85542443311173
926	0.925	-1.35440072996231	-4.20982516307404
927	0.926	-1.3231472069891	-5.54859913154974
928	0.927	-1.26064016102058	-6.84049281555458
929	0.928	-1.11999930748331	-8.03081254980653
930	0.929	-1.11999930748331	-9.15081185728983
931	0.93	-1.04186549989774	-10.2317442609804
932	0.931	-0.994985215324104	-11.2501696185913
933	0.932	-0.901224646126544	-12.1982745493166
934	0.933	-0.823090838410576	-13.0604322915852
935	0.934	-0.729330269089644	-13.8366428453353
936	0.935	-0.666823222838162	-14.5347195912992
937	0.936	-0.60431617655659	-15.1702892909965
938	0.937	-0.55743589182563	-15.7511653251877
939	0.938	-0.510555607077688	-16.2851610746393
940	0.939	-0.401168275932974	-16.7410230161446
941	0.94	-0.354287991128246	-17.1187511496753
942	0.941	-0.276154183082378	-17.4339722367806
943	0.942	-0.244900659850714	-17.6944996582471
944	0.943	-0.151140090109972	-17.8925200332275
945	0.944	-0.0573795203004489	-17.9967798384327
946	0.945	0.083261334543226	-17.9838389313113
947	0.946	0.114514857862963	-17.8849508351082
948	0.947	0.223902189542758	-17.7157423114053
949	0.948	0.333289521317237	-17.4371464559753
950	0.949	0.411423329785722	-17.0647900304239
951	0.95	0.552064185151494	-16.5830462729552
952	0.951	0.645824755483113	-15.9841018026379
953	0.952	0.739585325885178	-15.2913967619538
954	0.953	0.911479705139245	-14.4658642464416
955	0.954	1.00524027574197	-13.507504256001
956	0.955	1.0990008464159	-12.455383694922
957	0.956	1.17713465536536	-11.3173159440314
958	0.957	1.27089522617032	-10.0933010032636
959	0.958	1.34902903522926	-8.78333887256378
960	0.959	1.4584163679957	-7.3796161709513
961	0.96	1.50529665349707	-5.89775966020492
962	0.961	1.56780370086034	-4.36120948302621
963	0.962	1.55217693901651	-2.80121916308779
964	0.963	1.59905722455403	-1.22560208130253
965	0.964	1.66156427196556	0.404708666957264
966	0.965	1.66156427196556	2.06627293892282
967	0.966	1.67719103382348	3.73565059181734
968	0.967	1.67719103382348	5.41284162564082
969	0.968	1.64593751010965	7.07440589760739
970	0.969	1.66156427196556	8.728156788645
971	0.97	1.61468398640389	10.3662809178297
972	0.971	1.61468398640389	11.9809649042336
973	0.972	1.52092341533488	13.548768605103
974	0.973	1.50529665349707	15.061878639519
975	0.974	1.42716284433814	16.5281083884366
976	0.975	1.42716284433814	17.9552712327747
977	0.976	1.34902903522926	19.3433671725584
978	0.977	1.28652198797812	20.6611426841621
979	0.978	1.19276141716121	21.9007843867318
980	0.979	1.14588113177962	23.0701056612022
981	0.98	1.06774732285	24.176919888517
982	0.981	0.989613513969912	25.2056003069269
983	0.982	0.911479705139245	26.1561469164815
984	0.983	0.86459941986452	27.0441864789834
985	0.984	0.833345896357885	27.8931591370946
986	0.985	0.7239585641466	28.6718113673468
987	0.986	0.692705040675328	29.3801431697578
988	0.987	0.645824755483113	30.049408067837
989	0.988	0.583317708587551	30.6639792998724
990	0.989	0.50518390001204	31.2082301041722
991	0.99	0.395796568088143	31.6587203382222
992	0.991	0.395796568088143	32.0545169063104
993	0.992	0.270782474577351	32.3878064276431
994	0.993	0.192648666196026	32.6195219980298
995	0.994	0.161395142857015	32.7965439025564
996	0.995	0.0520078112311857	32.9032453796005
997	0.996	-0.0261259970152897	32.9161862867084
998	0.997	-0.135513328479833	32.8353666239608
999	0.998	-0.229273898232025	32.6529730106049
1000	0.999	-0.307407706306429	32.3846322083357
