No.	时间（s）	Dev1/ai0-1-测振（mm/s）	VH01-V1-Dev1/ai0一次积分（μm）
1	0	-0.488366826240708	0
2	0.001	-0.457113303050827	-0.472740064645768
3	0.002	-0.394606256648316	-0.898599844495339
4	0.003	-0.285218925370785	-1.23851243550489
5	0.004	-0.20708511725827	-1.48466445681942
6	0.005	-0.0820710241788981	-1.629242527538
7	0.006	-0.00393721594202073	-1.67224664759846
8	0.007	0.105450115670333	-1.6214901977343
9	0.008	0.214837447377149	-1.46134641621056
10	0.009	0.292971255797167	-1.2074420646234
11	0.01	0.386731825965175	-0.867590523742234
12	0.011	0.433612111075412	-0.45741855522194
13	0.012	0.605506489963043	0.0621407452972872
14	0.013	0.68364029862653	0.706714139592073
15	0.014	0.761774107339051	1.42942134257486
16	0.015	0.855534677858962	2.23807573517387
17	0.016	0.980548771995939	3.15611746010132
18	0.017	1.08993610446966	4.19135989833412
19	0.018	1.15244315164114	5.31254952638952
20	0.019	1.23057696065025	6.50405958253521
21	0.02	1.35559105516852	7.7971435904446
22	0.021	1.32433753152697	9.13710788379234
23	0.022	1.40247134064585	10.5005123198787
24	0.023	1.464978387977	11.9342371841902
25	0.024	1.48060514981481	13.4070289530861
26	0.025	1.49623191165462	14.8954474838208
27	0.026	1.55873895903395	16.4229329191651
28	0.027	1.57436572088382	17.989485259124
29	0.028	1.58999248273569	19.5716643609337
30	0.029	1.55873895903395	21.1460300818185
31	0.03	1.55873895903395	22.7047690408525
32	0.031	1.57436572088382	24.2713213808114
33	0.032	1.52748543534026	25.8222469589234
34	0.033	1.55873895903395	27.3653591561105
35	0.034	1.48060514981481	28.8850312105349
36	0.035	1.48060514981481	30.3656363603497
37	0.036	1.37121781699229	31.7915478437533
38	0.037	1.33996429334674	33.1471388989228
39	0.038	1.32433753152697	34.4792898113596
40	0.039	1.18369667523881	35.7333069147425
41	0.04	1.18369667523881	36.9170035899813
42	0.041	1.13681638984529	38.0772601225234
43	0.042	1.01180229554995	39.151569465221
44	0.043	0.964922010221901	40.1399316181069
45	0.044	0.855534677858962	41.0501599621474
46	0.045	0.871161439619175	41.9135080208864
47	0.046	0.714893822105648	42.7065356517488
48	0.047	0.68364029862653	43.4058027121149
49	0.048	0.652386775155257	44.0738162490058
50	0.049	0.542999443067481	44.6715093581172
51	0.05	0.574252966511352	45.2301355629066
52	0.051	0.46486563449197	45.7496948634083
53	0.052	0.433612111075412	46.198933736192
54	0.053	0.402358587666642	46.616919085563
55	0.054	0.246090970739348	46.941143864766
56	0.055	0.167957162348356	47.1481679313098
57	0.056	0.0429430690231557	47.2536180469956
58	0.057	-0.0195639775932354	47.2653075927106
59	0.058	-0.0820710241788981	47.2144900918245
60	0.059	-0.238338640508998	47.0542852594805
61	0.06	-0.316472448602448	46.7768797149248
62	0.061	-0.441486541453044	46.3979002198971
63	0.062	-0.535247111011332	45.9095333936649
64	0.063	-0.582127395764941	45.3508461402767
65	0.064	-0.754021773049662	44.6827715558694
66	0.065	-0.816528819278614	43.8974962597053
67	0.066	-0.910289388565834	43.0340871557831
68	0.067	-0.988423196253783	42.0847308633733
69	0.068	-1.08218376541781	41.0494273825375
70	0.069	-1.19157109602461	39.9125499518163
71	0.07	-1.20719785753246	38.7131654750377
72	0.071	-1.36346547250917	37.4278338100169
73	0.072	-1.41034575696622	36.0409281952792
74	0.073	-1.41034575696622	34.630582438313
75	0.074	-1.51973308730164	33.1655430161791
76	0.075	-1.55098661023811	31.6301831674092
77	0.076	-1.53535984877079	30.0870099379047
78	0.077	-1.61349365608906	28.5125831854748
79	0.078	-1.61349365608906	26.8990895293857
80	0.079	-1.66037394045808	25.2621557311122
81	0.08	-1.61349365608906	23.6252219328386
82	0.081	-1.62912041754723	22.0039148960205
83	0.082	-1.58224013316724	20.3982346206632
84	0.083	-1.51973308730164	18.8472480104288
85	0.084	-1.53535984877079	17.3197015423926
86	0.085	-1.50410632583066	15.7999684550918
87	0.086	-1.42597251844822	14.3349290329524
88	0.087	-1.34783871101981	12.9480234182184
89	0.088	-1.31658518803555	11.6158114686907
90	0.089	-1.25407814204487	10.3304798036505
91	0.09	-1.22282461903844	9.09202842310883
92	0.091	-1.12906404997472	7.91608408860225
93	0.092	-1.08218376541781	6.81046018090598
94	0.093	-1.03530348084417	5.75171655777499
95	0.094	-0.925916150107158	4.77110674229932
96	0.095	-0.910289388565834	3.85300397296282
97	0.096	-0.80090205772419	2.99740824981781
98	0.097	-0.722768249923921	2.23557309599376
99	0.098	-0.629007680501559	1.55968513078102
100	0.099	-0.629007680501559	0.930677450279457
101	0.1	-0.519620349423016	0.356363435317169
102	0.101	-0.41023301825179	-0.108563248520234
103	0.102	-0.41023301825179	-0.518796266772023
104	0.103	-0.269592163752096	-0.858708857773966
105	0.104	-0.191458355630042	-1.08923411746503
106	0.105	-0.14457807073389	-1.257252330647
107	0.106	-0.0351907392425296	-1.34713673563521
108	0.107	0.0585698306820616	-1.33544718991544
109	0.108	0.167957162348356	-1.22218369340024
110	0.109	0.246090970739348	-1.01515962685638
111	0.11	0.355478302568072	-0.714374990202674
112	0.111	0.46486563449197	-0.304203021672654
113	0.112	0.621133251691823	0.238796421419243
114	0.113	0.68364029862653	0.891183196578419
115	0.114	0.746147345592619	1.60607701868799
116	0.115	0.855534677858962	2.40691803041378
117	0.116	0.949295248449842	3.30933299356819
118	0.117	1.02742905732993	4.29769514645807
119	0.118	1.10556286625955	5.36419110825281
120	0.119	1.21495019884445	6.52444764080481
121	0.12	1.21495019884445	7.73939783964925
122	0.121	1.35559105516852	9.02466846665573
123	0.122	1.38684457881807	10.395886283649
124	0.123	1.48060514981481	11.8296111479655
125	0.124	1.4493516261412	13.2945895359435
126	0.125	1.52748543534026	14.7830080666842
127	0.126	1.58999248273569	16.3417470257222
128	0.127	1.57436572088382	17.9239261275319
129	0.128	1.57436572088382	19.4982918484158
130	0.129	1.55873895903395	21.0648441883746
131	0.13	1.55873895903395	22.6235831474086
132	0.131	1.57436572088382	24.1901354873675
133	0.132	1.464978387977	25.7098075417979
134	0.133	1.51185867349644	27.1982260725346
135	0.134	1.48060514981481	28.6944579841902
136	0.135	1.4493516261412	30.1594363721682
137	0.136	1.37121781699229	31.569721093735
138	0.137	1.29308400789341	32.9018720061778
139	0.138	1.27745724607963	34.1871426331643
140	0.139	1.21495019884445	35.4333463556264
141	0.14	1.18369667523881	36.632669792668
142	0.141	1.10556286625955	37.7772995634172
143	0.142	0.964922010221901	38.8125420016579
144	0.143	0.964922010221901	39.7774640118798
145	0.144	0.88678820138136	40.7033191176815
146	0.145	0.77740086908745	41.5354136529159
147	0.146	0.793027630837815	42.3206279028785
148	0.147	0.699267060365108	43.0667752484799
149	0.148	0.621133251691823	43.7269754045084
150	0.149	0.55862620478844	44.3168551327485
151	0.15	0.511745919631423	44.8520411949585
152	0.151	0.480492396203171	45.3481603528758
153	0.152	0.417985349370054	45.7973992256624
154	0.153	0.355478302568072	46.1841310516315
155	0.154	0.230464209057281	46.4771023074441
156	0.155	0.167957162348356	46.676312993147
157	0.156	0.121076877336945	46.8208300129896
158	0.157	-0.0195639775932354	46.8715864628615
159	0.158	-0.113324547460224	46.8051422003347
160	0.159	-0.175831593999903	46.6605641296047
161	0.16	-0.347725971826499	46.3987853466915
162	0.161	-0.363352733435671	46.0432459940604
163	0.162	-0.503993587832808	45.6095728334261
164	0.163	-0.582127395764941	45.0665123416273
165	0.164	-0.644634442076661	44.4531314227065
166	0.165	-0.816528819278614	43.7225497920288
167	0.166	-0.879035865477579	42.8747674496507
168	0.167	-0.957169673184203	41.9566646803198
169	0.168	-1.03530348084417	40.9604281033056
170	0.169	-1.16031757300338	39.8626175763819
171	0.17	-1.20719785753246	38.678859861114
172	0.171	-1.30095842654065	37.4247817190774
173	0.172	-1.3790922339967	36.0847563888087
174	0.173	-1.48847956435785	34.6509704896314
175	0.174	-1.47285280288319	33.1703043060109
176	0.175	-1.51973308730164	31.6740113609185
177	0.176	-1.53535984877079	30.1464648928823
178	0.177	-1.56661337170359	28.5954782826451
179	0.178	-1.61349365608906	27.0054247687488
180	0.179	-1.59786689462907	25.3997444933897
181	0.18	-1.61349365608906	23.7940642180306
182	0.181	-1.55098661023811	22.2118240848671
183	0.182	-1.58224013316724	20.6452107131644
184	0.183	-1.61349365608906	19.0473438185362
185	0.184	-1.58224013316724	17.4494769239081
186	0.185	-1.45722604140671	15.9297438366211
187	0.186	-1.41034575696622	14.4959579374346
188	0.187	-1.42597251844822	13.0777987997274
189	0.188	-1.3322119495286	11.698706565739
190	0.189	-1.22282461903844	10.4211882814555
191	0.19	-1.23845138054258	9.19055028166497
192	0.191	-1.11343728845761	8.01460594716488
193	0.192	-1.05093024237058	6.93242218175078
194	0.193	-0.988423196253783	5.9127454624386
195	0.194	-0.910289388565834	4.96338917002879
196	0.195	-0.847782342381842	4.08435330455496
197	0.196	-0.769648534609714	3.27563786605918
198	0.197	-0.722768249923921	2.52942947379236
199	0.198	-0.675887965221211	1.8301013662198
200	0.199	-0.566500634182294	1.20890706651804
201	0.2	-0.566500634182294	0.642406432335748
202	0.201	-0.441486541453044	0.138412844518079
203	0.202	-0.378979495042944	-0.271820173729915
204	0.203	-0.300845686987569	-0.611732764745171
205	0.204	-0.191458355630042	-0.857884786053976
206	0.205	-0.160204832367853	-1.03371638005292
207	0.206	-0.0195639775932354	-1.12360078503347
208	0.207	0.0741965923428926	-1.09628447765864
209	0.208	0.152330400675955	-0.983020981149215
210	0.209	0.292971255797167	-0.760370152912654
211	0.21	0.324224779178739	-0.451772135424701
212	0.211	0.46486563449197	-0.0572269285893472
213	0.212	0.542999443067481	0.446705610190378
214	0.213	0.668013536889913	1.05221210016908
215	0.214	0.793027630837815	1.78273268403294
216	0.215	0.871161439619175	2.61482721926143
217	0.216	0.980548771995939	3.54068232506899
218	0.217	1.04305581911189	4.5524846206229
219	0.218	1.10556286625955	5.62679396330862
220	0.219	1.19932343704063	6.77923711495871
221	0.22	1.27745724607963	8.01762745651884
222	0.221	1.35559105516852	9.33415160714291
223	0.222	1.37121781699229	10.6975560432233
224	0.223	1.4493516261412	12.1078407647901
225	0.224	1.49623191165462	13.580632533688
226	0.225	1.49623191165462	15.0768644453426
227	0.226	1.52748543534026	16.58872311884
228	0.227	1.5431121971861	18.1240219351032
229	0.228	1.5431121971861	19.6671341322893
230	0.229	1.58999248273569	21.2336864722502
231	0.23	1.57436572088382	22.81586557406
232	0.231	1.57436572088382	24.3902312949438
233	0.232	1.55873895903395	25.9567836349027
234	0.233	1.48060514981481	27.4764556893271
235	0.234	1.49623191165462	28.9648742200618
236	0.235	1.43372486430741	30.4298526080428
237	0.236	1.40247134064585	31.8479507105194
238	0.237	1.29308400789341	33.195728384789
239	0.238	1.29308400789341	34.4888123926824
240	0.239	1.27745724607963	35.774083019669
241	0.24	1.10556286625955	36.9655930758386
242	0.241	1.12118962805143	38.078969322994
243	0.242	1.04305581911189	39.1610920465757
244	0.243	0.949295248449842	40.1572675803566
245	0.244	0.902414963145519	41.0831226861542
246	0.245	0.855534677858962	41.9620975066565
247	0.246	0.761774107339051	42.7707518992555
248	0.247	0.714893822105648	43.5090858639778
249	0.248	0.636760013422561	44.184912781742
250	0.249	0.605506489963043	44.8060460334347
251	0.25	0.511745919631423	45.364672238232
252	0.251	0.480492396203171	45.8607913961493
253	0.252	0.371105064265652	46.2865901263837
254	0.253	0.308598017486983	46.62644166726
255	0.254	0.292971255797167	46.9272263039021
256	0.255	0.105450115670333	47.1264369896358
257	0.256	0.0429430690231557	47.2006335819826
258	0.257	-0.06644426253536	47.1888829852265
259	0.258	-0.128951309098014	47.0911851994098
260	0.259	-0.191458355630042	46.9309803670458
261	0.26	-0.300845686987569	46.684828345737
262	0.261	-0.394606256648316	46.337102373919
263	0.262	-0.550873872597758	45.864362309296
264	0.263	-0.660261203649878	45.2587947711722
265	0.264	-0.675887965221211	44.5907201867366
266	0.265	-0.832155580831165	43.8366984137104
267	0.266	-0.941542911646614	42.9498491674715
268	0.267	-1.01967671931591	41.9692393519903
269	0.268	-1.11343728845761	40.9026823481035
270	0.269	-1.16031757300338	39.765804917373
271	0.27	-1.26970490354531	38.5507936790987
272	0.271	-1.36346547250917	37.2342084910714
273	0.272	-1.36346547250917	35.8707430185623
274	0.273	-1.47285280288319	34.4525838808661
275	0.274	-1.45722604140671	32.9875444587211
276	0.275	-1.53535984877079	31.4912515136324
277	0.276	-1.51973308730164	29.9637050455962
278	0.277	-1.61349365608906	28.3970916739008
279	0.278	-1.59786689462907	26.7914113985418
280	0.279	-1.55098661023811	25.2169846461082
281	0.28	-1.59786689462907	23.6425578936746
282	0.281	-1.58224013316724	22.0525043797764
283	0.282	-1.58224013316724	20.4702642466092
284	0.283	-1.61349365608906	18.872397351981
285	0.284	-1.50410632583066	17.3135973610212
286	0.285	-1.51973308730164	15.801677654455
287	0.286	-1.41034575696622	14.3366382323211
288	0.287	-1.3790922339967	12.9419192368396
289	0.288	-1.31658518803555	11.5940805258235
290	0.289	-1.23845138054258	10.3165622415344
291	0.29	-1.19157109602461	9.10155100325084
292	0.291	-1.08218376541781	7.96467357252963
293	0.292	-1.06655700389513	6.89030318787316
294	0.293	-1.00404995778578	5.85499970703271
295	0.294	-0.910289388565834	4.89783003385691
296	0.295	-0.847782342381842	4.01879416838307
297	0.296	-0.816528819278614	3.18663858755284
298	0.297	-0.691514726790663	2.4326168145182
299	0.298	-0.644634442076661	1.76454223008454
300	0.299	-0.550873872597758	1.16678807274733
301	0.3	-0.519620349423016	0.631540961736943
302	0.301	-0.441486541453044	0.150987516298913
303	0.302	-0.347725971826499	-0.243618740340859
304	0.303	-0.300845686987569	-0.567904569747893
305	0.304	-0.160204832367853	-0.798429829425603
306	0.305	-0.128951309098014	-0.943007900158537
307	0.306	-0.00393721594202073	-1.00945216267855
308	0.307	0.0585698306820616	-0.982135855308534
309	0.308	0.152330400675955	-0.876685739629526
310	0.309	0.324224779178739	-0.638408149702179
311	0.31	0.355478302568072	-0.298556608828774
312	0.311	0.480492396203171	0.119428740556848
313	0.312	0.574252966511352	0.646801421914109
314	0.313	0.668013536889913	1.26793467361474
315	0.314	0.793027630837815	1.99845525747861
316	0.315	0.902414963145519	2.84617655447027
317	0.316	0.964922010221901	3.77984504115398
318	0.317	1.04305581911189	4.78383395582088
319	0.318	1.12118962805143	5.86595667940253
320	0.319	1.21495019884445	7.03402659285047
321	0.32	1.27745724607963	8.28023031531251
322	0.321	1.35559105516852	9.59675446593658
323	0.322	1.40247134064585	10.9757856638438
324	0.323	1.43372486430741	12.3938837663204
325	0.324	1.464978387977	13.8432353924626
326	0.325	1.48060514981481	15.3160271613585
327	0.326	1.52748543534026	16.820072453936
328	0.327	1.57436572088382	18.3709980320481
329	0.328	1.55873895903395	19.937550372007
330	0.329	1.60561924458958	21.5197294738187
331	0.33	1.57436572088382	23.1097219565554
332	0.331	1.51185867349644	24.6528341537456
333	0.332	1.52748543534026	26.1725062081639
334	0.333	1.52748543534026	27.6999916435042
335	0.334	1.464978387977	29.1962235551628
336	0.335	1.37121781699229	30.6143216576475
337	0.336	1.40247134064585	32.0011662364665
338	0.337	1.29308400789341	33.3489439107362
339	0.338	1.23057696065025	34.610774395008
340	0.339	1.21495019884445	35.8335379747553
341	0.34	1.12118962805143	37.0016078882033
342	0.341	1.10556286625955	38.1149841353588
343	0.342	1.02742905732993	39.1814800971535
344	0.343	0.949295248449842	40.1698422500434
345	0.344	0.902414963145519	41.0956973558411
346	0.345	0.808654392590148	41.9512320337089
347	0.346	0.730520583848152	42.720819521928
348	0.347	0.652386775155257	43.4122732014297
349	0.348	0.589879728236219	44.0334064531255
350	0.349	0.589879728236219	44.6232861813617
351	0.35	0.496119157916322	45.166285624438
352	0.351	0.433612111075412	45.6311512589338
353	0.352	0.386731825965175	46.0413232274541
354	0.353	0.27734449410929	46.3733613874914
355	0.354	0.230464209057281	46.6272657390747
356	0.355	0.121076877336945	46.8030362822718
357	0.356	0.0741965923428926	46.9006730171117
358	0.357	-0.0351907392425296	46.9201759436619
359	0.358	-0.222711878884589	46.7912246345983
360	0.359	-0.20708511725827	46.5763261365269
361	0.36	-0.285218925370785	46.3301741152123
362	0.361	-0.394606256648316	45.9902615242028
363	0.362	-0.503993587832808	45.5409616019622
364	0.363	-0.644634442076661	44.9666475870075
365	0.364	-0.738395011487731	44.2751328602253
366	0.365	-0.80090205772419	43.5054843256193
367	0.366	-0.910289388565834	42.6498886024743
368	0.367	-1.03530348084417	41.6770921677693
369	0.368	-1.09781052693864	40.6105351638779
370	0.369	-1.14469081148998	39.4892844946636
371	0.37	-1.25407814204487	38.2899000178962
372	0.371	-1.36346547250917	36.9811282106192
373	0.372	-1.3790922339967	35.6098493573662
374	0.373	-1.44159927992838	34.1995036004037
375	0.374	-1.45722604140671	32.7500909397361
376	0.375	-1.58224013316724	31.2303578524492
377	0.376	-1.59786689462907	29.640304338551
378	0.377	-1.58224013316724	28.0502508246529
379	0.378	-1.66037394045808	26.4289437878402
380	0.379	-1.55098661023811	24.8232635124921
381	0.38	-1.58224013316724	23.2566501407894
382	0.381	-1.56661337170359	21.682223388354
383	0.382	-1.58224013316724	20.1077966359186
384	0.383	-1.59786689462907	18.5177431220204
385	0.384	-1.48847956435785	16.974569892527
386	0.385	-1.45722604140671	15.5017170896447
387	0.386	-1.41034575696622	14.0679311904582
388	0.387	-1.36346547250917	12.6810255757205
389	0.388	-1.34783871101981	11.325373483956
390	0.389	-1.20719785753246	10.0478551996799
391	0.39	-1.22282461903844	8.83284396139446
392	0.391	-1.09781052693864	7.67252638840592
393	0.392	-0.972796434719926	6.63722290757664
394	0.393	-1.01967671931591	5.64098633055872
395	0.394	-0.894662627022641	4.68381665738945
396	0.395	-0.816528819278614	3.82822093423882
397	0.396	-0.754021773049662	3.04294563807468
398	0.397	-0.660261203649878	2.33580414972492
399	0.398	-0.629007680501559	1.6911697076492
400	0.399	-0.597754157345701	1.07778878872557
401	0.4	-0.472740064646715	0.542541677729359
402	0.401	-0.441486541453044	0.0854283746794793
403	0.402	-0.332099210215425	-0.301364501154755
404	0.403	-0.2539654021315	-0.594396807328218
405	0.404	-0.20708511725827	-0.824922067023103
406	0.405	-0.0820710241788981	-0.969500137741687
407	0.406	-0.00393721594202073	-1.01250425780215
408	0.407	0.0898233540056496	-0.969561188770332
409	0.408	0.230464209057281	-0.809417407238867
410	0.409	0.292971255797167	-0.547699674811643
411	0.41	0.371105064265652	-0.215661514780234
412	0.411	0.46486563449197	0.202323834598577
413	0.412	0.574252966511352	0.721883135100238
414	0.413	0.652386775155257	1.33520300593354
415	0.414	0.761774107339051	2.0422834471807
416	0.415	0.855534677858962	2.8509378397797
417	0.416	0.933668486679758	3.74553942204906
418	0.417	1.10556286625955	4.76515509851872
419	0.418	1.12118962805143	5.8785313456742
420	0.419	1.24620372245805	7.06222802092894
421	0.42	1.27745724607963	8.32405850519778
422	0.421	1.33996429334674	9.63276927491096
423	0.422	1.37121781699229	10.9883603300805
424	0.423	1.38684457881807	12.3673915279857
425	0.424	1.48060514981481	13.8011163923021
426	0.425	1.51185867349644	15.2973483039577
427	0.426	1.464978387977	16.7857668346944
428	0.427	1.58999248273569	18.3132522700508
429	0.428	1.55873895903395	19.8876179909356
430	0.429	1.5431121971861	21.4385435690456
431	0.43	1.57436572088382	22.9972825280806
432	0.431	1.51185867349644	24.5403947252707
433	0.432	1.57436572088382	26.0835069224608
434	0.433	1.49623191165462	27.6188057387301
435	0.434	1.48060514981481	29.1072242694648
436	0.435	1.41809810247563	30.55657589561
437	0.436	1.32433753152697	31.9277937126113
438	0.437	1.29308400789341	33.2365044823215
439	0.438	1.18369667523881	34.4748948238876
440	0.439	1.16806991343898	35.6507781182265
441	0.44	1.18369667523881	36.8266614125654
442	0.441	1.05868258089583	37.9478510406327
443	0.442	0.980548771995939	38.9674667170786
444	0.443	0.949295248449842	39.9323887273015
445	0.444	0.918041724911651	40.8660572139822
446	0.445	0.88678820138136	41.7684721771287
447	0.446	0.746147345592619	42.5849399506157
448	0.447	0.730520583848152	43.3232739153361
449	0.448	0.589879728236219	43.9834740713783
450	0.449	0.542999443067481	44.5499136570301
451	0.45	0.527372681348476	45.0850997192381
452	0.451	0.417985349370054	45.5577787345974
453	0.452	0.339851540872435	45.9366971797186
454	0.453	0.292971255797167	46.2531085780534
455	0.454	0.214837447377149	46.5070129296406
456	0.455	0.121076877336945	46.6749700919976
457	0.456	0.0273163073661739	46.7491666843492
458	0.457	-0.06644426253536	46.7296027067646
459	0.458	-0.113324547460224	46.6397183017668
460	0.459	-0.2539654021315	46.456073326971
461	0.46	-0.347725971826499	46.155227639992
462	0.461	-0.441486541453044	45.7606213833522
463	0.462	-0.472740064646715	45.3035080803023
464	0.463	-0.629007680501559	44.7526342077282
465	0.464	-0.754021773049662	44.0611194809526
466	0.465	-0.80090205772419	43.2836575655656
467	0.466	-0.925916150107158	42.42024846165
468	0.467	-1.01967671931591	41.4474520269384
469	0.468	-1.08218376541781	40.3965217845716
470	0.469	-1.19157109602461	39.2596443538503
471	0.47	-1.23845138054258	38.0446331155668
472	0.471	-1.2853316650439	36.7827415927735
473	0.472	-1.31658518803555	35.4817831662338
474	0.473	-1.42597251844822	34.1105043129919
475	0.474	-1.47285280288319	32.6610916523262
476	0.475	-1.48847956435785	31.1804254687057
477	0.476	-1.56661337170359	29.652879000675
478	0.477	-1.58224013316724	28.0784522482395
479	0.478	-1.59786689462907	26.4883987343414
480	0.479	-1.66037394045808	24.8592783167978
481	0.48	-1.58224013316724	23.2379712799851
482	0.481	-1.59786689462907	21.647917766087
483	0.482	-1.56661337170359	20.0656776329207
484	0.483	-1.56661337170359	18.4990642612171
485	0.484	-1.55098661023811	16.9402642702462
486	0.485	-1.45722604140671	15.4361579444238
487	0.486	-1.39471899548238	14.0101854259793
488	0.487	-1.3790922339967	12.6232798112397
489	0.488	-1.2853316650439	11.2910678617194
490	0.489	-1.22282461903844	10.0369897196783
491	0.49	-1.11343728845761	8.86885876593023
492	0.491	-1.11343728845761	7.75542147747262
493	0.492	-1.01967671931591	6.68886447358586
494	0.493	-0.957169673184203	5.70044127733581
495	0.494	-0.925916150107158	4.75889836569013
496	0.495	-0.832155580831165	3.87986250022097
497	0.496	-0.754021773049662	3.08677382328055
498	0.497	-0.722768249923921	2.34837881179376
499	0.498	-0.660261203649878	1.65686408500686
500	0.499	-0.597754157345701	1.02785640450907
501	0.5	-0.535247111011332	0.461355770330555
502	0.501	-0.441486541453044	-0.0270110559016331
503	0.502	-0.378979495042944	-0.437244074149627
504	0.503	-0.285218925370785	-0.769343284356491
505	0.504	-0.160204832367853	-0.99205516322581
506	0.505	-0.0820710241788981	-1.11319309149919
507	0.506	-0.0195639775932354	-1.16401059238525
508	0.507	0.105450115670333	-1.1210675233467
509	0.508	0.183583924022688	-0.976550503500193
510	0.509	0.246090970739348	-0.761713056119175
511	0.51	0.402358587666642	-0.437488276916181
512	0.511	0.480492396203171	0.003937215018726
513	0.512	0.57986883398245	0.003937215018726
514	0.513	0.626749119174664	0.607246191597283
515	0.514	0.736136451358459	1.28868897686384
516	0.515	0.861150545400767	2.08733247524346
517	0.516	0.908030830699166	2.97192316329342
518	0.517	1.03304492491523	3.94246104110062
519	0.518	1.1111787338647	5.01457287049059
520	0.519	1.17368578106004	6.15700512795296
521	0.52	1.2830731137286	7.38538457534728
522	0.521	1.31432663736615	8.68408445089465
523	0.522	1.36120692283747	10.0218512309965
524	0.523	1.43934073199641	11.4221250584134
525	0.524	1.43934073199641	12.8614657904098
526	0.525	1.51747454120551	14.3398734270108
527	0.526	1.50184777935967	15.8495345872934
528	0.527	1.5643548267551	17.3826358903507
529	0.528	1.5956083504649	18.9626174789607
530	0.529	1.54872806490323	20.5347856866448
531	0.53	1.5643548267551	22.091327132474
532	0.531	1.54872806490323	23.6478685783031
533	0.532	1.50184777935967	25.1731565004346
534	0.533	1.47059425567402	26.6593775179514
535	0.534	1.43934073199641	28.1143450117866
536	0.535	1.40808720832682	29.5380589819483
537	0.536	1.31432663736615	30.8992659047947
538	0.537	1.2830731137286	32.1979657803421
539	0.538	1.22056606647746	33.4497853704451
540	0.539	1.17368578106004	34.6469112942139
541	0.54	1.17368578106004	35.8205970752739
542	0.541	1.01741816313129	36.9161490473696
543	0.542	0.954911116015347	37.9023136869429
544	0.543	0.908030830699166	38.8337846603002
545	0.544	0.845523783638582	39.7105619674691
546	0.545	0.82989702187837	40.5482723702275
547	0.546	0.751763213106857	41.3391024877201
548	0.547	0.673629404384515	42.0517987964658
549	0.548	0.611122357441968	42.6941746773791
550	0.549	0.532988548807847	43.266230130504
551	0.55	0.501735025367883	43.7835919175918
552	0.551	0.439227978511377	44.2540734195315
553	0.552	0.345467408285059	44.6464211129297
554	0.553	0.314213884891842	44.9762617595181
555	0.554	0.251706838128697	45.2592221210284
556	0.555	0.0954392213563523	45.4327951507709
557	0.556	-0.0295748719226135	45.4657273254878
558	0.557	-0.0295748719226135	45.4361524535652
559	0.558	-0.123335441801112	45.3596972967033
560	0.559	-0.232722773238863	45.1816681891833
561	0.56	-0.342110104583041	44.8942517502724
562	0.561	-0.451497435833958	44.4974479800639
563	0.562	-0.576511528578351	43.9834434978577
564	0.563	-0.670272098057253	43.3600516845399
565	0.564	-0.748405905904514	42.650712682559
566	0.565	-0.873419998362434	41.8397997304256
567	0.566	-0.951553806087751	40.9273128282005
568	0.567	-1.06094113682477	39.9210653567442
569	0.568	-1.1390749444382	38.8210573161127
570	0.569	-1.20158199049551	37.6507288486459
571	0.57	-1.26408903652318	36.4178933351365
572	0.571	-1.38910312848977	35.0912972526301
573	0.572	-1.45161017442881	33.6709406011708
574	0.573	-1.4828636973873	32.2037036652627
575	0.574	-1.5766242662187	30.6739596834597
576	0.575	-1.52974398181125	29.1207755594447
577	0.576	-1.60787778914784	27.5519646739652
578	0.577	-1.60787778914784	25.9440868848174
579	0.578	-1.63913131206966	24.3205823342086
580	0.579	-1.62350455060966	22.689264402869
581	0.58	-1.62350455060966	21.0657598522593
582	0.581	-1.63913131206966	19.4344419209196
583	0.582	-1.59225102768418	17.8187507510427
584	0.583	-1.60787778914784	16.2186863426267
585	0.584	-1.5766242662187	14.6264353149434
586	0.585	-1.4828636973873	13.0966913331404
587	0.586	-1.43598341294681	11.6372677779734
588	0.587	-1.40472988997729	10.2169111265113
589	0.588	-1.32659608252124	8.85124814026206
590	0.589	-1.26408903652318	7.55590558073985
591	0.59	-1.20158199049551	6.32307006723051
592	0.591	-1.17032846747057	5.13711483824747
593	0.592	-1.06094113682477	4.0214800360998
594	0.593	-0.982807329164796	2.99960580310502
595	0.594	-0.935927044546427	2.04023861624941
596	0.595	-0.889046759911239	1.12775171402057
597	0.596	-0.795286190590307	0.2855852387698
598	0.597	-0.748405905904514	-0.486260809477611
599	0.598	-0.654645336482152	-1.18778643067094
600	0.599	-0.639018574905166	-1.8346183863646
601	0.6	-0.529631243813401	-2.41894329572389
602	0.601	-0.48275095903142	-2.9251343971463
603	0.602	-0.404617151023536	-3.36881845217378
604	0.603	-0.295229819732688	-3.71874193755189
605	0.604	-0.217096011610635	-3.97490485322355
606	0.605	-0.138962203440817	-4.15293396074928
607	0.606	-0.0920819185159528	-4.26845602172766
608	0.607	0.0485589363622998	-4.29021751280449
609	0.608	0.157946268042095	-4.18696491060229
610	0.609	0.220453314758755	-3.99776511920187
611	0.61	0.376720931686049	-3.69917799597946
612	0.611	0.439227978511377	-3.29120354088075
613	0.612	0.611122357441968	-2.76602837290408
614	0.613	0.689256166125055	-2.11583911112057
615	0.614	0.751763213106857	-1.39532942150461
616	0.615	0.892404068931058	-0.573245780485653
617	0.616	0.939284354241309	0.34259843110053
618	0.617	1.01741816313129	1.32094968978683
619	0.618	1.12680549566055	2.39306151918275
620	0.619	1.18931254286385	3.55112053844495
621	0.62	1.2830731137286	4.78731336674118
622	0.621	1.2830731137286	6.07038648046978
623	0.622	1.37683368466525	7.4003398796667
624	0.623	1.45496749383421	8.81624046891643
625	0.624	1.45496749383421	10.2712079627506
626	0.625	1.53310130305336	11.7652423611944
627	0.626	1.53310130305336	13.2983436642478
628	0.627	1.51747454120551	14.8236315863772
629	0.628	1.61123511232282	16.3879864131414
630	0.629	1.57998158860899	17.9835947636073
631	0.63	1.57998158860899	19.5635763522163
632	0.631	1.54872806490323	21.1279311789724
633	0.632	1.48622101751584	22.6454057201819
634	0.633	1.50184777935967	24.1394401186197
635	0.634	1.48622101751584	25.6334745170574
636	0.635	1.40808720832682	27.0806286299788
637	0.636	1.36120692283747	28.4652756955609
638	0.637	1.2830731137286	29.787415713844
639	0.638	1.23619282828725	31.0470486848519
640	0.639	1.18931254286385	32.2598013704274
641	0.64	1.09555197207083	33.4022336278948
642	0.641	1.04867168670116	34.4743454572808
643	0.642	0.954911116015347	35.476136858639
644	0.643	0.892404068931058	36.3997944511122
645	0.644	0.814270260120128	37.2531316156378
646	0.645	0.845523783638582	38.0830286375172
647	0.646	0.783016736609555	38.8972988976412
648	0.647	0.658002642645937	39.617808587269
649	0.648	0.658002642645937	40.2758112299149
650	0.649	0.57986883398245	40.8947469682291
651	0.65	0.486108263650831	41.4277355170458
652	0.651	0.423601216802124	41.8825902572722
653	0.652	0.361094169984582	42.2749379506656
654	0.653	0.298587123198146	42.6047785972569
655	0.654	0.204826553076688	42.8564854353944
656	0.655	0.142319506367763	43.0300584651166
657	0.656	0.0641856980250568	43.133311067313
658	0.657	-0.0608283952231224	43.134989718714
659	0.658	-0.154588965078607	43.0272810385631
660	0.659	-0.232722773238863	42.8336251694044
661	0.66	-0.357736866196018	42.5383953496869
662	0.661	-0.388990389416264	42.1650317218808
663	0.662	-0.545258005403609	41.6979075244709
664	0.663	-0.654645336482152	41.097955853528
665	0.664	-0.764032667468324	40.3886168515527
666	0.665	-0.873419998362434	39.5698905186374
667	0.666	-0.920300283003234	38.6730303779545
668	0.667	-1.02968761376637	37.6980364295697
669	0.668	-1.09219465987572	36.6370952927487
670	0.669	-1.21720875200521	35.4823935868082
671	0.67	-1.27971579802546	34.2339313117929
672	0.671	-1.34222284401614	32.9229619907721
673	0.672	-1.42035665146297	31.5416722430325
674	0.673	-1.40472988997729	30.1291289723124
675	0.674	-1.54537074328224	28.6540786556826
676	0.675	-1.56099750475138	27.1008945316658
677	0.676	-1.59225102768418	25.524270265448
678	0.677	-1.63913131206966	23.9085790955711
679	0.678	-1.63913131206966	22.2694477835015
680	0.679	-1.67038483498416	20.6146897099746
681	0.68	-1.65475807352782	18.9521182557186
682	0.681	-1.63913131206966	17.3051735629198
683	0.682	-1.67038483498416	15.6504154893929
684	0.683	-1.56099750475138	14.0347243195251
685	0.684	-1.54537074328224	12.4815401955083
686	0.685	-1.46723693590898	10.9752363559127
687	0.686	-1.45161017442881	9.51581280074384
688	0.687	-1.40472988997729	8.08764276854078
689	0.688	-1.34222284401614	6.71416640154407
690	0.689	-1.2953425595259	5.39538369977305
691	0.69	-1.21720875200521	4.13910804400749
692	0.691	-1.12344818291923	2.96877957654527
693	0.692	-1.0453143752965	1.88439829743741
694	0.693	-0.982807329164796	0.87033744520676
695	0.694	-0.967180567627206	-0.104656503189241
696	0.695	-0.857793236811757	-1.01714340540872
697	0.696	-0.795286190590307	-1.84368311910976
698	0.697	-0.810912952148483	-2.64678269047915
699	0.698	-0.623391813326294	-3.36393507321654
700	0.699	-0.576511528578351	-3.96388674416886
701	0.7	-0.545258005403609	-4.52477151115984
702	0.701	-0.451497435833958	-5.02314923177862
703	0.702	-0.388990389416264	-5.44339314440374
704	0.703	-0.373363627807092	-5.82457015301541
705	0.704	-0.217096011610635	-6.11979997272428
706	0.705	-0.170215726714483	-6.31345584188684
707	0.706	0.00167865138558116	-6.39772437955129
708	0.707	0.0329321747014688	-6.38041896650776
709	0.708	0.157946268042095	-6.28497974513598
710	0.709	0.267333599816574	-6.07233981120665
711	0.71	0.345467408285059	-5.76593930715583
712	0.711	0.439227978511377	-5.37359161375761
713	0.712	0.548615310530759	-4.87966996923654
714	0.713	0.673629404384515	-4.26854761177891
715	0.714	0.736136451358459	-3.56366468390742
716	0.715	0.798643498363857	-2.79627470904626
717	0.716	0.923657592469249	-1.93512416362971
718	0.717	1.03304492491523	-0.956772904937469
719	0.718	1.14243225745839	0.130965686249343
720	0.719	1.18931254286385	1.29683808641047
721	0.72	1.22056606647746	2.50177739108112
722	0.721	1.36120692283747	3.79266388573859
723	0.722	1.3455801610117	5.14605742766317
724	0.723	1.45496749383421	6.54633125508613
725	0.724	1.51747454120551	8.03255227260599
726	0.725	1.48622101751584	9.53440005196667
727	0.726	1.53310130305336	11.0440612122513
728	0.727	1.53310130305336	12.5771625153046
729	0.728	1.5643548267551	14.1258905802089
730	0.729	1.5956083504649	15.7058721688189
731	0.73	1.5643548267551	17.2858537574289
732	0.731	1.5956083504649	18.8658353460389
733	0.732	1.51747454120551	20.4223767918741
734	0.733	1.48622101751584	21.9242245712347
735	0.734	1.45496749383421	23.3948188269098
736	0.735	1.39246044649504	24.8185327970744
737	0.736	1.37683368466525	26.2031798626545
738	0.737	1.29869987554637	27.5409466427603
739	0.738	1.22056606647746	28.8005796137723
740	0.739	1.17368578106004	29.997705537541
741	0.74	1.15805901925822	31.1635779377001
742	0.741	1.03304492491523	32.2591299097869
743	0.742	0.954911116015347	33.2531079302522
744	0.743	0.876777307164926	34.1689521418423
745	0.744	0.82989702187837	35.0222893063639
746	0.745	0.798643498363857	35.8365595664851
747	0.746	0.783016736609555	36.6273896839718
748	0.747	0.704882927867559	37.3713395162103
749	0.748	0.626749119174664	38.0371555397314
750	0.749	0.59549559571123	38.6482778971744
751	0.75	0.532988548807847	39.2125199694339
752	0.751	0.407974455094819	39.6830014713852
753	0.752	0.376720931686049	40.0753491647757
754	0.753	0.314213884891842	40.4208165730646
755	0.754	0.220453314758755	40.6881501728899
756	0.755	0.0954392213563523	40.8460964409475
757	0.756	0.0485589363622998	40.9180955198068
758	0.757	-0.0608283952231224	40.9119607903764
759	0.758	-0.123335441801112	40.8198788718643
760	0.759	-0.232722773238863	40.6418497643443
761	0.76	-0.326483342968161	40.3622467062408
762	0.761	-0.388990389416264	40.0045098400486
763	0.762	-0.560884766991925	39.5295722618445
764	0.763	-0.670272098057253	38.9139938293199
765	0.764	-0.732779144338825	38.2124682081218
766	0.765	-0.842166475259207	37.4249953983228
767	0.766	-0.935927044546427	36.53594863842
768	0.767	-1.0453143752965	35.5453279284985
769	0.768	-1.1078214213984	34.4687600301511
770	0.769	-1.23283551351305	33.2984315626953
771	0.77	-1.26408903652318	32.0499692876772
772	0.771	-1.34222284401614	30.7468133474076
773	0.772	-1.40472988997729	29.3733369804109
774	0.773	-1.4828636973873	27.9295401867286
775	0.774	-1.52974398181125	26.4232363471293
776	0.775	-1.59225102768418	24.8622388423816
777	0.776	-1.54537074328224	23.2934279568984
778	0.777	-1.67038483498416	21.6855501677652
779	0.778	-1.56099750475138	20.0698589978974
780	0.779	-1.63913131206966	18.4697945894869
781	0.78	-1.62350455060966	16.8384766581472
782	0.781	-1.62350455060966	15.2149721075376
783	0.782	-1.60787778914784	13.5992809376588
784	0.783	-1.60787778914784	11.991403148511
785	0.784	-1.51411722033844	10.4304056437678
786	0.785	-1.52974398181125	8.90847504269299
787	0.786	-1.38910312848977	7.44905148754248
788	0.787	-1.42035665146297	6.04432159756611
789	0.788	-1.3109693210245	4.67865861132238
790	0.789	-1.21720875200521	3.41456957480753
791	0.79	-1.23283551351305	2.1895474420484
792	0.791	-1.17032846747057	0.98796545155659
793	0.792	-1.07656789835117	-0.135482731354281
794	0.793	-0.998434090700518	-1.17298372588013
795	0.794	-0.904673521458172	-2.12453753195947
796	0.795	-0.904673521458172	-3.02921105341764
797	0.796	-0.779659429030254	-3.87137752866186
798	0.797	-0.717152382771255	-4.61978343456261
799	0.798	-0.68589885963047	-5.32130905576348
800	0.799	-0.592138290162887	-5.96032763066015
801	0.8	-0.560884766991925	-6.53683915923756
802	0.801	-0.451497435833958	-7.0430302606505
803	0.802	-0.388990389416264	-7.46327417327561
804	0.803	-0.310856581351377	-7.81319765865943
805	0.804	-0.201469249980496	-8.06936057432537
806	0.805	-0.138962203440817	-8.23957630103603
807	0.806	-0.0920819185159528	-8.35509836201441
808	0.807	-0.0139481102694773	-8.40811337640713
809	0.808	0.0798124596897407	-8.37518120169699
810	0.809	0.251706838128697	-8.20942155278778
811	0.81	0.298587123198146	-7.93427457212435
812	0.811	0.439227978511377	-7.56536702126959
813	0.812	0.548615310530759	-7.07144537674853
814	0.813	0.59549559571123	-6.49938992362753
815	0.814	0.736136451358459	-5.83357390009269
816	0.815	0.798643498363857	-5.06618392523153
817	0.816	0.939284354241309	-4.19721999892895
818	0.817	1.04867168670116	-3.20324197845771
819	0.818	1.07992521027895	-2.13894352996766
820	0.819	1.23619282828725	-0.980884510684558
821	0.82	1.23619282828725	0.25530831760269
822	0.821	1.32995339918792	1.53838143134028
823	0.822	1.36120692283747	2.88396159235297
824	0.823	1.40808720832682	4.26860865793512
825	0.824	1.50184777935967	5.72357615177837
826	0.825	1.51747454120551	7.23323731206096
827	0.826	1.53310130305336	8.7585252341904
828	0.827	1.57998158860899	10.3150666800216
829	0.828	1.5956083504649	11.9028616495585
830	0.829	1.57998158860899	13.4906566190955
831	0.83	1.51747454120551	15.0393846840027
832	0.831	1.57998158860899	16.58811274891
833	0.832	1.53310130305336	18.1446541947411
834	0.833	1.50184777935967	19.6621287359477
835	0.834	1.50184777935967	21.1639765153073
836	0.835	1.43934073199641	22.6345707709854
837	0.836	1.37683368466525	24.0426579793162
838	0.837	1.26744635191282	25.3647979976052
839	0.838	1.22056606647746	26.6088042068004
840	0.839	1.15805901925822	27.7981167496682
841	0.84	1.1111787338647	28.9327356262297
842	0.841	1.03304492491523	30.0048474556196
843	0.842	0.970537877791363	31.0066388569729
844	0.843	0.892404068931058	31.9381098303341
845	0.844	0.876777307164926	32.8227005183821
846	0.845	0.751763213106857	33.636970778518
847	0.846	0.736136451358459	34.3809206107507
848	0.847	0.673629404384515	35.0858035386222
849	0.848	0.57986883398245	35.7125526578057
850	0.849	0.57986883398245	36.2924214917881
851	0.85	0.470481501935729	36.8175966597472
852	0.851	0.423601216802124	37.2646380191161
853	0.852	0.376720931686049	37.6647990933602
854	0.853	0.28296036150639	37.9946397399564
855	0.854	0.220453314758755	38.246346578089
856	0.855	0.0954392213563523	38.4042928461465
857	0.856	0.0329321747014688	38.4684785441755
858	0.857	0.00167865138558116	38.485783957219
859	0.858	-0.185842488348446	38.3937020387376
860	0.859	-0.232722773238863	38.1844194079439
861	0.86	-0.373363627807092	37.8813762074209
862	0.861	-0.451497435833958	37.4689456756004
863	0.862	-0.560884766991925	36.9627545741875
864	0.863	-0.670272098057253	36.3471761416629
865	0.864	-0.748405905904514	35.637837139682
866	0.865	-0.873419998362434	34.8269241875485
867	0.866	-0.998434090700518	33.890997143017
868	0.867	-1.02968761376637	32.8769362907836
869	0.868	-1.15470170595531	31.7847416309227
870	0.869	-1.23283551351305	30.5909730211886
871	0.87	-1.3109693210245	29.3190706039198
872	0.871	-1.35784960550919	27.984661140653
873	0.872	-1.46723693590898	26.5721178699439
874	0.873	-1.4828636973873	25.0970675532957
875	0.874	-1.52974398181125	23.5907637136965
876	0.875	-1.54537074328224	22.0532063511497
877	0.876	-1.60787778914784	20.4765820849347
878	0.877	-1.62350455060966	18.8608909150559
879	0.878	-1.59225102768418	17.253013125909
880	0.879	-1.65475807352782	15.629508575303
881	0.88	-1.65475807352782	13.9747505017752
882	0.881	-1.65475807352782	12.3199924282474
883	0.882	-1.62350455060966	10.6808611161786
884	0.883	-1.59225102768418	9.07298332703169
885	0.884	-1.54537074328224	7.50417244154848
886	0.885	-1.4828636973873	5.99005522121371
887	0.886	-1.43598341294681	4.53063166604666
888	0.887	-1.3734763670004	3.12590177607305
889	0.888	-1.35784960550919	1.76023878981825
890	0.889	-1.2953425595259	0.433642707300704
891	0.89	-1.21720875200521	-0.822632948464852
892	0.891	-1.12344818291923	-1.99296141592707
893	0.892	-1.0453143752965	-3.07734269503494
894	0.893	-0.998434090700518	-4.09921692803345
895	0.894	-0.904673521458172	-5.05077073411279
896	0.895	-0.920300283003234	-5.96325763634349
897	0.896	-0.779659429030254	-6.81323749236024
898	0.897	-0.701525621201804	-7.55383001747627
899	0.898	-0.701525621201804	-8.25535563867807
900	0.899	-0.576511528578351	-8.89437421356815
901	0.9	-0.592138290162887	-9.47869912293877
902	0.901	-0.451497435833958	-10.0005169859372
903	0.902	-0.420243912628909	-10.4363876601686
904	0.903	-0.357736866196018	-10.8253780495811
905	0.904	-0.232722773238863	-11.1206078692985
906	0.905	-0.154588965078607	-11.3142637384573
907	0.906	-0.0608283952231224	-11.4219724186081
908	0.907	0.0329321747014688	-11.435920528869
909	0.908	0.111065983024893	-11.3639214500058
910	0.909	0.28296036150639	-11.1669082777401
911	0.91	0.345467408285059	-10.8526943928444
912	0.911	0.423601216802124	-10.4681600803008
913	0.912	0.532988548807847	-9.98986519749583
914	0.913	0.626749119174664	-9.40999636350457
915	0.914	0.767389974857222	-8.71292681648863
916	0.915	0.861150545400767	-7.89865655635963
917	0.916	0.908030830699166	-7.01406586830967
918	0.917	1.04867168670116	-6.03571460960951
919	0.918	1.09555197207083	-4.96360278022351
920	0.919	1.20493930466966	-3.81335714185327
921	0.92	1.25181959009903	-2.58497769446892
922	0.921	1.31432663736615	-1.30190458073633
923	0.922	1.37683368466525	0.0436755802793699
924	0.923	1.37683368466525	1.42050926494462
925	0.924	1.48622101751584	2.85203661603517
926	0.925	1.48622101751584	4.33825763355101
927	0.926	1.5643548267551	5.86354555568649
928	0.927	1.61123511232282	7.45134052522545
929	0.928	1.53310130305336	9.02350873291354
930	0.929	1.5956083504649	10.5878635596727
931	0.93	1.54872806490323	12.1600317673567
932	0.931	1.54872806490323	13.7087598322599
933	0.932	1.5956083504649	15.280928039944
934	0.933	1.50184777935967	16.8296561048563
935	0.934	1.45496749383421	18.3080637414532
936	0.935	1.42371397016061	19.7474044734506
937	0.936	1.3455801610117	21.1320515390368
938	0.937	1.3455801610117	22.4776317000485
939	0.938	1.26744635191282	23.7841449565108
940	0.939	1.20493930466966	25.020337784802
941	0.94	1.12680549566055	26.1862101849671
942	0.941	1.04867168670116	27.273948776148
943	0.942	0.970537877791363	28.2835535583942
944	0.943	0.876777307164926	29.2072111508724
945	0.944	0.861150545400767	30.0761750771552
946	0.945	0.814270260120128	30.9138854799156
947	0.946	0.720509689612026	31.6812754547817
948	0.947	0.673629404384515	32.37834500178
949	0.948	0.59549559571123	33.0129075018279
950	0.949	0.532988548807847	33.5771495740874
951	0.95	0.470481501935729	34.0788845994592
952	0.951	0.407974455094819	34.5181125779745
953	0.952	0.361094169984582	34.9026468905142
954	0.953	0.267333599816574	35.2168607754147
955	0.954	0.204826553076688	35.4529408518614
956	0.955	0.0954392213563523	35.6030737390779
957	0.956	0.0173054130425629	35.6594460562774
958	0.957	-0.076455156870497	35.6298711843634
959	0.958	-0.170215726714483	35.5065357425709
960	0.959	-0.248349534865181	35.2972531117811
961	0.96	-0.373363627807092	34.9863965304449
962	0.961	-0.451497435833958	34.5739659986244
963	0.962	-0.529631243813401	34.0834016588007
964	0.963	-0.654645336482152	33.4912633686529
965	0.964	-0.717152382771255	32.8053645090262
966	0.965	-0.857793236811757	32.0178916992347
967	0.966	-0.920300283003234	31.1288449393272
968	0.967	-0.998434090700518	30.1694777524754
969	0.968	-1.1390749444382	29.100723234906
970	0.969	-1.18595522898397	27.9382081481949
971	0.97	-1.27971579802546	26.7053726346902
972	0.971	-1.3734763670004	25.3787765521773
973	0.972	-1.3734763670004	24.0053001851769
974	0.973	-1.49849045886379	22.5693167722448
975	0.974	-1.51411722033844	21.0630129326437
976	0.975	-1.5766242662187	19.5176421893651
977	0.976	-1.63913131206966	17.9097644002209
978	0.977	-1.60787778914784	16.2862598496122
979	0.978	-1.63913131206966	14.6627552990034
980	0.979	-1.63913131206966	13.0236239869338
981	0.98	-1.60787778914784	11.400119436325
982	0.981	-1.62350455060966	9.78442826644626
983	0.982	-1.59225102768418	8.17655047729934
984	0.983	-1.5766242662187	6.5921128303479
985	0.984	-1.54537074328224	5.03111532559743
986	0.985	-1.45161017442881	3.53262486674191
987	0.986	-1.43598341294681	2.08882807305409
988	0.987	-1.32659608252124	0.707538325320067
989	0.988	-1.3734763670004	-0.642497899440754
990	0.989	-1.2953425595259	-1.97690736270391
991	0.99	-1.21720875200521	-3.23318301846946
992	0.991	-1.20158199049551	-4.44257838971982
993	0.992	-0.998434090700518	-5.54258643031784
994	0.993	-0.982807329164796	-6.5332071402505
995	0.994	-0.904673521458172	-7.47694756556198
996	0.995	-0.873419998362434	-8.36599432547228
997	0.996	-0.826539713704783	-9.21597418150589
998	0.997	-0.68589885963047	-9.97219346817352
999	0.998	-0.701525621201804	-10.6659057085897
1000	0.999	-0.592138290162887	-11.312737664272
