No.	时间（s）	Dev1/ai0-1-测振（mm/s）	VH01-V1-Dev1/ai0一次积分（μm）
1	0	1.46381858939068	0
2	0.001	1.4794453512325	1.47163197031159
3	0.002	1.41693830387727	2.91982379786648
4	0.003	1.37005801838191	4.31332195899608
5	0.004	1.2450439238157	5.62087293009488
6	0.005	1.22941716200391	6.85810347300468
7	0.006	1.1669101147767	8.05626711139499
8	0.007	1.07314954399562	9.17629694078115
9	0.008	1.05752278220572	10.2416331038818
10	0.009	0.995015735065996	11.2679023625177
11	0.01	0.93250868795797	12.2316645740297
12	0.011	0.885628402647719	13.1407331193325
13	0.012	0.854374879117428	14.0107347602151
14	0.013	0.791867832080518	14.8338561158141
15	0.014	0.682480499841716	15.5710302817752
16	0.015	0.713734023328687	16.2691375433604
17	0.016	0.588719929427891	16.9203645197387
18	0.017	0.510586120803549	17.4700175448544
19	0.018	0.448079073939239	17.9493501422258
20	0.019	0.354318503701243	18.350548931046
21	0.02	0.33869174200172	18.6970540538975
22	0.021	0.151170601758756	18.9419852257777
23	0.022	0.151170601758756	19.0931558275365
24	0.023	0.0417832700789608	19.1896327634554
25	0.024	-0.083230823153836	19.1689089869179
26	0.025	-0.0988575847992918	19.0778647829414
27	0.026	-0.27075196277293	18.8930600091552
28	0.027	-0.317632247634716	18.5988679039514
29	0.028	-0.442646340515721	18.2187286098762
30	0.029	-0.52078014850464	17.737015365366
31	0.03	-0.567660433275264	17.1927950744761
32	0.031	-0.739554810622164	16.5391874525273
33	0.032	-0.786435095313593	15.7761924995595
34	0.033	-0.880195664645773	14.9428771195798
35	0.034	-0.973956233910546	14.0158011703016
36	0.035	-1.05209004157984	13.0027780325564
37	0.036	-1.16147737223865	11.8959943256472
38	0.037	-1.22398441828855	10.7032634303836
39	0.038	-1.33337174880458	9.42458534683703
40	0.039	-1.39587879477311	8.05996007504819
41	0.04	-1.47401260219232	6.62501437656548
42	0.041	-1.53651964809459	5.11974825142202
43	0.042	-1.56777317103472	3.56760184185736
44	0.043	-1.58339993250204	1.99201529008898
45	0.044	-1.66153373981116	0.369548453932383
46	0.045	-1.69278726272201	-1.3076120473342
47	0.046	-1.7084140241747	-3.00821269078256
48	0.047	-1.69278726272201	-4.70881333423092
49	0.048	-1.64590697835299	-6.37816045476843
50	0.049	-1.630280216893	-8.01625405239142
51	0.05	-1.56777317103472	-9.61528074635529
52	0.051	-1.53651964809459	-11.1674271559199
53	0.052	-1.52089288662178	-12.6961334232781
54	0.053	-1.44275907923015	-14.1779594062041
55	0.054	-1.38025203328374	-15.589464962461
56	0.055	-1.34899851029948	-16.9540902342526
57	0.056	-1.2864914643088	-18.2718352215568
58	0.057	-1.22398441828855	-19.5270731628555
59	0.058	-1.14585061072154	-20.7119906773605
60	0.059	-1.13022384920257	-21.8500279073226
61	0.06	-1.08334356463451	-22.9568116142411
62	0.061	-1.03646328004971	-24.0167150365832
63	0.062	-0.973956233910546	-25.0219247935633
64	0.063	-0.880195664645773	-25.9490007428415
65	0.064	-0.833315379988121	-26.8057562651584
66	0.065	-0.755181572187853	-27.6000047412464
67	0.066	-0.708301287485143	-28.3317461710829
68	0.067	-0.630167479609632	-29.0009805546303
69	0.068	-0.505153386910646	-29.5686409878905
70	0.069	-0.442646340515721	-30.0425408516036
71	0.07	-0.34888577086638	-30.4383069072947
72	0.071	-0.286378724395432	-30.7559391549256
73	0.072	-0.161364631361946	-30.9798108328043
74	0.073	-0.11448434644283	-31.1177353217067
75	0.074	-0.00509701489775783	-31.177526002377
76	0.075	0.135543840084424	-31.1123025897836
77	0.076	0.229304410159419	-30.9298784646617
78	0.077	0.291811456914807	-30.6693205311246
79	0.078	0.416825550518785	-30.3150020274078
80	0.079	0.46370583565239	-29.8747363343222
81	0.08	0.604346691158629	-29.3407100709167
82	0.081	0.682480499841716	-28.6972964754165
83	0.082	0.776241070326216	-27.9679356903326
84	0.083	0.870001640881587	-27.1448143347287
85	0.084	0.963762211508024	-26.2279324085339
86	0.085	1.05752278220572	-25.217289911677
87	0.086	1.13565659117505	-24.1207002249866
88	0.087	1.22941716200391	-22.9381633483971
89	0.088	1.32317773290458	-21.6618659009429
90	0.089	1.32317773290458	-20.3386881680383
91	0.09	1.46381858939068	-18.9451900068907
92	0.091	1.46381858939068	-17.4813714175
93	0.092	1.54195239861989	-15.9784859234947
94	0.093	1.55757916047176	-14.4287201439489
95	0.094	1.58883268418156	-12.8555142216222
96	0.095	1.58883268418156	-11.2666815374407
97	0.096	1.54195239861989	-9.70128899603993
98	0.097	1.58883268418156	-8.13589645463921
99	0.098	1.55757916047176	-6.56269053231255
100	0.099	1.54195239861989	-5.01292475276673
101	0.1	1.4794453512325	-3.50222587784053
102	0.101	1.46381858939068	-2.03059390752894
103	0.102	1.41693830387727	-0.590215460894959
104	0.103	1.3856847802117	0.811096081149525
105	0.104	1.2450439238157	2.12646043316322
106	0.105	1.26067068562948	3.37931773788581
107	0.106	1.18253687658052	4.6009215189908
108	0.107	1.13565659117505	5.76001825286859
109	0.108	1.05752278220572	6.85660793955898
110	0.109	1.01064249684795	7.89069057908581
111	0.11	0.97938897328602	8.8857063141528
112	0.111	0.91688192618591	9.83384176388877
113	0.112	0.791867832080518	10.688216643022
114	0.113	0.776241070326216	11.4722710942253
115	0.114	0.713734023328687	12.2172586410528
116	0.115	0.651226976362598	12.8997391408984
117	0.116	0.635600214625982	13.5431527363927
118	0.117	0.54183964424742	14.1318726658294
119	0.118	0.479332597367492	14.6424587866369
120	0.119	0.32306498030414	15.0436575754727
121	0.12	0.307438218608503	15.358909174929
122	0.121	0.213677648475416	15.619467108471
123	0.122	0.104290316741554	15.7784510910795
124	0.123	0.0730367934064017	15.8671146461535
125	0.124	-0.083230823153836	15.8620176312797
126	0.125	-0.130111108084451	15.7553466656606
127	0.126	-0.27075196277293	15.5549151302319
128	0.127	-0.34888577086638	15.2450962634122
129	0.128	-0.411392817306875	14.8649569693256
130	0.129	-0.505153386910646	14.4066838672169
131	0.13	-0.630167479609632	13.8390234339567
132	0.131	-0.723928049054594	13.1619756696246
133	0.132	-0.833315379988121	12.3833539551032
134	0.133	-0.864568903095096	11.5344118135616
135	0.134	-0.989582995448135	10.60733586429
136	0.135	-1.05209004157984	9.58649934577604
137	0.136	-1.16147737223865	8.47971563886679
138	0.137	-1.25523794130238	7.27135798209628
139	0.138	-1.2864914643088	6.00049327929069
140	0.139	-1.38025203328374	4.66712153049442
141	0.14	-1.45838584071215	3.24780259349647
142	0.141	-1.55214640956558	1.74253646835761
143	0.142	-1.56777317103472	0.182576678057459
144	0.143	-1.59902669396752	-1.40082325444366
145	0.144	-1.6771605012675	-3.03891685206118
146	0.145	-1.7084140241747	-4.73170411478228
147	0.146	-1.69278726272201	-6.43230475823064
148	0.147	-1.6771605012675	-8.11727864022539
149	0.148	-1.61465345543118	-9.76318561857473
150	0.149	-1.64590697835299	-11.3934658354668
151	0.15	-1.58339993250204	-13.0081192908943
152	0.151	-1.53651964809459	-14.5680790811927
153	0.152	-1.50526612514713	-16.0889719678135
154	0.153	-1.47401260219232	-17.5786113314832
155	0.154	-1.36462527179253	-18.9979302684757
156	0.155	-1.30211822580924	-20.3313020172765
157	0.156	-1.30211822580924	-21.6334202430858
158	0.157	-1.19273089526731	-22.8808448036241
159	0.158	-1.13022384920257	-24.042322175859
160	0.159	-1.13022384920257	-25.1725460250616
161	0.16	-1.02083651851772	-26.2480762089217
162	0.161	-1.03646328004971	-27.2767261082054
163	0.162	-0.927075949286573	-28.2584957228736
164	0.163	-0.833315379988121	-29.1386913875109
165	0.164	-0.880195664645773	-29.9954469098279
166	0.165	-0.755181572187853	-30.8131355282447
167	0.166	-0.677047764340592	-31.5292501965089
168	0.167	-0.614540718028873	-32.1750444376936
169	0.168	-0.53640691009674	-32.7505182517564
170	0.169	-0.473899863716976	-33.2556716386633
171	0.17	-0.317632247634716	-33.6514376943391
172	0.171	-0.223871677893974	-33.9221896571035
173	0.172	-0.192618154631785	-34.1304345733664
174	0.173	-0.0207237765528163	-34.2371055389587
175	0.174	-0.00509701489775783	-34.2500159346839
176	0.175	0.135543840084424	-34.1847925220906
177	0.176	0.213677648475416	-34.0101817778107
178	0.177	0.354318503701243	-33.7261837017224
179	0.178	0.448079073939239	-33.3249849129021
180	0.179	0.54183964424742	-32.8300255538088
181	0.18	0.604346691158629	-32.2569323861058
182	0.181	0.72936078507512	-31.5900786479889
183	0.182	0.791867832080518	-30.8294643394111
184	0.183	0.901255164415827	-29.9829028411629
185	0.184	0.91688192618591	-29.073834295862
186	0.185	1.01064249684795	-28.1100720843451
187	0.186	1.10440306758136	-27.0525493021304
188	0.187	1.22941716200391	-25.8856391873378
189	0.188	1.32317773290458	-24.6093417398836
190	0.189	1.37005801838191	-23.2627238642403
191	0.19	1.41693830387727	-21.8692257031107
192	0.191	1.52632563677002	-20.3975937327871
193	0.192	1.52632563677002	-18.871268096017
194	0.193	1.58883268418156	-17.3136889355413
195	0.194	1.62008620789942	-15.7092294895008
196	0.195	1.62008620789942	-14.0891432816014
197	0.196	1.62008620789942	-12.4690570737019
198	0.197	1.60445944603948	-10.8567842467325
199	0.198	1.57320592232565	-9.26795156254994
200	0.199	1.52632563677002	-7.7181857830021
201	0.2	1.49507211307633	-6.20748690807892
202	0.201	1.46381858939068	-4.72804155684541
203	0.202	1.41693830387727	-3.28766311021143
204	0.203	1.35443125655414	-1.90197832999573
205	0.204	1.27629744744526	-0.586613977996032
206	0.205	1.2450439238157	0.674056707634444
207	0.206	1.18253687658052	1.88784710783255
208	0.207	1.07314954399562	3.01569031812062
209	0.208	1.04189602041782	4.07321310032733
210	0.209	1.01064249684795	5.09948235896022
211	0.21	0.93250868795797	6.07105795136318
212	0.211	0.901255164415827	6.98793987755008
213	0.212	0.854374879117428	7.86575489931671
214	0.213	0.776241070326216	8.68106287403853
215	0.214	0.666853738101176	9.40261027825222
216	0.215	0.651226976362598	10.0616506354841
217	0.216	0.573093167699111	10.673810707515
218	0.217	0.510586120803549	11.2156503517663
219	0.218	0.432452312228038	11.6871695682821
220	0.219	0.33869174200172	12.072741595397
221	0.22	0.276184695223051	12.3801798140094
222	0.221	0.16679736343502	12.6016708433384
223	0.222	0.0886635550730133	12.7294013025924
224	0.223	0.0417832700789608	12.7946247151684
225	0.224	-0.083230823153836	12.773900938631
226	0.225	-0.0988575847992918	12.6828567346544
227	0.226	-0.239498439522202	12.5136787224936
228	0.227	-0.3332590092515	12.2272999981068
229	0.228	-0.427019578912248	11.8471607040249
230	0.229	-0.552033671686948	11.3576340787253
231	0.23	-0.58328719486169	10.789973645451
232	0.231	-0.723928049054594	10.1363660234929
233	0.232	-0.817688618431822	9.36555768974966
234	0.233	-0.880195664645773	8.51661554821086
235	0.234	-0.973956233910546	7.5895395989327
236	0.235	-1.05209004157984	6.5765164611875
237	0.236	-1.14585061072154	5.47754613503682
238	0.237	-1.2864914643088	4.26137509752165
239	0.238	-1.31774498730783	2.95925687171333
240	0.239	-1.39587879477311	1.60244498067286
241	0.24	-1.47401260219232	0.167499282190147
242	0.241	-1.52089288662178	-1.3299534622169
243	0.242	-1.61465345543118	-2.89772663324338
244	0.243	-1.61465345543118	-4.51238008867455
245	0.244	-1.7084140241747	-6.17391382847749
246	0.245	-1.66153373981116	-7.85888771047043
247	0.246	-1.69278726272201	-9.53604821173701
248	0.247	-1.66153373981116	-11.2132087130036
249	0.248	-1.66153373981116	-12.8747424528148
250	0.249	-1.64590697835299	-14.5284628118968
251	0.25	-1.58339993250204	-16.1431162673244
252	0.251	-1.53651964809459	-17.7030760576227
253	0.252	-1.48963936367064	-19.2161555635053
254	0.253	-1.44275907923015	-20.6823547849557
255	0.254	-1.41150555626063	-22.1094871027011
256	0.255	-1.31774498730783	-23.4741123744853
257	0.256	-1.22398441828855	-24.7449770772835
258	0.257	-1.25523794130238	-25.984588257079
259	0.258	-1.14585061072154	-27.1851325330909
260	0.259	-1.13022384920257	-28.323169763053
261	0.26	-1.02083651851772	-29.3986999469131
262	0.261	-0.973956233910546	-30.3960963231272
263	0.262	-0.911449187741511	-31.3387990339533
264	0.263	-0.848942141542546	-32.2189946985953
265	0.264	-0.786435095313593	-33.0366833170234
266	0.265	-0.723928049054594	-33.7918648892075
267	0.266	-0.661421002765491	-34.4845394151175
268	0.267	-0.645794241188505	-35.1381470370945
269	0.268	-0.52078014850464	-35.7214342319411
270	0.269	-0.442646340515721	-36.2031474764512
271	0.27	-0.317632247634716	-36.5832867705265
272	0.271	-0.239498439522202	-36.8618521141049
273	0.272	-0.176991392997822	-37.0700970303649
274	0.273	-0.083230823153836	-37.2002081384408
275	0.274	0.0105297467592239	-37.2365586766381
276	0.275	0.151170601758756	-37.1557085023791
277	0.276	0.244931171845358	-36.957657615577
278	0.277	0.307438218608503	-36.6814729203501
279	0.278	0.40119878881148	-36.3271544166401
280	0.279	0.526212882524508	-35.8634485809721
281	0.28	0.588719929427891	-35.3059821749959
282	0.281	0.682480499841716	-34.6703819603611
283	0.282	0.791867832080518	-33.9332077944
284	0.283	0.91688192618591	-33.0788329152668
285	0.284	0.948135449732007	-32.1463242273078
286	0.285	1.07314954399562	-31.135681730444
287	0.286	1.1669101147767	-30.0156519010578
288	0.287	1.1669101147767	-28.8487417862811
289	0.288	1.35443125655414	-27.5880711006157
290	0.289	1.33880449472836	-26.2414532249745
291	0.29	1.43256506571307	-24.8557684447538
292	0.291	1.51069887492217	-23.3841364744361
293	0.292	1.52632563677002	-21.86562421859
294	0.293	1.58883268418156	-20.3080450581142
295	0.294	1.60445944603948	-18.7113989930037
296	0.295	1.60445944603948	-17.1069395469642
297	0.296	1.63571296976137	-15.4868533390638
298	0.297	1.58883268418156	-13.8745805120924
299	0.298	1.62008620789942	-12.2701210660519
300	0.299	1.54195239861989	-10.6891017627922
301	0.3	1.4794453512325	-9.17840288786603
302	0.301	1.46381858939068	-7.70677091755443
303	0.302	1.3856847802117	-6.28201923275324
304	0.303	1.37005801838191	-4.90414783345644
305	0.304	1.26067068562948	-3.58878348145074
306	0.305	1.19816363838632	-2.35936631944284
307	0.306	1.1669101147767	-1.17682944286133
308	0.307	1.12002982937721	-0.0333594707843728
309	0.308	1.04189602041782	1.04760345411314
310	0.309	1.01064249684795	2.07387271274603
311	0.31	0.948135449732007	3.05326168603601
312	0.311	0.91688192618591	3.98577037399497
313	0.312	0.807494593836789	4.84795863400631
314	0.313	0.807494593836789	5.6554532278431
315	0.314	0.69810726158422	6.40825415555361
316	0.315	0.619973452891325	7.06729451279138
317	0.316	0.651226976362598	7.70289472741834
318	0.317	0.494959359084544	8.27598789514191
319	0.318	0.448079073939239	8.74750711165381
320	0.319	0.432452312228038	9.18777280473744
321	0.32	0.291811456914807	9.54990468930887
322	0.321	0.198050886793349	9.79483586116294
323	0.322	0.0886635550730133	9.93819308209613
324	0.323	0.0574100317417178	10.0112298755035
325	0.324	-0.083230823153836	9.99831947979743
326	0.325	-0.208244916263835	9.8525816100886
327	0.326	-0.239498439522202	9.62870993219558
328	0.327	-0.364512532479356	9.3267044461948
329	0.328	-0.411392817306875	8.93875177130168
330	0.329	-0.53640691009674	8.46485190759988
331	0.33	-0.645794241188505	7.87375133195725
332	0.331	-0.723928049054594	7.1888901868357
333	0.332	-0.802061856873646	6.42589523387158
334	0.333	-0.864568903095096	5.59257985388721
335	0.334	-0.989582995448135	4.6655039046156
336	0.335	-1.08334356463451	3.62904062457427
337	0.336	-1.14585061072154	2.51444353689625
338	0.337	-1.25523794130238	1.31389926088429
339	0.338	-1.30211822580924	0.0352211773284807
340	0.339	-1.41150555626063	-1.32159071370645
341	0.34	-1.48963936367064	-2.77216317367209
342	0.341	-1.48963936367064	-4.26180253734273
343	0.342	-1.59902669396752	-5.80613556616181
344	0.343	-1.66153373981116	-7.43641578305115
345	0.344	-1.6771605012675	-9.10576290359048
346	0.345	-1.69278726272201	-10.7907367855852
347	0.346	-1.6771605012675	-12.47571066758
348	0.347	-1.69278726272201	-14.1606845495748
349	0.348	-1.630280216893	-15.8222182893823
350	0.349	-1.64590697835299	-17.4603118870053
351	0.35	-1.58339993250204	-19.0749653424328
352	0.351	-1.53651964809459	-20.6349251327311
353	0.352	-1.48963936367064	-22.1480046386137
354	0.353	-1.41150555626063	-23.5985770985793
355	0.354	-1.41150555626063	-25.01008265484
356	0.355	-1.34899851029948	-26.39033468812
357	0.356	-1.25523794130238	-27.692452913921
358	0.357	-1.23961117979639	-28.9398774744703
359	0.358	-1.09897032615906	-30.1091682274481
360	0.359	-1.09897032615906	-31.2081385536071
361	0.36	-1.05209004157984	-32.2836687374766
362	0.361	-0.973956233910546	-33.2966918752218
363	0.362	-0.95832947237109	-34.2628347283626
364	0.363	-0.864568903095096	-35.1742839160957
365	0.364	-0.755181572187853	-35.9841591537371
366	0.365	-0.755181572187853	-36.739340725925
367	0.366	-0.645794241188505	-37.4398286326132
368	0.367	-0.598913956446226	-38.0621827314305
369	0.368	-0.489526625314759	-38.606403022311
370	0.369	-0.411392817306875	-39.0568627436218
371	0.37	-0.34888577086638	-39.4370020377085
372	0.371	-0.239498439522202	-39.7311941429028
373	0.372	-0.176991392997822	-39.9394390591628
374	0.373	-0.083230823153836	-40.0695501672386
375	0.374	0.0417832700789608	-40.090273943776
376	0.375	0.0886635550730133	-40.0250505312001
377	0.376	0.260557933533235	-39.8504397868969
378	0.377	0.307438218608503	-39.5664417108261
379	0.378	0.432452312228038	-39.1964964454078
380	0.379	0.526212882524508	-38.7171638480315
381	0.38	0.604346691158629	-38.1518840611899
382	0.381	0.713734023328687	-37.4928437039463
383	0.382	0.760614308573883	-36.755669537995
384	0.383	0.885628402647719	-35.9325481823842
385	0.384	0.963762211508024	-35.0078528753063
386	0.385	1.04189602041782	-34.0050237593434
387	0.386	1.15128335297488	-32.9084340726471
388	0.387	1.22941716200391	-31.7180838151577
389	0.388	1.29192420926303	-30.4574131295242
390	0.389	1.41693830387727	-29.102981872954
391	0.39	1.41693830387727	-27.6860435690768
392	0.391	1.54195239861989	-26.2065982178282
393	0.392	1.57320592232565	-24.6490190573554
394	0.393	1.57320592232565	-23.0758131350298
395	0.394	1.62008620789942	-21.4791670699172
396	0.395	1.57320592232565	-19.8825210048047
397	0.396	1.65133973162534	-18.2702481778292
398	0.397	1.60445944603948	-16.6423485889968
399	0.398	1.58883268418156	-15.0457025238863
400	0.399	1.55757916047176	-13.4724966015596
401	0.4	1.49507211307633	-11.9461709647856
402	0.401	1.51069887492217	-10.4432854707863
403	0.402	1.41693830387727	-8.97946688138658
404	0.403	1.37005801838191	-7.58596872025699
405	0.404	1.30755097108281	-6.24716422552463
406	0.405	1.21379040019412	-4.98649353988617
407	0.406	1.18253687658052	-3.78832990149885
408	0.407	1.13565659117505	-2.62923316762106
409	0.408	1.04189602041782	-1.54045686182463
410	0.409	0.995015735065996	-0.522000984082724
411	0.41	0.948135449732007	0.449574608316277
412	0.411	0.885628402647719	1.36645653450614
413	0.412	0.854374879117428	2.23645817538871
414	0.413	0.776241070326216	3.05176615011054
415	0.414	0.72936078507512	3.8045670778112
416	0.415	0.619973452891325	4.47923419679443
417	0.416	0.604346691158629	5.0913942688194
418	0.417	0.526212882524508	5.65667405566097
419	0.418	0.448079073939239	6.14382003389285
420	0.419	0.40119878881148	6.56845896526821
421	0.42	0.291811456914807	6.91496408813135
422	0.421	0.198050886793349	7.15989525998543
423	0.422	0.135543840084424	7.32669262342431
424	0.423	0.0574100317417178	7.42316955933738
425	0.424	-0.083230823153836	7.41025916363133
426	0.425	-0.130111108084451	7.30358819801218
427	0.426	-0.27075196277293	7.10315666258349
428	0.427	-0.286378724395432	6.82459131899931
429	0.428	-0.442646340515721	6.46007878654374
430	0.429	-0.53640691009674	5.9705521612375
431	0.43	-0.614540718028873	5.3950783471747
432	0.431	-0.645794241188505	4.76491086756601
433	0.432	-0.817688618431822	4.03316943775584
434	0.433	-0.895822426194578	3.17641391544265
435	0.434	-0.942702710829766	2.25715134693047
436	0.435	-1.11459708768174	1.22850144767472
437	0.436	-1.11459708768174	0.113904359992975
438	0.437	-1.25523794130238	-1.07101315449908
439	0.438	-1.31774498730783	-2.35750461880419
440	0.439	-1.39587879477311	-3.71431650984466
441	0.44	-1.52089288662178	-5.1727023505421
442	0.441	-1.53651964809459	-6.70140861790029
443	0.442	-1.59902669396752	-8.26918178893134
444	0.443	-1.630280216893	-9.88383524436161
445	0.444	-1.64590697835299	-11.5219288419846
446	0.445	-1.69278726272201	-13.1912759625221
447	0.446	-1.69278726272201	-14.8840632252441
448	0.447	-1.61465345543118	-16.5377835843207
449	0.448	-1.64590697835299	-18.1680638012128
450	0.449	-1.61465345543118	-19.7983440181049
451	0.45	-1.58339993250204	-21.3973707120715
452	0.451	-1.56777317103472	-22.9729572638399
453	0.452	-1.50526612514713	-24.5094769119308
454	0.453	-1.44275907923015	-25.9834895141194
455	0.454	-1.41150555626063	-27.4106218318648
456	0.455	-1.36462527179253	-28.7986872458914
457	0.456	-1.25523794130238	-30.1086188524389
458	0.457	-1.23961117979639	-31.3560434129882
459	0.458	-1.14585061072154	-32.5487743082472
460	0.459	-1.05209004157984	-33.6477446343979
461	0.46	-1.05209004157984	-34.6998346759777
462	0.461	-1.05209004157984	-35.7519247175576
463	0.462	-0.911449187741511	-36.7336943322182
464	0.463	-0.864568903095096	-37.6217033776365
465	0.464	-0.770808333751663	-38.4393919960599
466	0.465	-0.755181572187853	-39.2023869490297
467	0.466	-0.677047764340592	-39.9185016172939
468	0.467	-0.598913956446226	-40.5564824776873
469	0.468	-0.52078014850464	-41.1163295301628
470	0.469	-0.458273102117297	-41.6058561554737
471	0.47	-0.3332590092515	-42.0016222111581
472	0.471	-0.223871677893974	-42.2801875547309
473	0.472	-0.208244916263835	-42.4962458518098
474	0.473	-0.0988575847992918	-42.6497971023413
475	0.474	0.0574100317417178	-42.6705208788701
476	0.475	0.104290316741554	-42.5896707046285
477	0.476	0.244931171845358	-42.415059960335
478	0.477	0.32306498030414	-42.1310618842603
479	0.478	0.40119878881148	-41.7689299997025
480	0.479	0.526212882524508	-41.3052241640345
481	0.48	0.604346691158629	-40.7399443771929
482	0.481	0.713734023328687	-40.0809040199492
483	0.482	0.72936078507512	-39.3593566157473
484	0.483	0.870001640881587	-38.559675402769
485	0.484	0.948135449732007	-37.6506068574622
486	0.485	1.05752278220572	-36.6477777414933
487	0.486	1.15128335297488	-35.543374673903
488	0.487	1.22941716200391	-34.3530244164136
489	0.488	1.29192420926303	-33.0923537307801
490	0.489	1.37005801838191	-31.7613626169577
491	0.49	1.41693830387727	-30.3678644558281
492	0.491	1.52632563677002	-28.8962324855044
493	0.492	1.51069887492217	-27.3777202296583
494	0.493	1.57320592232565	-25.8357678310344
495	0.494	1.63571296976137	-24.2313083849909
496	0.495	1.65133973162534	-22.5877820342975
497	0.496	1.68259325535935	-20.9208155408052
498	0.497	1.58883268418156	-19.2851025710347
499	0.498	1.58883268418156	-17.6962698868532
500	0.499	1.52632563677002	-16.1386907263774
501	0.5	1.52632563677002	-14.6123650896074
502	0.501	1.49507211307633	-13.1016662146842
503	0.502	1.41693830387727	-11.6456610062074
504	0.503	1.37005801838191	-10.2521628450778
505	0.504	1.32317773290458	-8.90554496943455
506	0.505	1.19816363838632	-7.6448742837891
507	0.506	1.19816363838632	-6.44671064540278
508	0.507	1.12002982937721	-5.28761391152102
509	0.508	1.08877630578749	-4.18321084393866
510	0.509	1.05752278220572	-3.11006129994205
511	0.51	0.93250868795797	-2.11504556486021
512	0.511	0.91688192618591	-1.19035025778827
513	0.512	0.888314252286852	-1.19035025778827
514	0.513	0.794553681731481	-0.348916290779102
515	0.514	0.732046634733952	0.414383867453615
516	0.515	0.622659302563894	1.09173683610254
517	0.516	0.653912826031246	1.73002290040011
518	0.517	0.513271970489809	2.31361529866064
519	0.518	0.497645208772756	2.81907388829192
520	0.519	0.388257876807975	3.26202543108228
521	0.52	0.294497306628316	3.60340302280043
522	0.521	0.200736736518482	3.85102004437383
523	0.522	0.138229689817288	4.02050325754172
524	0.523	-0.0180379268006877	4.08059913905002
525	0.524	-0.0492914501011966	4.04693445059907
526	0.525	-0.17430554322652	3.93513595393522
527	0.526	-0.18993230485857	3.75301702989267
528	0.527	-0.314946397846236	3.50057767854027
529	0.528	-0.424333729110457	3.13093761506192
530	0.529	-0.486840775505382	2.675350362754
531	0.53	-0.658735152935328	2.10256239853365
532	0.531	-0.674361914508545	1.43601386481171
533	0.532	-0.799376007026557	0.699144904044162
534	0.533	-0.893136576336246	-0.147111387637239
535	0.534	-0.940016860965825	-1.06368810628827
536	0.535	-1.09628447627648	-2.08183877490943
537	0.536	-1.12753799931627	-3.1937500127058
538	0.537	-1.25255209140125	-4.38379505806456
539	0.538	-1.29943237590257	-5.65978729171647
540	0.539	-1.34631266038727	-6.98265980986139
541	0.54	-1.45569999078705	-8.38366613544855
542	0.541	-1.51820703668933	-9.87061964918674
543	0.542	-1.59634084402591	-11.4278935895444
544	0.543	-1.62759436694773	-13.0398611950312
545	0.544	-1.59634084402591	-14.651828800518
546	0.545	-1.69010141276944	-16.2950499289157
547	0.546	-1.65884788986224	-17.9695245802315
548	0.547	-1.65884788986224	-19.6283724700937
549	0.548	-1.7057281742203	-21.310660502135
550	0.549	-1.58071408256226	-22.9538816305263
551	0.55	-1.59634084402591	-24.5424090938204
552	0.551	-1.51820703668933	-26.099683034178
553	0.552	-1.50258027521651	-27.6100766901309
554	0.553	-1.47132675226537	-29.0970302038719
555	0.554	-1.39319294485536	-30.5292900524322
556	0.555	-1.29943237590257	-31.8756027128112
557	0.556	-1.28380561440398	-33.1672217079645
558	0.557	-1.19004504537359	-34.4041470378533
559	0.558	-1.12753799931627	-35.5629385601982
560	0.559	-1.06503095322925	-36.6592230364709
561	0.56	-1.08065771475379	-37.7320673704625
562	0.561	-0.986897145578593	-38.7658448006287
563	0.562	-0.893136576336246	-39.7058616615861
564	0.563	-0.861883053240509	-40.5833714763745
565	0.564	-0.736868960782588	-41.382747483386
566	0.565	-0.736868960782588	-42.1196164441686
567	0.566	-0.70561543764933	-42.8408586433845
568	0.567	-0.580601345040961	-43.4839670347297
569	0.568	-0.518094298691475	-44.0333148565959
570	0.569	-0.408706967506983	-44.4967154896951
571	0.57	-0.346199921074092	-44.8741689339857
572	0.571	-0.205559066488709	-45.1500484277671
573	0.572	-0.143052019956681	-45.3243539709898
574	0.573	-0.0492914501011966	-45.4205257060187
575	0.574	0.0757226431469826	-45.4073101094958
576	0.575	0.153856451489689	-45.2925205621775
577	0.576	0.247617021564683	-45.0917838256503
578	0.577	0.403884638511387	-44.7660329956123
579	0.578	0.450764923633303	-44.3387082145399
580	0.579	0.575779017377552	-43.8254362440345
581	0.58	0.575779017377552	-43.2496572266569
582	0.581	0.732046634733952	-42.5957444006012
583	0.582	0.825807205242054	-41.8168174806132
584	0.583	0.872687490522693	-40.9675701327308
585	0.584	1.04458187003716	-40.0089354524509
586	0.585	1.07583539361099	-38.9487268206268
587	0.586	1.13834244078248	-37.8416379034301
588	0.587	1.20084948798578	-36.672041939046
589	0.588	1.27898329703474	-35.4321255465357
590	0.589	1.3727438679594	-34.1062619640386
591	0.59	1.43525091528254	-32.7022645724176
592	0.591	1.52901148632744	-31.2201333716127
593	0.592	1.57589177187703	-29.6676817425104
594	0.593	1.62277205744474	-28.0683498278495
595	0.594	1.65402558116663	-26.4299510085439
596	0.595	1.65402558116663	-24.7759254273772
597	0.596	1.66965234303061	-23.1140864652786
598	0.597	1.66965234303061	-21.444434122248
599	0.598	1.60714529558682	-19.8060353029393
600	0.599	1.63839881930468	-18.1832632454935
601	0.6	1.49775796263777	-16.6151848545223
602	0.601	1.49775796263777	-15.1174268918845
603	0.602	1.43525091528254	-13.6509224529244
604	0.603	1.38837062978718	-12.2391116803895
605	0.604	1.3102368206683	-10.8898079551618
606	0.605	1.26335653522096	-9.60301127721715
607	0.606	1.18522272618197	-8.37872164651569
608	0.607	1.16959596438015	-7.20131230123463
609	0.608	1.06020863182308	-6.08641000313302
610	0.609	1.07583539361099	-5.01838799041598
611	0.61	1.01332834647126	-3.97380612037486
612	0.611	0.935194537591175	-2.99954467834364
613	0.612	0.919567775821091	-2.0721635216375
614	0.613	0.810180443485782	-1.20728941198407
615	0.614	0.747673396480384	-0.428362492000984
616	0.615	0.685166349506441	0.288057380992428
617	0.616	0.700793111246981	0.981037111369139
618	0.617	0.575779017377552	1.61932317568141
619	0.618	0.497645208772756	2.15603528875656
620	0.619	0.403884638511387	2.60680021239863
621	0.62	0.294497306628316	2.95599118496848
622	0.621	0.185109974840285	3.19579482570278
623	0.622	0.153856451489689	3.36527803886777
624	0.623	0.0288423581644887	3.45662744369486
625	0.624	-0.0492914501011966	3.44640289772651
626	0.625	-0.17430554322652	3.33460440106265
627	0.626	-0.236812589743256	3.12904533457776
628	0.627	-0.330573159461115	2.84535245997558
629	0.628	-0.455587252311711	2.45227225408916
630	0.629	-0.486840775505382	1.98105824018062
631	0.63	-0.596228106623608	1.43952379911612
632	0.631	-0.674361914508545	0.804228788550045
633	0.632	-0.783749245468381	0.0751732085615821
634	0.633	-0.799376007026557	-0.716389417685887
635	0.634	-0.908763337881308	-1.57045909013982
636	0.635	-1.08065771475379	-2.56516961645737
637	0.636	-1.09628447627648	-3.65364071197251
638	0.637	-1.25255209140125	-4.82805899581137
639	0.638	-1.33068589889421	-6.1196779909591
640	0.639	-1.34631266038727	-7.45817727059984
641	0.64	-1.48695351374186	-8.8748103576644
642	0.641	-1.51820703668933	-10.37739063288
643	0.642	-1.59634084402591	-11.9346645732376
644	0.643	-1.62759436694773	-13.5466321787244
645	0.644	-1.65884788986224	-15.1898533071294
646	0.645	-1.72135493566934	-16.8799547198952
647	0.646	-1.6432211284059	-18.5622427519328
648	0.647	-1.6432211284059	-20.2054638803387
649	0.648	-1.62759436694773	-21.8408716280155
650	0.649	-1.56508732109677	-23.4372124720378
651	0.65	-1.62759436694773	-25.03355331606
652	0.651	-1.51820703668933	-26.6064540178786
653	0.652	-1.48695351374186	-28.1090342930942
654	0.653	-1.45569999078705	-29.5803610453586
655	0.654	-1.37756618336784	-30.9969941324361
656	0.655	-1.36193942187848	-32.3667469350592
657	0.656	-1.23692532989711	-33.666179310947
658	0.657	-1.20567180688328	-34.8874778793372
659	0.658	-1.14316476083339	-36.0618961631956
660	0.659	-1.11191123779731	-37.1894341625109
661	0.66	-1.08065771475379	-38.2857186387864
662	0.661	-0.955643622505281	-39.303869307416
663	0.662	-0.97127038404287	-40.2673263106901
664	0.663	-0.861883053240509	-41.1839030293318
665	0.664	-0.783749245468381	-42.0067191786862
666	0.665	-0.768122483908329	-42.7826550433745
667	0.666	-0.62748162978324	-43.4804571002203
668	0.667	-0.549347821869999	-44.068871826047
669	0.668	-0.518094298691475	-44.6025928863277
670	0.669	-0.377453444294338	-45.0503667578206
671	0.67	-0.314946397846236	-45.3965666788909
672	0.671	-0.236812589743256	-45.6724461726856
673	0.672	-0.143052019956681	-45.8623784775356
674	0.673	-0.0492914501011966	-45.9585502125645
675	0.674	0.0600958814842256	-45.953147996873
676	0.675	0.106976166478278	-45.8696119728918
677	0.676	0.216363498198614	-45.7079421405533
678	0.677	0.388257876807975	-45.40563145305
679	0.678	0.43513816192405	-44.993933433684
680	0.679	0.560152255652685	-44.4962882248957
681	0.68	0.607032540833156	-43.9126958266527
682	0.681	0.685166349506441	-43.2665963814829
683	0.682	0.841433967000295	-42.5032962232296
684	0.683	0.919567775821091	-41.6227953518189
685	0.684	1.02895510825322	-40.6485339097817
686	0.685	1.06020863182308	-39.6039520397436
687	0.686	1.12271567898662	-38.5124898843387
688	0.687	1.27898329703474	-37.311640396328
689	0.688	1.3102368206683	-36.0170303374765
690	0.689	1.38837062978718	-34.6677266122488
691	0.69	1.45087767711833	-33.248102458796
692	0.691	1.48213120079595	-31.7815980198389
693	0.692	1.57589177187703	-30.2525865335024
694	0.693	1.56026501002515	-28.6845081425513
695	0.694	1.65402558116663	-27.0773628469554
696	0.695	1.62277205744474	-25.4389640276497
697	0.696	1.63839881930468	-23.808378589275
698	0.697	1.63839881930468	-22.1699797699703
699	0.698	1.60714529558682	-20.5472077125246
700	0.699	1.56026501002515	-18.9635025597186
701	0.7	1.52901148632744	-17.4188643115423
702	0.701	1.5133847244816	-15.8976662061378
703	0.702	1.46650443895614	-14.4077216244189
704	0.703	1.3727438679594	-12.9880974709611
705	0.704	1.34149034430985	-11.6309803648265
706	0.705	1.27898329703474	-10.3207435441542
707	0.706	1.18522272618197	-9.08864053254586
708	0.707	1.10708891719276	-7.9424847108585
709	0.708	1.12271567898662	-6.82758241276881
710	0.709	1.01332834647126	-5.75956040003986
711	0.71	0.982074822913289	-4.76185881534759
712	0.711	0.935194537591175	-3.80322413509536
713	0.712	0.857060728760508	-2.90709650191951
714	0.713	0.778926919979148	-2.08910267754969
715	0.714	0.778926919979148	-1.31017575757054
716	0.715	0.685166349506441	-0.578129122827744
717	0.716	0.622659302563894	0.075783703207423
718	0.717	0.544525493929773	0.659376101454256
719	0.718	0.528898732208814	1.19608821452355
720	0.719	0.388257876807975	1.65466651903194
721	0.72	0.2788705449385	1.98823072990518
722	0.721	0.247617021564683	2.25147451315677
723	0.722	0.153856451489689	2.45221124968396
724	0.723	0.0913494048116665	2.57481417783464
725	0.724	-0.0492914501011966	2.59584315518987
726	0.725	-0.17430554322652	2.48404465852601
727	0.726	-0.252439351367665	2.27067221122892
728	0.727	-0.330573159461115	1.97916595581453
729	0.728	-0.424333729110457	1.60171251152875
730	0.729	-0.486840775505382	1.14612525922083
731	0.73	-0.611854868204368	0.596777437365953
732	0.731	-0.689988676079878	-0.05414433477617
733	0.732	-0.783749245468381	-0.7910132955503
734	0.733	-0.893136576336246	-1.62945620645261
735	0.734	-0.908763337881308	-2.53040616356139
736	0.735	-1.04940419170284	-3.50948992835346
737	0.736	-1.14316476083339	-4.60577440462158
738	0.737	-1.22129856839112	-5.78800606923383
739	0.738	-1.31505913739931	-7.05618492212905
740	0.739	-1.39319294485536	-8.41031096325639
741	0.74	-1.47132675226537	-9.84257081181676
742	0.741	-1.53383379816031	-11.3451510870296
743	0.742	-1.61196760548774	-12.9180517888536
744	0.743	-1.61196760548774	-14.5300193943414
745	0.744	-1.65884788986224	-16.1654271420163
746	0.745	-1.6432211284059	-17.8164616511504
747	0.746	-1.72135493566934	-19.498749683188
748	0.747	-1.69010141276944	-21.2044778574074
749	0.748	-1.69010141276944	-22.8945792701769
750	0.749	-1.59634084402591	-24.5378003985745
751	0.75	-1.59634084402591	-26.1341412426004
752	0.751	-1.51820703668933	-27.6914151829581
753	0.752	-1.45569999078705	-29.1783686966963
754	0.753	-1.40881970634105	-30.6106285452603
755	0.754	-1.34631266038727	-31.9881947286245
756	0.755	-1.29943237590257	-33.3110672467694
757	0.756	-1.25255209140125	-34.5870594804213
758	0.757	-1.19004504537359	-35.8083580488087
759	0.758	-1.15879152234864	-36.9827763326698
760	0.759	-1.11191123779731	-38.1181277127428
761	0.76	-1.01815066864444	-39.1831586659637
762	0.761	-1.00252390711245	-40.1934959538421
763	0.762	-0.893136576336246	-41.1413261955664
764	0.763	-0.893136576336246	-42.0344627719027
765	0.764	-0.752495722346398	-42.857278921244
766	0.765	-0.736868960782588	-43.6019612628085
767	0.766	-0.674361914508545	-44.3075767004541
768	0.767	-0.596228106623608	-44.9428717110202
769	0.768	-0.533721060281683	-45.5078462944728
770	0.769	-0.439960490712032	-45.9946870699697
771	0.77	-0.346199921074092	-46.3877672758627
772	0.771	-0.236812589743256	-46.6792735312714
773	0.772	-0.111798496679186	-46.8535790744826
774	0.773	-0.080544973394027	-46.9497508095192
775	0.774	0.0600958814842256	-46.9599753554741
776	0.775	0.153856451489689	-46.8529991889872
777	0.776	0.216363498198614	-46.667889214143
778	0.777	0.341377591709405	-46.389018669189
779	0.778	0.450764923633303	-45.9929474115176
780	0.779	0.544525493929773	-45.4953022027361
781	0.78	0.607032540833156	-44.9195231853546
782	0.781	0.700793111246981	-44.2656103593146
783	0.782	0.794553681731481	-43.5179369628253
784	0.783	0.841433967000295	-42.6999431384594
785	0.784	0.950821299363235	-41.8038155052777
786	0.785	1.04458187003716	-40.8061139205775
787	0.786	1.12271567898662	-39.7224651460656
788	0.787	1.24772977340917	-38.5372424198677
789	0.788	1.27898329703474	-37.2738858846457
790	0.789	1.38837062978718	-35.9402089212348
791	0.79	1.45087767711833	-34.520584767782
792	0.791	1.54463824817529	-33.0228268051352
793	0.792	1.57589177187703	-31.462561795109
794	0.793	1.59151853373092	-29.8788566423051
795	0.794	1.63839881930468	-28.2638979657873
796	0.795	1.62277205744474	-26.6333125274126
797	0.796	1.66965234303061	-24.9871003271749
798	0.797	1.65402558116663	-23.3252613650763
799	0.798	1.63839881930468	-21.6790491648406
800	0.799	1.59151853373092	-20.0640904883228
801	0.8	1.48213120079595	-18.5272656210594
802	0.801	1.46650443895614	-17.0529478011833
803	0.802	1.5133847244816	-15.5630032194645
804	0.803	1.38837062978718	-14.1121255423301
805	0.804	1.29461005885052	-12.7706351980112
806	0.805	1.24772977340917	-11.4994652818814
807	0.806	1.15396920258032	-10.2986157938866
808	0.807	1.13834244078248	-9.15245997220523
809	0.808	1.01332834647126	-8.07662457857837
810	0.809	1.01332834647126	-7.06329623210711
811	0.81	0.982074822913289	-6.06559464741483
812	0.811	0.825807205242054	-5.16165363333716
813	0.812	0.841433967000295	-4.32803304721599
814	0.813	0.778926919979148	-3.51785260372626
815	0.814	0.700793111246981	-2.7779925881132
816	0.815	0.685166349506441	-2.08501285773649
817	0.816	0.575779017377552	-1.45454017429449
818	0.817	0.544525493929773	-0.894387918640829
819	0.818	0.466391685344504	-0.38892932900369
820	0.819	0.372631115106508	0.0305820712218157
821	0.82	0.310124068320072	0.371959662935106
822	0.821	0.216363498198614	0.635203446194449
823	0.822	0.200736736518482	0.843753563552997
824	0.823	0.0600958814842256	0.974169872554351
825	0.824	-0.0336646884519025	0.987385469070513
826	0.825	-0.111798496679186	0.914653876504969
827	0.826	-0.221185828116937	0.748161714106907
828	0.827	-0.299319636229452	0.487908981933713
829	0.828	-0.408706967506983	0.133895680065496
830	0.829	-0.471214013909494	-0.306064810642742
831	0.83	-0.580601345040961	-0.83197249011797
832	0.831	-0.721242199216899	-1.4828942622469
833	0.832	-0.830629530137281	-2.25883012692399
834	0.833	-0.893136576336246	-3.12071318016075
835	0.834	-0.955643622505281	-4.04510327958152
836	0.835	-1.03377743017457	-5.03981380592144
837	0.836	-1.15879152234864	-6.13609828218305
838	0.837	-1.17441828386204	-7.30270318528839
839	0.838	-1.28380561440398	-8.5318151344214
840	0.839	-1.36193942187848	-9.85468765256263
841	0.84	-1.44007322930689	-11.2556939781553
842	0.841	-1.58071408256226	-12.7660876340899
843	0.842	-1.53383379816031	-14.3233615744512
844	0.843	-1.61196760548774	-15.8962622762752
845	0.844	-1.65884788986224	-17.5316700239502
846	0.845	-1.6432211284059	-19.1827045330842
847	0.846	-1.7057281742203	-20.8571791843973
848	0.847	-1.65884788986224	-22.5394672164386
849	0.848	-1.65884788986224	-24.1983151063008
850	0.849	-1.62759436694773	-25.8415362347058
851	0.85	-1.59634084402591	-27.4535038401926
852	0.851	-1.54946055962946	-29.0264045420203
853	0.852	-1.51820703668933	-30.5602383401797
854	0.853	-1.40881970634105	-32.0237517116949
855	0.854	-1.40881970634105	-33.432571418036
856	0.855	-1.31505913739931	-34.7945108399061
857	0.856	-1.22129856839112	-36.0626896928014
858	0.857	-1.20567180688328	-37.2761748804386
859	0.858	-1.11191123779731	-38.4349664027789
860	0.859	-1.12753799931627	-39.5546910213356
861	0.86	-1.00252390711245	-40.61972197455
862	0.861	-1.01815066864444	-41.6300592624285
863	0.862	-0.861883053240509	-42.5700761233709
864	0.863	-0.861883053240509	-43.4319591766114
865	0.864	-0.799376007026557	-44.262588706745
866	0.865	-0.70561543764933	-45.0150844290829
867	0.866	-0.674361914508545	-45.7050731051619
868	0.867	-0.580601345040961	-46.3325547349366
869	0.868	-0.471214013909494	-46.8584624144118
870	0.869	-0.455587252311711	-47.3218630475224
871	0.87	-0.330573159461115	-47.7149432534089
872	0.871	-0.268066112990167	-48.0142628896345
873	0.872	-0.0961717350375651	-48.1963818136484
874	0.873	-0.0649182117485712	-48.2769267870414
875	0.874	0.0444691198233946	-48.287151333004
876	0.875	0.138229689817288	-48.1958019281837
877	0.876	0.2788705449385	-47.9872518108058
878	0.877	0.357004353406985	-47.669314361633
879	0.878	0.43513816192405	-47.2732431039675
880	0.879	0.560152255652685	-46.7755978951792
881	0.88	0.63828606429659	-46.1763787352045
882	0.881	0.685166349506441	-45.514652528303
883	0.882	0.810180443485782	-44.7669791318069
884	0.883	0.888314252286852	-43.9177317839206
885	0.884	0.950821299363235	-42.9981640080955
886	0.885	1.02895510825322	-42.0082758042873
887	0.886	1.09146215540088	-40.9480671724603
888	0.887	1.26335653522096	-39.7706578271493
889	0.888	1.27898329703474	-38.4994879110215
890	0.889	1.35711710613362	-37.1814377094373
891	0.89	1.41962415344875	-35.7930670796461
892	0.891	1.48213120079595	-34.3421894025238
893	0.892	1.56026501002515	-32.8209912971132
894	0.893	1.62277205744474	-31.2294727633783
895	0.894	1.57589177187703	-29.6301408487174
896	0.895	1.63839881930468	-28.0229955531265
897	0.896	1.56026501002515	-26.4236636384616
898	0.897	1.59151853373092	-24.8477718665836
899	0.898	1.56026501002515	-23.2718800947056
900	0.899	1.60714529558682	-21.6881749418996
901	0.9	1.56026501002515	-20.1044697890936
902	0.901	1.45087767711833	-18.5988984455218
903	0.902	1.41962415344875	-17.1636475302383
904	0.903	1.38837062978718	-15.7596501386203
905	0.904	1.27898329703474	-14.4259731752094
906	0.905	1.24772977340917	-13.1626166399874
907	0.906	1.16959596438015	-11.9539537710927
908	0.907	1.15396920258032	-10.7921711876125
909	0.908	1.07583539361099	-9.67726888951686
910	0.909	0.966448061137272	-8.65612716214273
911	0.91	0.935194537591175	-7.70530586277851
912	0.911	0.919567775821091	-6.77792470607237
913	0.912	0.872687490522693	-5.88179707290048
914	0.913	0.794553681731481	-5.04817648677339
915	0.914	0.747673396480384	-4.27706294766746
916	0.915	0.685166349506441	-3.56064307467405
917	0.916	0.560152255652685	-2.93798377209449
918	0.917	0.544525493929773	-2.38564489730326
919	0.918	0.497645208772756	-1.86455954595199
920	0.919	0.325750830013768	-1.45286152655873
921	0.92	0.341377591709405	-1.11929731569714
922	0.921	0.216363498198614	-0.840426770743133
923	0.922	0.122602928146818	-0.670943557570417
924	0.923	0.0288423581644887	-0.595220914414763
925	0.924	-0.080544973394027	-0.621072222029532
926	0.925	-0.111798496679186	-0.717243957066139
927	0.926	-0.236812589743256	-0.891549500277359
928	0.927	-0.314946397846236	-1.1674289940721
929	0.928	-0.408706967506983	-1.52925567674871
930	0.929	-0.455587252311711	-1.96140278665806
931	0.93	-0.596228106623608	-2.48731046612572
932	0.931	-0.752495722346398	-3.16167238061072
933	0.932	-0.799376007026557	-3.9376082452972
934	0.933	-0.846256291689832	-4.76042439465539
935	0.934	-1.01815066864444	-5.69262787482253
936	0.935	-1.04940419170284	-6.72640530499617
937	0.936	-1.17441828386204	-7.83831654277861
938	0.937	-1.20567180688328	-9.02836158815128
939	0.938	-1.29943237590257	-10.2809136795442
940	0.939	-1.36193942187848	-11.6115995784347
941	0.94	-1.42444646782489	-13.0047925232864
942	0.941	-1.56508732109677	-14.4995594177472
943	0.942	-1.53383379816031	-16.0490199773758
944	0.943	-1.59634084402591	-17.6141072984689
945	0.944	-1.67447465131675	-19.2495150461402
946	0.945	-1.61196760548774	-20.8927361745425
947	0.946	-1.67447465131675	-22.5359573029447
948	0.947	-1.6432211284059	-24.194805192806
949	0.948	-1.67447465131675	-25.8536530826673
950	0.949	-1.6432211284059	-27.5125009725287
951	0.95	-1.53383379816031	-29.1010284358118
952	0.951	-1.54946055962946	-30.6426756147067
953	0.952	-1.48695351374186	-32.1608826513923
954	0.953	-1.40881970634105	-33.6087692614338
955	0.954	-1.34631266038727	-34.9863354447979
956	0.955	-1.31505913739931	-36.3170213436912
957	0.956	-1.26817885290354	-37.6086403388426
958	0.957	-1.15879152234864	-38.8221255264687
959	0.958	-1.12753799931627	-39.9652902873012
960	0.959	-1.12753799931627	-41.0928282866174
961	0.96	-1.00252390711245	-42.1578592398318
962	0.961	-0.955643622505281	-43.1369430046407
963	0.962	-0.924390099424501	-44.0769598656056
964	0.963	-0.846256291689832	-44.9622830611627
965	0.964	-0.768122483908329	-45.7694724489618
966	0.965	-0.736868960782588	-46.5219681713073
967	0.966	-0.658735152935328	-47.2197702281662
968	0.967	-0.564974583456425	-47.8316250963621
969	0.968	-0.533721060281683	-48.3809729182312
970	0.969	-0.424333729110457	-48.8600003129272
971	0.97	-0.330573159461115	-49.237453757213
972	0.971	-0.252439351367665	-49.5289600126274
973	0.972	-0.17430554322652	-49.7423324599245
974	0.973	-0.0649182117485712	-49.861944337412
975	0.974	-0.00241116514755157	-49.8956090258601
976	0.975	0.153856451489689	-49.819886382689
977	0.976	0.231990259880681	-49.6269630270038
978	0.977	0.341377591709405	-49.3402791012088
979	0.978	0.419511400216745	-48.9598346052457
980	0.979	0.513271970489809	-48.4934429198925
981	0.98	0.622659302563894	-47.9254772833656
982	0.981	0.700793111246981	-47.2637510764602
983	0.982	0.763300158228783	-46.5317044417223
984	0.983	0.903941014052984	-45.6980838555814
985	0.984	0.997701584691285	-44.7472625562093
986	0.985	1.09146215540088	-43.7026806861632
987	0.986	1.13834244078248	-42.5877783880715
988	0.987	1.21647624979158	-41.4103690427845
989	0.988	1.27898329703474	-40.1626392693713
990	0.989	1.40399739161696	-38.8211489250455
991	0.99	1.5133847244816	-37.3624578669962
992	0.991	1.5133847244816	-35.8490731425146
993	0.992	1.57589177187703	-34.3044348943353
994	0.993	1.57589177187703	-32.7285431224582
995	0.994	1.60714529558682	-31.1370245887263
996	0.995	1.66965234303061	-29.4986257694176
997	0.996	1.63839881930468	-27.84460018825
998	0.997	1.62277205744474	-26.2140147498752
999	0.998	1.60714529558682	-24.5990560733595
1000	0.999	1.56026501002515	-23.0153509205535
