No.	时间（s）	Dev1/ai0-1-测振（mm/s）	VH01-V1-Dev1/ai0一次积分（μm）
1	0	-0.170002079505463	0
2	0.001	-0.0918682713165079	-0.130935175410985
3	0.002	0.0643993452052827	-0.144669638466598
4	0.003	0.111279630199335	-0.056830150764289
5	0.004	0.220666961919671	0.109143145295214
6	0.005	0.283174008659557	0.361063630584828
7	0.006	0.408188102232444	0.706744686030829
8	0.007	0.54882895765083	1.18525321597247
9	0.008	0.626962766284951	1.77314907794036
10	0.009	0.751976860201441	2.46261889118355
11	0.01	0.81448390720684	3.24584927488769
12	0.011	0.923871239542149	4.11502684826219
13	0.012	1.01763181019232	5.08577837312942
14	0.013	1.09576561912194	6.14247708778655
15	0.014	1.20515295170684	7.29293637320094
16	0.015	1.22077971351264	8.50590270581068
17	0.016	1.34579380803091	9.78918946658245
18	0.017	1.33016704620913	11.1271698937025
19	0.018	1.39267409350824	12.4885904635612
20	0.019	1.53331495004849	13.9515849853395
21	0.02	1.48643466451701	15.4614597926223
22	0.021	1.53331495004849	16.971334599905
23	0.022	1.56456847374621	18.5202763118024
24	0.023	1.54894171189635	20.0770314046236
25	0.024	1.59582199745197	21.6494132592978
26	0.025	1.58019523559808	23.2374218758228
27	0.026	1.54894171189635	24.8019903495701
28	0.027	1.54894171189635	26.3509320614664
29	0.028	1.4708079026772	27.8608068687532
30	0.029	1.4708079026772	29.3316147714304
31	0.03	1.4239276171698	30.7789825313539
32	0.031	1.45518114083939	32.2185369103585
33	0.032	1.37704733168046	33.6346511466184
34	0.033	1.26765999894202	34.9570048119296
35	0.034	1.23640647532044	36.2090380490609
36	0.035	1.14264590450353	37.3985642389728
37	0.036	1.08013885733205	38.5099566198906
38	0.037	1.06451209554414	39.5822820963287
39	0.038	0.970751524858329	40.5999139065299
40	0.039	0.892617716007909	41.5315985269631
41	0.04	0.861364192481565	42.4085894812078
42	0.041	0.798857145452538	43.2387001501749
43	0.042	0.736350098455009	44.0063037721286
44	0.043	0.720723336710542	44.7348404897114
45	0.044	0.626962766284951	45.4086835412091
46	0.045	0.501948672493813	45.9731392605985
47	0.046	0.439441625645107	46.443834409668
48	0.047	0.392561340529032	46.8598358927551
49	0.048	0.283174008659557	47.1977035673494
50	0.049	0.251920485285741	47.465250814322
51	0.05	0.158159915210746	47.6702910145702
52	0.051	0.0800261068680397	47.7893840256096
53	0.052	-0.0293612247308453	47.8147164666782
54	0.053	-0.123121794597834	47.7384749570139
55	0.054	-0.21688236439588	47.568472877517
56	0.055	-0.279389410889705	47.3203369898742
57	0.056	-0.388776742180553	46.9862539133391
58	0.057	-0.466910550188437	46.5584102671546
59	0.058	-0.576297881319904	46.0368060514004
60	0.059	-0.670058450787487	45.4136278853467
61	0.06	-0.826326066416224	44.6654356267449
62	0.061	-0.920086635703444	43.7922292756851
63	0.062	-0.935713397244768	42.8643292592109
64	0.063	-1.12323453559522	41.834855292791
65	0.064	-1.13886129711233	40.7038073764372
66	0.065	-1.23262186617605	39.518065794793
67	0.066	-1.34200919666621	38.2307502633719
68	0.067	-1.37326271964678	36.8731143052154
69	0.068	-1.45139652706599	35.460784681859
70	0.069	-1.52953033443925	33.9703212511063
71	0.07	-1.51390357296827	32.4486042974026
72	0.071	-1.59203738030485	30.895633820766
73	0.072	-1.59203738030485	29.3035964404612
74	0.073	-1.5764106188412	27.7193724408881
75	0.074	-1.63891766468484	26.1117082991251
76	0.075	-1.63891766468484	24.4727906344403
77	0.076	-1.62329090322667	22.8416863504845
78	0.077	-1.52953033443925	21.2652757316516
79	0.078	-1.62329090322667	19.6888651128186
80	0.079	-1.5451570959084	18.1046411132511
81	0.08	-1.46702328854432	16.5985509210247
82	0.081	-1.45139652706599	15.1393410132195
83	0.082	-1.35763595815742	13.7348247706078
84	0.083	-1.35763595815742	12.3771888124504
85	0.084	-1.24824862768019	11.0742465195316
86	0.085	-1.23262186617605	9.83381127260349
87	0.086	-1.15448805862758	8.64025631020167
88	0.087	-1.09198101255542	7.51702177461017
89	0.088	-1.06072748950819	6.44066752357836
90	0.089	-0.904459874160251	5.45807384174414
91	0.09	-0.904459874160251	4.55361396758389
92	0.091	-0.8106993048618	3.69603437807287
93	0.092	-0.748192258625341	2.9165885963293
94	0.093	-0.716938735495842	2.18402309926871
95	0.094	-0.607551404483311	1.52177802927913
96	0.095	-0.513790834970418	0.961106909552264
97	0.096	-0.451283788590654	0.478569597771728
98	0.097	-0.357523218964109	0.0741660939943466
99	0.098	-0.295016172508395	-0.252103601741905
100	0.099	-0.232509126022198	-0.515866251007202
101	0.1	-0.1543753178715	-0.709308472954051
102	0.101	-0.0606147480275141	-0.816803505903558
103	0.102	0.0331458218855458	-0.830537968974542
104	0.103	0.126906391867876	-0.750511862097832
105	0.104	0.220666961919671	-0.576725185204058
106	0.105	0.330054293734825	-0.30136455737681
107	0.106	0.423814863937802	0.0755700214595032
108	0.107	0.564455719373742	0.569705313115275
109	0.108	0.611336004554213	1.15760117507925
110	0.109	0.736350098455009	1.83144422658386
111	0.11	0.845737430721352	2.62248799117204
112	0.111	0.908244477774041	3.49947894541974
113	0.112	1.03325857197428	4.4702304702939
114	0.113	1.09576561912194	5.53474256584201
115	0.114	1.1738994281012	6.66957508945358
116	0.115	1.26765999894202	7.89035480297519
117	0.116	1.2832867607558	9.16582818282409
118	0.117	1.37704733168046	10.4959952290422
119	0.118	1.37704733168046	11.8730425607227
120	0.119	1.45518114083939	13.2891567969826
121	0.12	1.53331495004849	14.7834048424265
122	0.121	1.54894171189635	16.324533173399
123	0.122	1.56456847374621	17.8812882662202
124	0.123	1.61144875930788	19.4692968827473
125	0.124	1.56456847374621	21.0573054992743
126	0.125	1.61144875930788	22.6453141158014
127	0.126	1.61144875930788	24.2567628751092
128	0.127	1.59582199745197	25.8603982534892
129	0.128	1.53331495004849	27.4249667272394
130	0.129	1.50206142635883	28.9426549154431
131	0.13	1.45518114083939	30.4212761990422
132	0.131	1.40830085533802	31.8530171971309
133	0.132	1.37704733168046	33.2456912906401
134	0.133	1.26765999894202	34.5680449559514
135	0.134	1.23640647532044	35.8200781930826
136	0.135	1.1738994281012	37.0252311447934
137	0.136	1.14264590450353	38.1835038110958
138	0.137	1.03325857197428	39.2714560493347
139	0.138	1.00200504841234	40.289087859528
140	0.139	0.908244477774041	41.2442126226212
141	0.14	0.830110668963111	42.1133901959898
142	0.141	0.76760362194984	42.9122473414462
143	0.142	0.720723336710542	43.6564108207764
144	0.143	0.642589528017647	44.3380672531405
145	0.144	0.611336004554213	44.9650300194265
146	0.145	0.533202195929871	45.5372991196685
147	0.146	0.439441625645107	46.023621030456
148	0.147	0.392561340529032	46.4396225135431
149	0.148	0.314427532041129	46.7931169498281
150	0.149	0.236293723601738	47.0684775776496
151	0.15	0.20504020023954	47.2891445395702
152	0.151	0.0487725835444517	47.4160509314622
153	0.152	0.0331458218855458	47.4570101341772
154	0.153	-0.138748556235624	47.4042087670022
155	0.154	-0.248135887646608	47.2107665450611
156	0.155	-0.295016172508395	46.9391905149836
157	0.156	-0.435657026990975	46.5738539152339
158	0.157	-0.513790834970418	46.0991299842532
159	0.158	-0.670058450787487	45.5072053413742
160	0.159	-0.685685212358821	44.8293335098011
161	0.16	-0.748192258625341	44.112394774309
162	0.161	-0.904459874160251	43.2860687079162
163	0.162	-1.01384720492339	42.3269151683744
164	0.163	-1.15448805862758	41.2427475365989
165	0.164	-1.20136834316222	40.064819335704
166	0.165	-1.24824862768019	38.8400108502828
167	0.166	-1.31075567367826	37.5605086996035
168	0.167	-1.38888948113431	36.2106861221973
169	0.168	-1.42014300410383	34.8061698795782
170	0.169	-1.49827681149546	33.3469599717785
171	0.17	-1.5451570959084	31.8252430180766
172	0.171	-1.59203738030485	30.25664577997
173	0.172	-1.60766414176668	28.6567950189342
174	0.173	-1.62329090322667	27.0413174964375
175	0.174	-1.60766414176668	25.4258399739409
176	0.175	-1.60766414176668	23.8181758321742
177	0.176	-1.59203738030485	22.2183250711384
178	0.177	-1.59203738030485	20.6262876908336
179	0.178	-1.59203738030485	19.0342503105287
180	0.179	-1.5764106188412	17.4500263109557
181	0.18	-1.46702328854432	15.9283093572629
182	0.181	-1.4826500500208	14.4534726879804
183	0.182	-1.38888948113431	13.0177029224028
184	0.183	-1.35763595815742	11.6444402027569
185	0.184	-1.27950215068292	10.3258711483368
186	0.185	-1.23262186617605	9.06980913990729
187	0.186	-1.18574158165253	7.860627415993
188	0.187	-1.07635425103274	6.72957949965036
189	0.188	-1.02947396645352	5.67666539090724
190	0.189	-0.935713397244768	4.6940717090581
191	0.19	-0.873206351068256	3.78961183490158
192	0.191	-0.841952827968774	2.93203224538307
193	0.192	-0.732565497061531	2.14477308286792
194	0.193	-0.701311973928272	1.42783434737301
195	0.194	-0.591924642902551	0.781216038957602
196	0.195	-0.529417596560626	0.220544919226014
197	0.196	-0.482537311784325	-0.285432534946462
198	0.197	-0.388776742180553	-0.721089561928901
199	0.198	-0.310642934125178	-1.07079940008177
200	0.199	-0.201255602767652	-1.32674866852818
201	0.2	-0.123121794597834	-1.48893736721092
202	0.201	-0.0762415096729699	-1.58861901934633
203	0.202	0.0800261068680397	-1.58672672074879
204	0.203	0.142533153538346	-1.4754470905456
205	0.204	0.251920485285741	-1.27822027113356
206	0.205	0.298800770349373	-1.002859643316
207	0.206	0.423814863937802	-0.641551826172412
208	0.207	0.54882895765083	-0.155229915378096
209	0.208	0.689469813227498	0.463919470061068
210	0.209	0.76760362194984	1.19245618764974
211	0.21	0.830110668963111	1.99131333310621
212	0.211	0.923871239542149	2.86830428735884
213	0.212	0.970751524858329	3.81561566955908
214	0.213	1.09576561912194	4.84887424154921
215	0.214	1.18952618990303	5.9915201460617
216	0.215	1.25203323713023	7.21229985957832
217	0.216	1.31454028438936	8.49558662033812
218	0.217	1.4239276171698	9.8648205711177
219	0.218	1.40830085533802	11.2809348073716
220	0.219	1.45518114083939	12.7126758054603
221	0.22	1.56456847374621	14.2225506127531
222	0.221	1.53331495004849	15.7714923246505
223	0.222	1.59582199745197	17.3360607984007
224	0.223	1.54894171189635	18.9084426530749
225	0.224	1.56456847374621	20.4651977458961
226	0.225	1.58019523559808	22.0375796005683
227	0.226	1.51768818820265	23.5865213124687
228	0.227	1.58019523559808	25.135463024369
229	0.228	1.51768818820265	26.6844047362694
230	0.229	1.48643466451701	28.1864661626292
231	0.23	1.45518114083939	29.6572740653074
232	0.231	1.37704733168046	31.0733883015673
233	0.232	1.33016704620913	32.4269954905121
234	0.233	1.2832867607558	33.7337223939946
235	0.234	1.18952618990303	34.970128869324
236	0.235	1.15827266630137	36.1440282974262
237	0.236	1.09576561912194	37.2710474401379
238	0.237	1.01763181019232	38.327746154795
239	0.238	0.939498001312232	39.3063110605473
240	0.239	0.892617716007909	40.2223689192073
241	0.24	0.908244477774041	41.1228000160983
242	0.241	0.76760362194984	41.9607240659603
243	0.242	0.736350098455009	42.7127009261627
244	0.243	0.642589528017647	43.402170739399
245	0.244	0.595709242825433	44.0213201248206
246	0.245	0.54882895765083	44.5935892250587
247	0.246	0.423814863937802	45.079911135853
248	0.247	0.439441625645107	45.5115393806445
249	0.248	0.345681055430462	45.9041007211822
250	0.249	0.236293723601738	46.1950881106983
251	0.25	0.189413438561342	46.4079416917799
252	0.251	0.0800261068680397	46.5426614644946
253	0.252	0.0175190602285641	46.5914340480429
254	0.253	-0.123121794597834	46.5386326808582
255	0.254	-0.201255602767652	46.3764439821755
256	0.255	-0.279389410889705	46.1361214753468
257	0.256	-0.404403503785926	45.794225018009
258	0.257	-0.545044358148942	45.3195010870416
259	0.258	-0.623178166062183	44.735389824936
260	0.259	-0.732565497061531	44.0575179933741
261	0.26	-0.7950725433055	43.2936989731906
262	0.261	-0.982593681857536	42.4048658606091
263	0.262	-0.998220443391393	41.4144587979846
264	0.263	-1.09198101255542	40.3693580700112
265	0.264	-1.20136834316222	39.2226833921524
266	0.265	-1.21699510467007	38.0135016682363
267	0.266	-1.32638243517316	36.7418128983147
268	0.267	-1.40451624261999	35.3763635594181
269	0.268	-1.45139652706599	33.9484071745751
270	0.269	-1.49827681149546	32.4735705052944
271	0.27	-1.52953033443925	30.959666932327
272	0.271	-1.59203738030485	29.398883074955
273	0.272	-1.62329090322667	27.7912189331892
274	0.273	-1.60766414176668	26.1757414106925
275	0.274	-1.60766414176668	24.5680772689258
276	0.275	-1.62329090322667	22.9525997464292
277	0.276	-1.65454442614118	21.3136820817452
278	0.277	-1.5764106188412	19.698204559254
279	0.278	-1.60766414176668	18.1061671789501
280	0.279	-1.56078385737572	16.5219431793789
281	0.28	-1.4826500500208	15.0002262256807
282	0.281	-1.43576976558583	13.5410163178773
283	0.282	-1.40451624261999	12.1208733137744
284	0.283	-1.31075567367826	10.7632373556253
285	0.284	-1.29512891218151	9.46029506269542
286	0.285	-1.24824862768019	8.18860629276456
287	0.286	-1.15448805862758	6.98723794961067
288	0.287	-1.06072748950819	5.87963017554279
289	0.288	-0.982593681857536	4.85796958985992
290	0.289	-0.998220443391393	3.86756252723546
291	0.29	-0.904459874160251	2.91622236845964
292	0.291	-0.826326066416224	2.0508293981714
293	0.292	-0.748192258625341	1.26357023565062
294	0.293	-0.685685212358821	0.546631500158536
295	0.294	-0.638804927639169	-0.115613569840459
296	0.295	-0.560671119735368	-0.715351593527727
297	0.296	-0.482537311784325	-1.23695580928757
298	0.297	-0.420030265389399	-1.68823959787444
299	0.298	-0.326269695740058	-2.06138957843916
300	0.299	-0.279389410889705	-2.36421913175405
301	0.3	-0.138748556235624	-2.57328811531671
302	0.301	-0.0606147480275141	-2.67296976744828
303	0.302	0.0487725835444517	-2.67889084968981
304	0.303	0.158159915210746	-2.57542460031221
305	0.304	0.189413438561342	-2.40163792342617
306	0.305	0.345681055430462	-2.13409067643027
307	0.306	0.439441625645107	-1.74152933589248
308	0.307	0.564455719373742	-1.23958066338306
309	0.308	0.67384305148892	-0.620431277951726
310	0.309	0.76760362194984	0.100292058767654
311	0.31	0.87699095424375	0.922589346864449
312	0.311	0.908244477774041	1.81520706287334
313	0.312	0.986378286634346	2.76251844507754
314	0.313	1.08013885733205	3.79577701706073
315	0.314	1.1738994281012	4.92279615977736
316	0.315	1.26765999894202	6.14357587329897
317	0.316	1.34579380803091	7.45030277678543
318	0.317	1.36142056985468	8.80390996572823
319	0.318	1.40830085533802	10.1887706783246
320	0.319	1.4395543790036	11.6126982954954
321	0.32	1.56456847374621	13.1147597218703
322	0.321	1.56456847374621	14.6793281956165
323	0.322	1.54894171189635	16.2360832884378
324	0.323	1.6270755211658	17.8240919049688
325	0.324	1.54894171189635	19.4121005214999
326	0.325	1.56456847374621	20.9688556143212
327	0.326	1.51768818820265	22.5099839452956
328	0.327	1.58019523559808	24.058925657196
329	0.328	1.50206142635883	25.6000539881744
330	0.329	1.4708079026772	27.0864886526925
331	0.33	1.4239276171698	28.533856412616
332	0.331	1.39267409350824	29.942157267955
333	0.332	1.31454028438936	31.2957644569038
334	0.333	1.31454028438936	32.6103047412931
335	0.334	1.22077971351264	33.8779647402441
336	0.335	1.15827266630137	35.0674909301511
337	0.336	1.06451209554414	36.1788833110739
338	0.337	1.00200504841234	37.2121418830521
339	0.338	0.955124763084292	38.1907067888004
340	0.339	0.923871239542149	39.1302047901137
341	0.34	0.830110668963111	40.0071957443663
342	0.341	0.76760362194984	40.8060528898228
343	0.342	0.67384305148892	41.5267762265421
344	0.343	0.689469813227498	42.2084326589003
345	0.344	0.595709242825433	42.8510221869268
346	0.345	0.517575434210866	43.407664525445
347	0.346	0.486321910778712	43.9096131979398
348	0.347	0.392561340529032	44.3490548235936
349	0.348	0.345681055430462	44.7181760215734
350	0.349	0.236293723601738	45.0091634110895
351	0.35	0.20504020023954	45.2298303730101
352	0.351	0.126906391867876	45.3958036690638
353	0.352	-0.0137344630796306	45.4523896334579
354	0.353	-0.0606147480275141	45.4152150279044
355	0.354	-0.21688236439588	45.2764664716927
356	0.355	-0.326269695740058	45.0048904416247
357	0.356	-0.404403503785926	44.6395538418617
358	0.357	-0.545044358148942	44.1648299108943
359	0.358	-0.623178166062183	43.5807186487887
360	0.359	-0.748192258625341	42.895033436445
361	0.36	-0.826326066416224	42.1077742739242
362	0.361	-0.935713397244768	41.2267545420937
363	0.362	-1.02947396645352	40.2441608602445
364	0.363	-1.07635425103274	39.1912467515014
365	0.364	-1.18574158165253	38.0601988351588
366	0.365	-1.23262186617605	36.8510171112445
367	0.366	-1.32638243517316	35.5715149605699
368	0.367	-1.40451624261999	34.2060656216733
369	0.368	-1.46702328854432	32.7702958560912
370	0.369	-1.51390357296827	31.2798324253349
371	0.37	-1.52953033443925	29.7581154716311
372	0.371	-1.5451570959084	28.2207717564573
373	0.372	-1.59203738030485	26.6521745183506
374	0.373	-1.63891766468484	25.0366969958558
375	0.374	-1.65454442614118	23.3899659504428
376	0.375	-1.56078385737572	21.7823018086843
377	0.376	-1.60766414176668	20.1980778091131
378	0.377	-1.62329090322667	18.5826002866165
379	0.378	-1.56078385737572	16.9905629063153
380	0.379	-1.5764106188412	15.4219656682068
381	0.38	-1.49827681149546	13.8846219530385
382	0.381	-1.45139652706599	12.4097852837578
383	0.382	-1.38888948113431	10.9896422796576
384	0.383	-1.34200919666621	9.62419294075735
385	0.384	-1.31075567367826	8.29781050558512
386	0.385	-1.20136834316222	7.04174849716488
387	0.386	-1.17011482014099	5.85600691551327
388	0.387	-1.13886129711233	4.70151885688662
389	0.388	-1.01384720492339	3.62516460586876
390	0.389	-0.998220443391393	2.61913078171137
391	0.39	-0.888833112615189	1.67560400370808
392	0.391	-0.857579589519451	0.802397652640757
393	0.392	-0.732565497061531	0.00732510935026525
394	0.393	-0.701311973928272	-0.709613626144637
395	0.394	-0.623178166062183	-1.37185869613986
396	0.395	-0.576297881319904	-1.97159671983091
397	0.396	-0.420030265389399	-2.46976079318556
398	0.397	-0.466910550188437	-2.91323120097448
399	0.398	-0.310642934125178	-3.30200794313129
400	0.399	-0.232509126022198	-3.57358397320497
401	0.4	-0.201255602767652	-3.7904663375999
402	0.401	-0.0918682713165079	-3.93702827464198
403	0.402	0.0175190602285641	-3.97420288018595
404	0.403	0.20504020023954	-3.8629232499519
405	0.404	0.236293723601738	-3.64225628803126
406	0.405	0.314427532041129	-3.36689566020983
407	0.406	0.423814863937802	-2.99777446222036
408	0.407	0.564455719373742	-2.50363917056459
409	0.408	0.67384305148892	-1.88448978513326
410	0.409	0.76760362194984	-1.16376644841388
411	0.41	0.87699095424375	-0.341469160317083
412	0.411	0.986378286634346	0.590215460121965
413	0.412	0.955124763084292	1.56096698498128
414	0.413	1.09576561912194	2.5864121760844
415	0.414	1.15827266630137	3.71343131879605
416	0.415	1.25203323713023	4.91858427051186
417	0.416	1.33016704620913	6.20968441218154
418	0.417	1.34579380803091	7.54766483930156
419	0.418	1.40830085533802	8.92471217098602
420	0.419	1.4708079026772	10.3642665499936
421	0.42	1.51768818820265	11.8585145954336
422	0.421	1.54894171189635	13.3918295454831
423	0.422	1.53331495004849	14.9329578764555
424	0.423	1.61144875930788	16.5053397311337
425	0.424	1.6270755211658	18.1246018713705
426	0.425	1.59582199745197	19.7360506306794
427	0.426	1.56456847374621	21.3162458662785
428	0.427	1.51768818820265	22.8573741972529
429	0.428	1.51768818820265	24.3750623854556
430	0.429	1.45518114083939	25.8614970499766
431	0.43	1.4239276171698	27.3010514289812
432	0.431	1.40830085533802	28.7171656652351
433	0.432	1.34579380803091	30.0942129969196
434	0.433	1.26765999894202	31.400939900406
435	0.434	1.25203323713023	32.6607865184421
436	0.435	1.15827266630137	33.8659394701579
437	0.436	1.09576561912194	34.9929586128696
438	0.437	1.01763181019232	36.0496573275267
439	0.438	0.939498001312232	37.028222233279
440	0.439	0.955124763084292	37.9755336154773
441	0.44	0.845737430721352	38.8759647123801
442	0.441	0.798857145452538	39.698262000467
443	0.442	0.705096574968038	40.4502388606773
444	0.443	0.658216289752304	41.1318952930375
445	0.444	0.611336004554213	41.7666714401907
446	0.445	0.45506838735436	42.299873636145
447	0.446	0.486321910778712	42.7705687852116
448	0.447	0.392561340529032	43.2100104108654
449	0.448	0.345681055430462	43.5791316088452
450	0.449	0.236293723601738	43.8701189983613
451	0.45	0.126906391867876	44.0517190560961
452	0.451	0.0643993452052827	44.1473719246327
453	0.452	-0.0762415096729699	44.1414508423988
454	0.453	-0.123121794597834	44.0417691902634
455	0.454	-0.232509126022198	43.8639537299534
456	0.455	-0.310642934125178	43.5923776998797
457	0.456	-0.388776742180553	43.2426678617268
458	0.457	-0.513790834970418	42.7913840731514
459	0.458	-0.591924642902551	42.2385263342149
460	0.459	-0.716938735495842	41.5840946450157
461	0.46	-0.826326066416224	40.8124622440596
462	0.461	-0.873206351068256	39.9626960353174
463	0.462	-0.998220443391393	39.0269826380876
464	0.463	-1.12323453559522	37.9662551485943
465	0.464	-1.18574158165253	36.8117670899704
466	0.465	-1.23262186617605	35.6025853660561
467	0.466	-1.29512891218151	34.3387099768773
468	0.467	-1.37326271964678	33.0045141609632
469	0.468	-1.42014300410383	31.6078112990879
470	0.469	-1.45139652706599	30.172041533503
471	0.47	-1.56078385737572	28.6659513412821
472	0.471	-1.60766414176668	27.0817273417109
473	0.472	-1.60766414176668	25.4740631999442
474	0.473	-1.63891766468484	23.8507722967185
475	0.474	-1.60766414176668	22.2274813934927
476	0.475	-1.63891766468484	20.604190490267
477	0.476	-1.59203738030485	18.9887129677721
478	0.477	-1.62329090322667	17.3810488260063
479	0.478	-1.60766414176668	15.7655713035097
480	0.479	-1.49827681149546	14.2126008268786
481	0.48	-1.52953033443925	12.6986972539113
482	0.481	-1.43576976558583	11.2160472038987
483	0.482	-1.42014300410383	9.78809081905388
484	0.483	-1.31075567367826	8.42264148016284
485	0.484	-1.29512891218151	7.11969918723295
486	0.485	-1.23262186617605	5.85582379805417
487	0.486	-1.12323453559522	4.67789559716853
488	0.487	-1.06072748950819	3.58591458461683
489	0.488	-1.01384720492339	2.54862723740104
490	0.489	-0.935713397244768	1.57384693631697
491	0.49	-0.873206351068256	0.669387062160454
492	0.491	-0.779445781747324	-0.156939004247336
493	0.492	-0.732565497061531	-0.912944643651764
494	0.493	-0.701311973928272	-1.62988337914667
495	0.494	-0.607551404483311	-2.28431506835246
496	0.495	-0.498164073378318	-2.83717280728327
497	0.496	-0.482537311784325	-3.32752349986459
498	0.497	-0.388776742180553	-3.76318052684703
499	0.498	-0.310642934125178	-4.1128903649999
500	0.499	-0.201255602767652	-4.36883963344631
501	0.5	-0.107495032958129	-4.5232149513092
502	0.501	-0.0762415096729699	-4.61508322262475
503	0.502	0.0487725835444517	-4.62881768568901
504	0.503	0.126906391867876	-4.54097819798285
505	0.504	0.251920485285741	-4.35156475940604
506	0.505	0.314427532041129	-4.06839075074261
507	0.506	0.408188102232444	-3.70708293360582
508	0.507	0.501948672493813	-3.25201454624269
509	0.508	0.626962766284951	-2.68755882685331
510	0.509	0.751976860201441	-1.99808901361011
511	0.51	0.76760362194984	-1.23829877253447
512	0.511	0.939498001312232	-0.384747960903436
513	0.512	0.961015319829256	-0.384747960903436
514	0.513	1.10165617590259	0.646587786962488
515	0.514	1.17978998490175	1.78731086736466
516	0.515	1.21104350851535	2.98272761407321
517	0.516	1.30480407940404	4.2406514080329
518	0.517	1.32043084122582	5.55326886834783
519	0.518	1.38293788853293	6.9049532332272
520	0.519	1.46107169771192	8.32695802634963
521	0.52	1.4298181740343	9.77240296222273
522	0.521	1.55483226879299	11.2647281836364
523	0.522	1.52357874509126	12.8039336905785
524	0.523	1.52357874509126	14.3275124356698
525	0.524	1.53920550694112	15.858904561686
526	0.525	1.53920550694112	17.3981100686271
527	0.526	1.52357874509126	18.9295021946433
528	0.527	1.52357874509126	20.4530809397345
529	0.528	1.5079519832434	21.9688463039018
530	0.529	1.49232522139757	23.4689849062223
531	0.53	1.36731112670315	24.8988030802727
532	0.531	1.41419141219851	26.2895543497235
533	0.532	1.35168436487537	27.6724922382604
534	0.533	1.21104350851535	28.9538561749558
535	0.534	1.19541674670755	30.1570863025673
536	0.535	1.10165617590259	31.3056227638723
537	0.536	1.08602941410873	32.399465558878
538	0.537	1.00789560516919	33.4464280685169
539	0.538	0.914135034507142	34.4074433883551
540	0.539	0.882881510968952	35.3059516610932
541	0.54	0.820374463916263	36.1575796485358
542	0.541	0.71098713164992	36.9232604463189
543	0.542	0.695360369905452	37.6264341970965
544	0.543	0.664106846422409	38.3061678052605
545	0.544	0.55471951429352	38.9155809856184
546	0.545	0.539092752568653	39.4624871190495
547	0.546	0.429705420549271	39.9468862056085
548	0.547	0.335944850322953	40.3297113410446
549	0.548	0.273437803544284	40.6344026679782
550	0.549	0.210930756796649	40.8765869481487
551	0.55	0.132796948405657	41.0484508007498
552	0.551	0.0546631400629504	41.1421808449841
553	0.552	-0.0703509531852288	41.134336938423
554	0.553	-0.164111523040714	41.01710570031
555	0.554	-0.2891256160742	40.7904871307526
556	0.555	-0.320379139313484	40.4857347530587
557	0.556	-0.414139708985643	40.1184753289092
558	0.557	-0.539153801775507	39.6418285735286
559	0.558	-0.67979465601936	39.0323543446312
560	0.559	-0.726674940733362	38.3291195462548
561	0.56	-0.836062271666889	37.5477509400547
562	0.561	-0.945449602508533	36.656995002967
563	0.562	-1.02358341019648	35.6724784966145
564	0.563	-1.10171721783782	34.6098281825973
565	0.564	-1.16422426391742	33.4768574417197
566	0.565	-1.27361159448528	32.2579395125183
567	0.566	-1.35174540197824	30.9452610142866
568	0.567	-1.33611864048335	29.6013289930558
569	0.568	-1.47675949387108	28.1948899258786
570	0.569	-1.49238625534941	26.7103170512683
571	0.57	-1.57052006271349	25.1788638922369
572	0.571	-1.55489330124434	23.616157210258
573	0.572	-1.60177358564629	22.0378237668126
574	0.573	-1.60177358564629	20.4360501811664
575	0.574	-1.64865387003176	18.8108364533273
576	0.575	-1.63302710857177	17.1699959640256
577	0.576	-1.64865387003176	15.5291554747238
578	0.577	-1.61740034710994	13.8961283661529
579	0.578	-1.58614682418081	12.2943547805076
580	0.579	-1.57052006271349	10.7160213370604
581	0.58	-1.55489330124434	9.1533146550815
582	0.581	-1.49238625534941	7.62967487678463
583	0.582	-1.44550597090892	6.16072876365547
584	0.583	-1.38299892496251	4.74647631571975
585	0.584	-1.33611864048335	3.38691753299683
586	0.585	-1.25798483298114	2.08986579626458
587	0.586	-1.16422426391742	0.8787612478153
588	0.587	-1.11734397936051	-0.262022873823665
589	0.588	-1.02358341019648	-1.33248656860216
590	0.589	-0.945449602508533	-2.31700307495467
591	0.59	-0.898569317873345	-3.23901253514561
592	0.591	-0.820435510110589	-4.09851494913758
593	0.592	-0.757928463866621	-4.88769693612618
594	0.593	-0.742301702300932	-5.63781201920996
595	0.594	-0.617287609707641	-6.31760667521424
596	0.595	-0.570407324954032	-6.91145414254508
597	0.596	-0.492273516993526	-7.44279456351886
598	0.597	-0.398512947378371	-7.88818779570481
599	0.598	-0.382886185769198	-8.27888736227859
600	0.599	-0.179738284676589	-8.56019959750149
601	0.6	-0.195365046310552	-8.74775126299506
602	0.601	-0.0547241915359346	-8.8727958819183
603	0.602	0.00778285508045652	-8.89626655014604
604	0.603	0.117170186733256	-8.83379002923918
605	0.604	0.242184280166591	-8.65411279578926
606	0.605	0.320318088625373	-8.37286161139328
607	0.606	0.382825135427355	-8.02128999936691
608	0.607	0.52346599084574	-7.56814443623036
609	0.608	0.617226561212558	-6.99779816020122
610	0.609	0.742240655144751	-6.31806455202256
611	0.61	0.804747702158021	-5.54457037337118
612	0.611	0.929761796279202	-4.67731562415256
613	0.612	0.992268843387229	-3.71630030431935
614	0.613	1.10165617590259	-2.66933779467444
615	0.614	1.14853646129611	-1.54424147607509
616	0.615	1.27355055576649	-0.333197967543783
617	0.616	1.28917731758427	0.948165969131595
618	0.617	1.36731112670315	2.2764101912753
619	0.618	1.41419141219851	3.66716146072613
620	0.619	1.47669845955374	5.11260639660225
621	0.62	1.47669845955374	6.58930485615599
622	0.621	1.49232522139757	8.07381669663164
623	0.622	1.53920550694112	9.58958206080098
624	0.623	1.52357874509126	11.1209741868172
625	0.624	1.60171255436071	12.6836198365431
626	0.625	1.53920550694112	14.2540788671941
627	0.626	1.55483226879299	15.8010977550611
628	0.627	1.5079519832434	17.3324898810793
629	0.628	1.44544493587211	18.8091883406371
630	0.629	1.47669845955374	20.27026003835
631	0.63	1.39856465036471	21.7078915933092
632	0.631	1.38293788853293	23.098642862758
633	0.632	1.30480407940404	24.4425138467265
634	0.633	1.24229703213693	25.716064402497
635	0.634	1.25792379395071	26.9661748155408
636	0.635	1.13290969949628	28.1615915622643
637	0.636	1.07040265231685	29.2632477381709
638	0.637	1.00789560516919	30.3023968669139
639	0.638	0.882881510968952	31.247785424983
640	0.639	0.882881510968952	32.1306669359519
641	0.64	0.78912094040175	32.9666681616373
642	0.641	0.742240655144751	33.7323489594105
643	0.642	0.695360369905452	34.4511494719356
644	0.643	0.632853322947214	35.115256318362
645	0.644	0.585973037749124	35.7246694987101
646	0.645	0.492212467405777	36.2637622512876
647	0.646	0.445332182260472	36.7325345761207
648	0.647	0.445332182260472	37.1778667583812
649	0.648	0.226557518480651	37.5138116087517
650	0.649	0.257811041854468	37.7559958889193
651	0.65	0.132796948405657	37.9512998840494
652	0.651	0.0234096167393624	38.0294031666219
653	0.652	-0.0390974298847199	38.0215592600492
654	0.653	-0.179738284676589	37.9121414027685
655	0.654	-0.257872092827288	37.6933362140166
656	0.655	-0.320379139313484	37.4042105979462
657	0.656	-0.461019993796064	37.0135110313914
658	0.657	-0.507900278589414	36.5290508951987
659	0.658	-0.664167894444259	35.9430168086819
660	0.659	-0.71104817916391	35.2554087718778
661	0.66	-0.820435510110589	34.4896669272405
662	0.661	-0.914196079420278	33.6223511324751
663	0.662	-1.00795664866263	32.6612747684336
664	0.663	-1.10171721783782	31.6064378351834
665	0.664	-1.19547778694607	30.4578403327915
666	0.665	-1.27361159448528	29.2232956420758
667	0.666	-1.3673721634713	27.9028037630975
668	0.667	-1.38299892496251	26.5276182188806
669	0.668	-1.47675949387108	25.0977390094638
670	0.669	-1.49238625534941	23.6131661348536
671	0.67	-1.50801301682589	22.1129664987659
672	0.671	-1.60177358564629	20.5580731975298
673	0.672	-1.58614682418081	18.9641129926163
674	0.673	-1.63302710857177	17.35452602624
675	0.674	-1.66428063148993	15.7058721562091
676	0.675	-1.63302710857177	14.0572182861783
677	0.676	-1.66428063148993	12.4085644161474
678	0.677	-1.60177358564629	10.7755373075793
679	0.678	-1.63302710857177	9.1581369604703
680	0.679	-1.58614682418081	7.54854999409402
681	0.68	-1.50801301682589	6.00147007359067
682	0.681	-1.50801301682589	4.49345705676477
683	0.682	-1.4142524479394	3.03232432438213
684	0.683	-1.3673721634713	1.64151201867678
685	0.684	-1.28923835598757	0.313206758947348
686	0.685	-1.22673130996731	-0.944778074030095
687	0.686	-1.19547778694607	-2.15588262248679
688	0.687	-1.08609045631328	-3.29666674411647
689	0.688	-1.03921017172848	-4.35931705813734
690	0.689	-0.898569317873345	-5.32820680293826
691	0.69	-0.867315794773864	-6.21114935926186
692	0.691	-0.882942556324541	-7.08627853481106
693	0.692	-0.77355522543043	-7.91452742568855
694	0.693	-0.742301702300932	-8.67245588955423
695	0.694	-0.570407324954032	-9.32881040318171
696	0.695	-0.523527040183407	-9.87577758575043
697	0.696	-0.507900278589414	-10.3914912451368
698	0.697	-0.367259424158124	-10.8290710965106
699	0.698	-0.320379139313484	-11.1728903782464
700	0.699	-0.179738284676589	-11.4229490902414
701	0.7	-0.117231238121597	-11.5714338516405
702	0.701	-0.101604476478059	-11.6808517089404
703	0.702	0.0234096167393624	-11.7199491388097
704	0.703	0.148423710079989	-11.6340324754
705	0.704	0.195303995114582	-11.4621686228028
706	0.705	0.367198373723943	-11.1809174383835
707	0.706	0.460958943973623	-10.7668387795347
708	0.707	0.55471951429352	-10.2589995504011
709	0.708	0.648480084683831	-9.65739975091247
710	0.709	0.757867416895116	-8.95422600012299
711	0.71	0.804747702158021	-8.17291844059642
712	0.711	0.898508272737059	-7.32129045314888
713	0.712	1.00789560516919	-6.36808851419576
714	0.713	1.08602941410873	-5.3211260045568
715	0.714	1.16416322309794	-4.19602968595347
716	0.715	1.22667027032514	-3.00061293924193
717	0.716	1.25792379395071	-1.75831590710401
718	0.717	1.35168436487537	-0.45351182769097
719	0.718	1.41419141219851	0.929426060845967
720	0.719	1.41419141219851	2.34361747304447
721	0.72	1.53920550694112	3.82031593261429
722	0.721	1.49232522139757	5.33608129678363
723	0.722	1.52357874509126	6.84403328002804
724	0.723	1.53920550694112	8.37542540604423
725	0.724	1.55483226879299	9.92244429391128
726	0.725	1.57045903064688	11.4850899436312
727	0.726	1.52357874509126	13.0321088315003
728	0.727	1.52357874509126	14.5556875765915
729	0.728	1.52357874509126	16.0792663216828
730	0.729	1.49232522139757	17.5872183049272
731	0.73	1.4298181740343	19.0482900026431
732	0.731	1.36731112670315	20.4468546530119
733	0.732	1.30480407940404	21.7829122560655
734	0.733	1.30480407940404	23.0877163354695
735	0.734	1.21104350851535	24.3456401294292
736	0.735	1.13290969949628	25.517616733435
737	0.736	1.08602941410873	26.6270862902375
738	0.737	1.00789560516919	27.6740487998765
739	0.738	0.929761796279202	28.6428775006007
740	0.739	0.867254749202819	29.5413857733417
741	0.74	0.804747702158021	30.3773869990221
742	0.741	0.757867416895116	31.1586945585487
743	0.742	0.679733608162949	31.8774950710777
744	0.743	0.601599799479862	32.5181617748991
745	0.744	0.570346276020343	33.1041348126492
746	0.745	0.492212467405777	33.6354141843623
747	0.746	0.382825135427355	34.0729329857788
748	0.747	0.367198373723943	34.4479447403545
749	0.748	0.273437803544284	34.7682628289886
750	0.749	0.132796948405657	34.9713802049636
751	0.75	0.148423710079989	35.1119905342064
752	0.751	0.0234096167393624	35.1979071976161
753	0.752	-0.0547241915359346	35.1822499102178
754	0.753	-0.164111523040714	35.0728320529294
755	0.754	-0.226618569572741	34.8774670066227
756	0.755	-0.367259424158124	34.5805280097573
757	0.756	-0.429766470591015	34.1820150623827
758	0.757	-0.601660848124993	33.6663014030247
759	0.758	-0.648541132867272	33.0412004125286
760	0.759	-0.757928463866621	32.3379656141616
761	0.76	-0.836062271666889	31.5409702463949
762	0.761	-0.945449602508533	30.6502143093072
763	0.762	-0.992329887126902	29.6813245644895
764	0.763	-1.13297074088134	28.6186742504853
765	0.764	-1.21110454845762	27.4466366058159
766	0.765	-1.27361159448528	26.2042785343444
767	0.766	-1.35174540197824	24.8916000361126
768	0.767	-1.4142524479394	23.5086011111538
769	0.768	-1.46113273239092	22.0709085209887
770	0.769	-1.50801301682589	20.5863356463803
771	0.77	-1.57052006271349	19.0470691066106
772	0.771	-1.58614682418081	17.4687356631634
773	0.772	-1.63302710857177	15.8591486967871
774	0.773	-1.63302710857177	14.2261215882154
775	0.774	-1.66428063148993	12.5774677181845
776	0.775	-1.61740034710994	10.9366272288846
777	0.776	-1.61740034710994	9.31922688177463
778	0.777	-1.67990739294627	7.67057301174652
779	0.778	-1.63302710857177	6.01410576098751
780	0.779	-1.61740034710994	4.38889203314665
781	0.78	-1.49238625534941	2.83399873191697
782	0.781	-1.52363977830054	1.325985715092
783	0.782	-1.42987920942508	-0.150773778770813
784	0.783	-1.38299892496251	-1.55721284596461
785	0.784	-1.33611864048335	-2.91677162868753
786	0.785	-1.24235807147515	-4.20600998466678
787	0.786	-1.17985102543267	-5.4171145331207
788	0.787	-1.11734397936051	-6.56571203551729
789	0.788	-1.03921017172848	-7.64398911106178
790	0.789	-0.945449602508533	-8.63631899818029
791	0.79	-0.898569317873345	-9.55832845837123
792	0.791	-0.851689033221314	-10.4334576339186
793	0.792	-0.742301702300932	-11.2304530016797
794	0.793	-0.664167894444259	-11.9336878000523
795	0.794	-0.617287609707641	-12.5744155521282
796	0.795	-0.507900278589414	-13.1370094962767
797	0.796	-0.476646755395743	-13.6292830132693
798	0.797	-0.382886185769198	-14.0590494838518
799	0.798	-0.336005900930268	-14.4184955272015
800	0.799	-0.226618569572741	-14.699807762453
801	0.8	-0.148484761402924	-14.8873594279409
802	0.801	-0.0703509531852288	-14.9967772852349
803	0.802	0.00778285508045652	-15.0280613342873
804	0.803	0.101543425062786	-14.9733981942157
805	0.804	0.210930756796649	-14.817161103286
806	0.805	0.351571612022476	-14.5359099188764
807	0.806	0.429705420549271	-14.1452714025906
808	0.807	0.539092752568653	-13.6608723160316
809	0.808	0.632853322947214	-13.0748992782737
810	0.809	0.742240655144751	-12.3873522892277
811	0.81	0.820374463916263	-11.6060447296972
812	0.811	0.898508272737059	-10.7466033613705
813	0.812	0.976642081607253	-9.80902818419835
814	0.813	1.08602941410873	-8.77769243634036
815	0.814	1.13290969949628	-7.66822287953786
816	0.815	1.24229703213693	-6.48061951372125
817	0.816	1.32043084122582	-5.19925557703988
818	0.817	1.35168436487537	-3.86319797398929
819	0.818	1.41419141219851	-2.48026008545235
820	0.819	1.49232522139757	-1.02700176865432
821	0.82	1.53920550694112	0.488763595515026
822	0.821	1.53920550694112	2.02796910245614
823	0.822	1.60171255436071	3.59842813310706
824	0.823	1.58608579250279	5.19232730653881
825	0.824	1.55483226879299	6.7627863371867
826	0.825	1.57045903064688	8.32543198690664
827	0.826	1.53920550694112	9.88026425570064
828	0.827	1.57045903064688	11.4350965244946
829	0.828	1.55483226879299	12.9977421742146
830	0.829	1.4298181740343	14.4900673956282
831	0.83	1.41419141219851	15.9120721887446
832	0.831	1.36731112670315	17.3028234581955
833	0.832	1.33605760304959	18.6545078230718
834	0.833	1.27355055576649	19.9593119024799
835	0.834	1.14853646129611	21.1703554110112
836	0.835	1.13290969949628	22.3110784914074
837	0.836	1.05477589052696	23.404921286419
838	0.837	1.02352236695313	24.444070415159
839	0.838	0.898508272737059	25.4050857350041
840	0.839	0.867254749202819	26.2879672459741
841	0.84	0.820374463916263	27.1317818525336
842	0.841	0.71098713164992	27.8974626503167
843	0.842	0.71098713164992	28.6084497819666
844	0.843	0.632853322947214	29.2803700092652
845	0.844	0.570346276020343	29.881969808749
846	0.845	0.507839229124782	30.4210625613215
847	0.846	0.414078658840018	30.8820215053039
848	0.847	0.335944850322953	31.2570332598854
849	0.848	0.304691326929736	31.5773513485118
850	0.849	0.148423710079989	31.8039088670166
851	0.85	0.226557518480651	31.9913994812969
852	0.851	0.0702899017276343	32.1398231914011
853	0.852	-0.0547241915359346	32.1476060464969
854	0.853	-0.132857999763218	32.0538149508474
855	0.854	-0.242245331200969	31.8662632853653
856	0.855	-0.320379139313484	31.584951050108
857	0.856	-0.429766470591015	31.2098782451558
858	0.857	-0.554780563365715	30.7176047281774
859	0.858	-0.6329143712884	30.1237572608504
860	0.859	-0.77355522543043	29.420522462491
861	0.86	-0.836062271666889	28.6157137139423
862	0.861	-0.929822840965341	27.7327711576262
863	0.862	-1.07046369478687	26.7326278897501
864	0.863	-1.11734397936051	25.6387240526764
865	0.864	-1.16422426391742	24.4979399310374
866	0.865	-1.28923835598757	23.2712086210849
867	0.866	-1.3673721634713	21.9429033613555
868	0.867	-1.44550597090892	20.5364642941654
869	0.868	-1.47675949387108	19.0753315617754
870	0.869	-1.57052006271349	17.5516917834831
871	0.87	-1.58614682418081	15.9733583400359
872	0.871	-1.61740034710994	14.3715847543906
873	0.872	-1.64865387003176	12.7385576458197
874	0.873	-1.61740034710994	11.1055305372489
875	0.874	-1.66428063148993	9.46469004794892
876	0.875	-1.63302710857177	7.81603617791808
877	0.876	-1.66428063148993	6.16738230788723
878	0.877	-1.61740034710994	4.52654181858729
879	0.878	-1.60177358564629	2.91695485220917
880	0.879	-1.50801301682589	1.36206155097308
881	0.88	-1.47675949387108	-0.130324704375405
882	0.881	-1.4142524479394	-1.57583067528064
883	0.882	-1.4142524479394	-2.99008312322004
884	0.883	-1.33611864048335	-4.36526866743141
885	0.884	-1.30486511748801	-5.68576054641709
886	0.885	-1.21110454845762	-6.94374537938991
887	0.886	-1.16422426391742	-8.13140978557742
888	0.887	-1.11734397936051	-9.27219390721639
889	0.888	-1.07046369478687	-10.3660977442901
890	0.889	-0.945449602508533	-11.3740543929378
891	0.89	-0.867315794773864	-12.280437091579
892	0.891	-0.836062271666889	-13.1321261247994
893	0.892	-0.836062271666889	-13.9681883964662
894	0.893	-0.71104817916391	-14.7417436218816
895	0.894	-0.664167894444259	-15.4293516586857
896	0.895	-0.554780563365715	-16.0388258875907
897	0.896	-0.507900278589414	-16.5701663085683
898	0.897	-0.429766470591015	-17.0389996831585
899	0.898	-0.367259424158124	-17.4375126305331
900	0.899	-0.273498854451698	-17.757891769838
901	0.9	-0.226618569572741	-18.0079504818502
902	0.901	-0.0859777148326034	-18.1642486240529
903	0.902	0.00778285508045652	-18.2033460539289
904	0.903	0.148423710079989	-18.1252427713487
905	0.904	0.195303995114582	-17.9533789187514
906	0.905	0.335944850322953	-17.6877544960327
907	0.906	0.414078658840018	-17.3127427414512
908	0.907	0.585973037749124	-16.8127168931566
909	0.908	0.664106846422409	-16.1876769510708
910	0.909	0.726613893396352	-15.4923165811615
911	0.91	0.836001225676476	-14.7110090216251
912	0.911	0.929761796279202	-13.8281275106472
913	0.912	0.992268843387229	-12.867112190814
914	0.913	1.08602941410873	-11.827963062066
915	0.914	1.17978998490175	-10.6950533625608
916	0.915	1.25792379395071	-9.47619647313455
917	0.916	1.30480407940404	-8.19483253645718
918	0.917	1.33605760304959	-6.87440169523036
919	0.918	1.39856465036471	-5.50709056852321
920	0.919	1.4298181740343	-4.0928991563237
921	0.92	1.47669845955374	-2.63964083952968
922	0.921	1.52357874509126	-1.13950223720718
923	0.922	1.52357874509126	0.384076507884071
924	0.923	1.57045903064688	1.93109539575314
925	0.924	1.52357874509126	3.47811428362221
926	0.925	1.52357874509126	5.00169302871347
927	0.926	1.53920550694112	6.53308515472965
928	0.927	1.5079519832434	8.05666389982192
929	0.928	1.5079519832434	9.56461588306532
930	0.929	1.39856465036471	11.0178741998694
931	0.93	1.41419141219851	12.424252231151
932	0.931	1.36731112670315	13.8150035006018
933	0.932	1.33605760304959	15.1666878654782
934	0.933	1.28917731758427	16.4793053257951
935	0.934	1.16416322309794	17.7059755961362
936	0.935	1.14853646129611	18.8623254383332
937	0.936	1.11728293769844	19.9952351378305
938	0.937	0.976642081607253	21.0421976474834
939	0.938	0.961015319829256	22.0110263482016
940	0.939	0.851627987438661	22.9173480018356
941	0.94	0.78912094040175	23.7377224657558
942	0.941	0.757867416895116	24.5112166444042
943	0.942	0.679733608162949	25.2300171569333
944	0.943	0.648480084683831	25.8941240033566
945	0.944	0.539092752568653	26.4879104219829
946	0.945	0.492212467405777	27.0035630319701
947	0.946	0.429705420549271	27.4645219759476
948	0.947	0.367198373723943	27.8629738730842
949	0.948	0.273437803544284	28.1832919617183
950	0.949	0.210930756796649	28.4254762418888
951	0.95	0.132796948405657	28.59734009449
952	0.951	0.0546631400629504	28.6910701387243
953	0.952	-0.0547241915359346	28.6910396129878
954	0.953	-0.101604476478059	28.6128752789808
955	0.954	-0.257872092827288	28.4331369943281
956	0.955	-0.304752377694795	28.1518247590671
957	0.956	-0.445393232194489	27.7767519541224
958	0.957	-0.554780563365715	27.2766650563423
959	0.958	-0.6329143712884	26.6828175890153
960	0.959	-0.77355522543043	25.9795827906559
961	0.96	-0.804808748552414	25.1904008036644
962	0.961	-0.898569317873345	24.3387117704515
963	0.962	-1.05483693325861	23.3620086448856
964	0.963	-1.07046369478687	22.2993583308628
965	0.964	-1.21110454845762	21.1585742092406
966	0.965	-1.22673130996731	19.9396562800281
967	0.966	-1.27361159448528	18.6894848278018
968	0.967	-1.4142524479394	17.3455528065895
969	0.968	-1.39862568645187	15.9391137393938
970	0.969	-1.52363977830054	14.4779810070176
971	0.97	-1.55489330124434	12.9387144672452
972	0.971	-1.53926653977336	11.3916345467363
973	0.972	-1.64865387003176	9.79767434183378
974	0.973	-1.61740034710994	8.16464723326293
975	0.974	-1.66428063148993	6.52380674396299
976	0.975	-1.66428063148993	4.85952611247307
977	0.976	-1.64865387003176	3.20305886171222
978	0.977	-1.63302710857177	1.56221837241046
979	0.978	-1.60177358564629	-0.0551819746985737
980	0.979	-1.58614682418081	-1.64914217961212
981	0.98	-1.53926653977336	-3.2118488615892
982	0.981	-1.44550597090892	-4.70423511693035
983	0.982	-1.4142524479394	-6.1341143263545
984	0.983	-1.38299892496251	-7.53274001280545
985	0.984	-1.3204918789866	-8.88448541478001
986	0.985	-1.27361159448528	-10.181537151516
987	0.986	-1.14859750240031	-11.3926416999587
988	0.987	-1.13297074088134	-12.5334258215996
989	0.988	-1.02358341019648	-13.6117028971385
990	0.989	-0.976703125589313	-14.6118461650314
991	0.99	-0.929822840965341	-15.5651091483087
992	0.991	-0.820435510110589	-16.4402383238467
993	0.992	-0.820435510110589	-17.2606738339573
994	0.993	-0.664167894444259	-18.0029755362347
995	0.994	-0.617287609707641	-18.6437032883106
996	0.995	-0.570407324954032	-19.2375507556415
997	0.996	-0.445393232194489	-19.7454510342157
998	0.997	-0.445393232194489	-20.1908442664102
999	0.998	-0.336005900930268	-20.5815438329726
1000	0.999	-0.242245331200969	-20.8706694490382
