No.	时间（s）	Dev1/ai0-1-测振（mm/s）	VH01-V1-Dev1/ai0一次积分（μm）
1	0	1.58623839759369	0
2	0.001	1.61749192131962	1.60186515945665
3	0.002	1.50810458831416	3.16466341427354
4	0.003	1.52373135016603	4.68058138351363
5	0.004	1.52373135016603	6.20431273367967
6	0.005	1.42997077908496	7.68116379830516
7	0.006	1.36746373173775	9.07988105371652
8	0.007	1.32058344624841	10.4239046427096
9	0.008	1.28932992259886	11.7288613271332
10	0.009	1.28932992259886	13.0181912497321
11	0.01	1.22682287532375	14.2762676486934
12	0.011	1.07055525727563	15.4249567149931
13	0.012	1.02367497189999	16.4720718295809
14	0.013	0.976794686542225	17.472306658802
15	0.014	0.929914401202295	18.4256612026743
16	0.015	0.85178059234199	19.3165086994464
17	0.016	0.820527068811699	20.1526625300232
18	0.017	0.695512974769391	20.9106825518138
19	0.018	0.617379166056869	21.5671286222269
20	0.019	0.601752404320253	22.1766944074155
21	0.02	0.492365072218779	22.723753145685
22	0.021	0.461111548778815	23.2004914561838
23	0.022	0.398604501922309	23.6303494815344
24	0.023	0.320470693395514	23.9898870791933
25	0.024	0.304843931695991	24.302544391739
26	0.025	0.273590408302774	24.5917615617384
27	0.026	0.132949553129291	24.7950315424544
28	0.027	0.16420307648762	24.9436078572629
29	0.028	0.00793545977323192	25.0296771253933
30	0.029	-0.132705395105021	24.9672921577274
31	0.03	-0.132705395105021	24.8345867626224
32	0.031	-0.242092726569564	24.6471877017851
33	0.032	-0.367106819557229	24.3425879287217
34	0.033	-0.445240627612604	23.9364142051368
35	0.034	-0.617135005167419	23.4052263887468
36	0.035	-0.757775859360323	22.7177709564829
37	0.036	-0.835909667179375	21.9209281932131
38	0.037	-0.960923759592302	21.0225114798272
39	0.038	-1.03905756728959	20.0225208163863
40	0.039	-1.17969842102727	18.9131428222279
41	0.04	-1.30471251311224	17.6709373551581
42	0.041	-1.28908575160811	16.3740382227979
43	0.042	-1.41409984358947	15.0224454251991
44	0.043	-1.49223365101788	13.5692786778955
45	0.044	-1.50786041249804	12.0692316461375
46	0.045	-1.61724774280777	10.5066775684846
47	0.046	-1.60162098134045	8.89724320641048
48	0.047	-1.63287450427325	7.27999546360363
49	0.048	-1.67975478865872	5.62368081713764
50	0.049	-1.64850126573691	3.95955278993983
51	0.05	-1.69538155011689	2.28761138201293
52	0.051	-1.71100831157323	0.584416451167872
53	0.052	-1.71100831157323	-1.12659186040536
54	0.053	-1.69538155011689	-2.82978679125042
55	0.054	-1.64850126573691	-4.50172819917732
56	0.055	-1.66412802719873	-6.15804284564513
57	0.056	-1.61724774280777	-7.79873073064838
58	0.057	-1.53911393545286	-9.37691156977869
59	0.058	-1.50786041249804	-10.9003987437541
60	0.059	-1.46098012805204	-12.3848190140292
61	0.06	-1.39847308209826	-13.8145456191043
62	0.061	-1.32033927461453	-15.1739517974607
63	0.062	-1.24220546708458	-16.4552241683103
64	0.063	-1.19532518254438	-17.6739894931248
65	0.064	-1.07031109035544	-18.8068076295747
66	0.065	-1.00780404421627	-19.8458651968605
67	0.066	-0.929670236500307	-20.8146023372188
68	0.067	-0.86716319029385	-21.7130190506159
69	0.068	-0.804656144057391	-22.5489287177915
70	0.069	-0.69526881307122	-23.2988911963558
71	0.07	-0.632761766751955	-23.9629064862674
72	0.071	-0.585881481992677	-24.5722281106397
73	0.072	-0.585881481992677	-25.1581095926324
74	0.073	-0.507747674022705	-25.7049241706401
75	0.074	-0.460867389217977	-26.1892317022604
76	0.075	-0.398360342785085	-26.618845568262
77	0.076	-0.210839203303551	-26.9234453413063
78	0.077	-0.257719488199702	-27.1577246870579
79	0.078	-0.023318063546505	-27.298243462931
80	0.079	-0.16395891839018	-27.3918819538994
81	0.08	0.0704425064358248	-27.4386401598765
82	0.081	0.289217169998411	-27.2588103216594
83	0.082	0.257963646609078	-26.9852199133557
84	0.083	0.336097455096981	-26.6881893625026
85	0.084	0.976794686542225	-26.031743291683
86	0.085	1.39871725540734	-24.8439873207083
87	0.086	0.461111548778815	-23.9140729186152
88	0.087	0.382977740213056	-23.4920282741192
89	0.088	1.05492849548176	-22.7730751562718
90	0.089	0.539245357393382	-21.9759882298343
91	0.09	1.19556935169818	-21.1085808752885
92	0.091	1.32058344624841	-19.8505044763152
93	0.092	1.39871725540734	-18.4908541254873
94	0.093	1.33621020807619	-17.1233903937456
95	0.094	1.11743554266915	-15.8965675183729
96	0.095	1.4612243027706	-14.607237595653
97	0.096	1.4612243027706	-13.1460132928824
98	0.097	1.50810458831416	-11.66134884734
99	0.098	1.50810458831416	-10.1532442590259
100	0.099	1.55498487387583	-8.62169952793087
101	0.1	1.55498487387583	-7.06671465405504
102	0.101	1.57061163573375	-5.50391639925025
103	0.102	1.52373135016603	-3.95674490630036
104	0.103	1.53935811201992	-2.42520017520738
105	0.104	1.49247782646429	-0.909282205965274
106	0.105	1.4612243027706	0.567568858652175
107	0.106	1.4612243027706	2.02879316142278
108	0.107	1.41434401724514	3.46657732143065
109	0.108	1.32058344624841	4.83404105317743
110	0.109	1.28932992259886	6.13899773760106
111	0.11	1.19556935169818	7.38144737474958
112	0.111	1.14868906627479	8.55357658373606
113	0.112	1.08618201907148	9.6710121264092
114	0.113	0.976794686542225	10.702500479216
115	0.114	0.914287639426279	11.6480416422003
116	0.115	0.789273545289302	12.4998222345581
117	0.116	0.758020021774789	13.2734690180901
118	0.117	0.679886213022958	13.992422135489
119	0.118	0.5704988808529	14.6176146824269
120	0.119	0.601752404320253	15.2037403250135
121	0.12	0.492365072218779	15.750799063283
122	0.121	0.476738310497821	16.2353507546413
123	0.122	0.382977740213056	16.6652087799968
124	0.123	0.336097455096981	17.0247463776518
125	0.124	0.289217169998411	17.3374036901995
126	0.125	0.211083361539629	17.5875539559685
127	0.126	0.117322791453027	17.7517570324648
128	0.127	0.0860692681062947	17.8534530622445
129	0.128	0.0235622214359889	17.9082688070156
130	0.129	-0.0545715868585453	17.8927641243044
131	0.13	-0.226465964937513	17.7522453484063
132	0.131	-0.304599773078659	17.4867124793982
133	0.132	-0.382733581172109	17.1430458022729
134	0.133	-0.523374435620488	16.6899917938766
135	0.134	-0.601508243580993	16.1275504542758
136	0.135	-0.726522336219538	15.4635351643755
137	0.136	-0.820282905619322	14.6901325434561
138	0.137	-0.94529699804724	13.8073425916228
139	0.138	-1.07031109035544	12.7995385474215
140	0.139	-1.1640716595083	11.6823471724896
141	0.14	-1.24220546708458	10.4792086091932
142	0.141	-1.33596603611497	9.19012285759342
143	0.142	-1.38284632060521	7.83071667923333
144	0.143	-1.50786041249804	6.3853633126817
145	0.144	-1.52348717397637	4.86968951944449
146	0.145	-1.5859942198713	3.31494882252066
147	0.146	-1.60162098134045	1.72114122191478
148	0.147	-1.64850126573691	0.0960800983761017
149	0.148	-1.67975478865872	-1.56804792882171
150	0.149	-1.67975478865872	-3.24780271748044
151	0.15	-1.67975478865872	-4.92755750613916
152	0.151	-1.71100831157323	-6.62293905625514
153	0.152	-1.66412802719873	-8.31050722564112
154	0.153	-1.67975478865872	-9.98244863356984
155	0.154	-1.63287450427325	-11.6387632800358
156	0.155	-1.61724774280777	-13.2638244035763
157	0.156	-1.60162098134045	-14.8732587656504
158	0.157	-1.52348717397637	-16.4358128433089
159	0.158	-1.50786041249804	-17.9514866365461
160	0.159	-1.46098012805204	-19.4359069068211
161	0.16	-1.44535336656636	-20.8890736541303
162	0.161	-1.28908575160811	-22.2562932132175
163	0.162	-1.25783222859428	-23.5297522033187
164	0.163	-1.22657870557304	-24.7719576704024
165	0.164	-1.07031109035544	-25.9204025683666
166	0.165	-1.00780404421627	-26.9594601356525
167	0.166	-0.960923759592302	-27.9438240375568
168	0.167	-0.835909667179375	-28.8422407509426
169	0.168	-0.804656144057391	-29.662523656561
170	0.169	-0.773402620927893	-30.4515530390536
171	0.17	-0.726522336219538	-31.2015155176273
172	0.171	-0.601508243580993	-31.8655308075276
173	0.172	-0.539001197216375	-32.4357855279263
174	0.173	-0.523374435620488	-32.9669733443447
175	0.174	-0.382733581172109	-33.420027352741
176	0.175	-0.288973011454249	-33.7558806490542
177	0.176	-0.351480057940445	-34.0761071837516
178	0.177	-0.242092726569564	-34.3728935760066
179	0.178	-0.10145187181219	-34.5446658751974
180	0.179	-0.0858251101628961	-34.638304366185
181	0.18	0.148576314807489	-34.6069287638627
182	0.181	0.179829838169687	-34.4427256873741
183	0.182	0.289217169998411	-34.20820218329
184	0.183	0.429858025346661	-33.8486645856175
185	0.184	0.492365072218779	-33.3875530368348
186	0.185	0.633005927795447	-32.8248675368277
187	0.186	1.21119611350997	-31.902766516175
188	0.187	0.898660877652241	-30.8478380205939
189	0.188	0.976794686542225	-29.9101102384966
190	0.189	1.05492849548176	-28.8942486474846
191	0.19	1.17994258988839	-27.7768131047996
192	0.191	1.19556935169818	-26.5890571340063
193	0.192	1.30495668442263	-25.3387941159459
194	0.193	1.39871725540734	-23.9869571460309
195	0.194	1.39871725540734	-22.5882398906235
196	0.195	1.42997077908496	-21.1738958733774
197	0.196	1.50810458831416	-19.7048581896778
198	0.197	1.38309049357154	-18.259260648735
199	0.198	1.49247782646429	-16.8214764887171
200	0.199	1.57061163573375	-15.289931757618
201	0.2	1.49247782646429	-13.758387026519
202	0.201	1.52373135016603	-12.2502824382039
203	0.202	1.50810458831416	-10.7343644689638
204	0.203	1.05492849548176	-9.4528479270658
205	0.204	1.55498487387583	-8.147891242387
206	0.205	1.42997077908496	-6.65541341590661
207	0.206	1.38309049357154	-5.24888277957836
208	0.207	1.39871725540734	-3.85797890508892
209	0.208	1.28932992259886	-2.51395531608582
210	0.209	1.24244963713953	-1.24806553621663
211	0.21	1.10180878086932	-0.0759363272121998
212	0.211	1.17994258988839	1.06493935816666
213	0.212	1.10180878086932	2.20581504354551
214	0.213	0.961167924760267	3.23730339636031
215	0.214	0.929914401202295	4.18284455934159
216	0.215	0.804900307049514	5.05025191346749
217	0.216	0.758020021774789	5.83171207787964
218	0.217	0.726766498268154	6.57410533790112
219	0.218	0.617379166056869	7.24617817006363
220	0.219	1.32058344624841	8.21515947621627
221	0.22	1.10180878086932	9.42635558977513
222	0.221	0.367350978505751	10.1609354694627
223	0.222	0.41423126363351	10.5517265905323
224	0.223	0.382977740213056	10.9503310924556
225	0.224	0.289217169998411	11.2864285475613
226	0.225	0.523618595666559	11.6928464303938
227	0.226	0.586125642585597	12.2477185495199
228	0.227	0.289217169998411	12.6853899558119
229	0.228	0.16420307648762	12.9121000790549
230	0.229	-0.0389448252034868	12.974729204697
231	0.23	-0.195212441667675	12.8576505712614
232	0.231	-0.273346249827931	12.6233712255136
233	0.232	-0.398360342785085	12.2875179292071
234	0.233	-0.492120912423026	11.842277301603
235	0.234	-0.632761766751955	11.2798359620155
236	0.235	-0.69526881307122	10.6158206721039
237	0.236	-0.898416713400825	9.81897790886791
238	0.237	-0.960923759592302	8.88930767237135
239	0.238	-1.08593785188557	7.86587686663242
240	0.239	-1.1640716595083	6.74087211093548
241	0.24	-1.24220546708458	5.53773354763904
242	0.241	-1.35159279761356	4.24083441528997
243	0.242	-1.44535336656636	2.84236133320001
244	0.243	-1.46098012805204	1.38919458589081
245	0.244	-1.52348717397637	-0.103039065123393
246	0.245	-1.53911393545286	-1.634339619838
247	0.246	-1.63287450427325	-3.22033383970106
248	0.247	-1.66412802719873	-4.86883510543705
249	0.248	-1.66412802719873	-6.53296313263578
250	0.249	-1.66412802719873	-8.19709115983451
251	0.25	-1.71100831157323	-9.88465932922049
252	0.251	-1.69538155011689	-11.5878542600655
253	0.252	-1.71100831157323	-13.2910491909106
254	0.253	-1.66412802719873	-14.9786173602966
255	0.254	-1.63287450427325	-16.6271186260326
256	0.255	-1.64850126573691	-18.2678065110377
257	0.256	-1.63287450427325	-19.9084943960427
258	0.257	-1.53911393545286	-21.4944886159058
259	0.258	-1.52348717397637	-23.0257891706204
260	0.259	-1.42972660507883	-24.502396060148
261	0.26	-1.35159279761356	-25.8930557614942
262	0.261	-1.30471251311224	-27.2212084168571
263	0.262	-1.22657870557304	-28.4868540261997
264	0.263	-1.14844489798747	-29.67436582798
265	0.264	-1.10156461341384	-30.7993705836806
266	0.265	-1.00780404421627	-31.8540549124957
267	0.266	-0.992177282676818	-32.8540455759422
268	0.267	-0.898416713400825	-33.7993425739811
269	0.268	-0.789029382493582	-34.6430656219283
270	0.269	-0.789029382493582	-35.4320950044219
271	0.27	-0.710895574646321	-36.1820574829918
272	0.271	-0.632761766751955	-36.853886153691
273	0.272	-0.585881481992677	-37.4632077780633
274	0.273	-0.539001197216375	-38.0256491176678
275	0.274	-0.460867389217977	-38.525583410885
276	0.275	-0.382733581172109	-38.94738389608
277	0.276	-0.257719488199702	-39.2676104307659
278	0.277	-0.179585680029885	-39.4862630148807
279	0.278	-0.117078633459565	-39.6345951716254
280	0.279	0.0391889831006728	-39.6735399968049
281	0.28	0.101696029778695	-39.6030974903652
282	0.281	0.242336884917322	-39.4310810330172
283	0.282	0.320470693395514	-39.1496772438608
284	0.283	0.382977740213056	-38.7979530270565
285	0.284	0.554872119122162	-38.3290280973889
286	0.285	0.148576314807489	-37.977303880424
287	0.286	0.758020021774789	-37.5240057121329
288	0.287	0.867407354110098	-36.7112920241905
289	0.288	0.992421448326165	-35.7813776229723
290	0.289	1.05492849548176	-34.7577026510684
291	0.29	1.19556935169818	-33.6324537274784
292	0.291	1.2580763989573	-32.4056308521506
293	0.292	1.35183696990597	-31.100674167719
294	0.293	1.41434401724514	-29.7175836741435
295	0.294	1.33621020807619	-28.3423065614828
296	0.295	1.41434401724514	-26.9670294488221
297	0.296	1.47685106461644	-25.5214319078913
298	0.297	1.53935811201992	-24.0133273195731
299	0.298	1.55498487387583	-22.4661558266253
300	0.299	1.30495668442263	-21.036185047476
301	0.3	1.61749192131962	-19.5749607446049
302	0.301	1.72687925442403	-17.9027751567331
303	0.302	1.88314687331688	-16.0977620928626
304	0.303	1.55498487387583	-14.3786962192663
305	0.304	1.9925342066629	-12.6049366789969
306	0.305	1.38309049357154	-10.9171243288797
307	0.306	1.30495668442263	-9.57310073988261
308	0.307	1.94565392093095	-7.94779543720582
309	0.308	1.49247782646429	-6.22872956350819
310	0.309	1.47685106461644	-4.74406511796782
311	0.31	2.13317506396909	-2.93905205367506
312	0.311	2.68011173285499	-0.532408655263023
313	0.312	1.82063982573537	1.71796712403216
314	0.313	0.101696029778695	2.67913505178919
315	0.314	1.22682287532375	3.34339450434041
316	0.315	0.85178059234199	4.38269623817328
317	0.316	0.19545659985369	4.90631483427112
318	0.317	0.617379166056869	5.3127327172264
319	0.318	1.35183696990597	6.29734078520782
320	0.319	0.211083361539629	7.07880095093062
321	0.32	0.77364678353106	7.57116602346596
322	0.321	0.726766498268154	8.32137266436557
323	0.322	-0.288973011454249	8.54026940777252
324	0.323	0.726766498268154	8.75916615117948
325	0.324	0.382977740213056	9.31403827042008
326	0.325	0.429858025346661	9.72045615319994
327	0.326	0.19545659985369	10.0331134658001
328	0.327	-0.10145187181219	10.0801158298209
329	0.328	0.00793545977323192	10.0333576238014
330	0.329	-0.117078633459565	9.97878603695822
331	0.33	-0.304599773078659	9.76794683368911
332	0.331	-0.507747674022705	9.36177311013843
333	0.332	-0.570254720402469	8.82277191292584
334	0.333	-0.898416713400825	8.08843619602419
335	0.334	-0.429613866005332	7.42442090632111
336	0.335	-0.00769130188759907	7.20576832237465
337	0.336	-0.898416713400825	6.75271431473044
338	0.337	-0.976550521135494	5.81523069746228
339	0.338	-1.05468432882344	4.79961327248281
340	0.339	-1.1640716595083	3.69023527831694
341	0.34	-1.25783222859428	2.47928333426565
342	0.341	-1.36721955911031	1.16675744041336
343	0.342	-1.42972660507883	-0.231715641681215
344	0.343	-1.50786041249804	-1.70050915046965
345	0.344	-1.57036745840032	-3.23962308591884
346	0.345	-1.57036745840032	-4.80999054431916
347	0.346	-1.5859942198713	-6.38817138345497
348	0.347	-1.63287450427325	-7.99760574552725
349	0.348	-1.63287450427325	-9.6304802498005
350	0.349	-1.71100831157323	-11.3024216577237
351	0.35	-1.61724774280777	-12.9665496849142
352	0.351	-1.66412802719873	-14.6072375699175
353	0.352	-1.69538155011689	-16.2869923585753
354	0.353	-1.67975478865872	-17.9745605279631
355	0.354	-1.66412802719873	-19.6465019358918
356	0.355	-1.64850126573691	-21.3028165823597
357	0.356	-1.57036745840032	-22.9122509444283
358	0.357	-1.53911393545286	-24.4669916413549
359	0.358	-1.49223365101788	-25.9826654345902
360	0.359	-1.49223365101788	-27.4748990856081
361	0.36	-1.32033927461453	-28.8811855484243
362	0.361	-1.33596603611497	-30.2093382037891
363	0.362	-1.27345899010212	-31.5140507168976
364	0.363	-1.17969842102727	-32.7406294224623
365	0.364	-1.08593785188557	-33.8734475589187
366	0.365	-1.03905756728959	-34.9359452685063
367	0.366	-0.94529699804724	-35.9281225511747
368	0.367	-0.882789951848275	-36.8421660261225
369	0.368	-0.773402620927893	-37.6702623125105
370	0.369	-0.757775859360323	-38.4358515526547
371	0.37	-0.648388528334602	-39.1389337465021
372	0.371	-0.585881481992677	-39.7560687516658
373	0.372	-0.570254720402469	-40.3341368528633
374	0.373	-0.445240627612604	-40.8418845268709
375	0.374	-0.41398710439616	-41.2714983928752
376	0.375	-0.335853296321756	-41.6464185932342
377	0.376	-0.320226534701161	-41.9744585087457
378	0.377	-0.195212441667675	-42.2321779969301
379	0.378	-0.117078633459565	-42.3883235344937
380	0.379	-0.0389448252034868	-42.4663352638252
381	0.38	0.0860692681062947	-42.4427730423738
382	0.381	0.179829838169687	-42.3098234892358
383	0.382	0.304843931695991	-42.067486604303
384	0.383	0.429858025346661	-41.7001356257817
385	0.384	0.492365072218779	-41.2390240769989
386	0.385	0.648632689535987	-40.6685251961216
387	0.386	0.726766498268154	-39.9808256022195
388	0.387	0.867407354110098	-39.1837386760304
389	0.388	0.976794686542225	-38.2616376557042
390	0.389	1.07055525727563	-37.2379626837953
391	0.39	1.13306230447097	-36.136153902922
392	0.391	1.22682287532375	-34.9562113130246
393	0.392	1.27370316077708	-33.7059482949742
394	0.393	1.35183696990597	-32.3931782296327
395	0.394	1.39871725540734	-31.017901116976
396	0.395	1.44559754092678	-29.595743718809
397	0.396	1.49247782646429	-28.1267060351134
398	0.397	1.49247782646429	-26.6342282086491
399	0.398	1.53935811201992	-25.118310239407
400	0.399	1.50810458831416	-23.59457888924
401	0.4	1.57061163573375	-22.055220777216
402	0.401	1.57061163573375	-20.4846091414823
403	0.402	1.52373135016603	-18.9374376485324
404	0.403	1.55498487387583	-17.3980795365115
405	0.404	1.49247782646429	-15.8743481863414
406	0.405	1.4612243027706	-14.3974971217239
407	0.406	1.57061163573375	-12.8815791524718
408	0.407	1.38309049357154	-11.4047280878191
409	0.408	1.78938630195681	-9.81848969005494
410	0.409	1.33621020807619	-8.25569143503845
411	0.41	1.00804821011209	-7.08356222594431
412	0.411	1.08618201907148	-6.03644711135252
413	0.412	1.05492849548176	-4.9658918540759
414	0.413	-0.0389448252034868	-4.45790001893676
415	0.414	0.804900307049514	-4.07492227801375
416	0.415	0.601752404320253	-3.37159592232887
417	0.416	0.758020021774789	-2.69170970928135
418	0.417	0.617379166056869	-2.00401011536552
419	0.418	0.179829838169687	-1.60540561325224
420	0.419	1.08618201907148	-0.972399684631654
421	0.42	0.5704988808529	-0.144059234669463
422	0.421	0.367350978505751	0.324865695009863
423	0.422	0.539245357393382	0.77816386295943
424	0.423	0.336097455096981	1.21583526920461
425	0.424	0.461111548778815	1.61443977114251
426	0.425	0.351724216800393	2.02085765393211
427	0.426	0.0704425064358248	2.23194101555022
428	0.427	0.0860692681062947	2.31019690282128
429	0.428	0.257963646609078	2.48221336017897
430	0.429	0.00793545977323192	2.61516291337012
431	0.43	0.117322791453027	2.67779203898325
432	0.431	-0.10145187181219	2.68572749880367
433	0.432	-0.789029382493582	2.24048687165079
434	0.433	-0.492120912423026	1.59991172419248
435	0.434	-0.710895574646321	0.998403480657807
436	0.435	-0.288973011454249	0.498469187607522
437	0.436	-0.757775859360323	-0.0249052477997644
438	0.437	-0.47649415082145	-0.642040252890651
439	0.438	-1.27345899010212	-1.51701682335243
440	0.439	-0.492120912423026	-2.39980677461501
441	0.44	-0.773402620927893	-3.03256854129046
442	0.441	-1.03905756728959	-3.93879863539921
443	0.442	-0.16395891839018	-4.54030687823909
444	0.443	-1.49223365101788	-5.36840316294312
445	0.444	-2.47671962071462	-7.35287979880937
446	0.445	1.53935811201992	-7.82156055315672
447	0.446	0.289217169998411	-6.90727291214755
448	0.447	-0.882789951848275	-7.20405930307248
449	0.448	-1.35159279761356	-8.3212506778034
450	0.449	-1.1640716595083	-9.57908290636433
451	0.45	-1.83602240315828	-11.0791299376976
452	0.451	-1.69538155011689	-12.8448319143352
453	0.452	-1.77351535738034	-14.5792803680838
454	0.453	-1.64850126573691	-16.2902886796424
455	0.454	-1.61724774280777	-17.9231631839148
456	0.455	-1.60162098134045	-19.5325975459889
457	0.456	-1.60162098134045	-21.1342185273293
458	0.457	-1.52348717397637	-22.6967726049877
459	0.458	-1.50786041249804	-24.212446398225
460	0.459	-1.46098012805204	-25.6968666685
461	0.46	-1.35159279761356	-27.1031531313328
462	0.461	-1.27345899010212	-28.4156790251906
463	0.462	-1.24220546708458	-29.673511253784
464	0.463	-1.22657870557304	-30.9079033401128
465	0.464	-1.11719137494024	-32.0797883803694
466	0.465	-1.02343080575386	-33.1500994707165
467	0.466	-0.960923759592302	-34.1422767533896
468	0.467	-0.882789951848275	-35.0641336091099
469	0.468	-0.804656144057391	-35.9078566570627
470	0.469	-0.710895574646321	-36.6656325164146
471	0.47	-0.632761766751955	-37.3374611871137
472	0.471	-0.617135005167419	-37.9624095730734
473	0.472	-0.585881481992677	-38.5639178166534
474	0.473	-0.47649415082145	-39.0951056330605
475	0.474	-0.445240627612604	-39.5559730222775
476	0.475	-0.382733581172109	-39.9699601266699
477	0.476	-0.226465964937513	-40.2745598997247
478	0.477	-0.16395891839018	-40.4697723413885
479	0.478	-0.10145187181219	-40.6024777364897
480	0.479	-0.00769130188759907	-40.6570493233396
481	0.48	0.117322791453027	-40.6022335785569
482	0.481	0.211083361539629	-40.4380305020606
483	0.482	0.257963646609078	-40.2035069979862
484	0.483	0.41423126363351	-39.8674095428649
485	0.484	0.476738310497821	-39.4219247557993
486	0.485	0.648632689535987	-38.8592392557823
487	0.486	0.758020021774789	-38.155912900127
488	0.487	0.85178059234199	-37.3510125930686
489	0.488	0.992421448326165	-36.4289115727345
490	0.489	1.03930173368989	-35.4130499817265
491	0.49	1.13306230447097	-34.326867962646
492	0.491	1.2580763989573	-33.1312986109319
493	0.492	1.28932992259886	-31.8575954501538
494	0.493	1.35183696990597	-30.5370120039014
495	0.494	1.36746373173775	-29.1773616530795
496	0.495	1.41434401724514	-27.7864577785881
497	0.496	1.47685106461644	-26.3408602376573
498	0.497	1.52373135016603	-24.8405690302661
499	0.498	1.53935811201992	-23.3090242991731
500	0.499	1.07055525727563	-22.0040676145253
501	0.5	1.17994258988839	-20.8788186909433
502	0.501	1.13306230447097	-19.7223162437636
503	0.502	1.44559754092678	-18.4329863210647
504	0.503	1.55498487387583	-16.9326951136634
505	0.504	1.82063982573537	-15.2448827638578
506	0.505	1.57061163573375	-13.5492570331233
507	0.506	2.94576668723132	-11.2910678716408
508	0.507	2.88325963908843	-8.37655470848088
509	0.508	1.93002715902438	-5.96991130942447
510	0.509	1.38309049357154	-4.31335248312651
511	0.51	0.804900307049514	-3.21935708281598
512	0.511	2.02378773049441	-1.80501306404402
513	0.512	1.41553433681463	-1.80501306404402
514	0.513	0.571689200743433	-0.811401295264991
515	0.514	1.19675967135166	0.0728231407825558
516	0.515	1.41553433681463	1.3789701448657
517	0.516	0.337287775075286	2.25538120081066
518	0.517	1.5874287170968	3.2177394468967
519	0.518	0.993611768057165	4.50825968947368
520	0.519	1.50929490784748	5.759713027426
521	0.52	0.259153966616503	6.64393746465799
522	0.521	1.24363995677505	7.39533442635377
523	0.522	0.524808915574695	8.27955886252865
524	0.523	0.446675106999183	8.76530087381559
525	0.524	0.618569485929774	9.29792317028007
526	0.525	1.07174557697687	10.1430807017334
527	0.526	-0.100261551671684	10.628822714386
528	0.527	0.477928630423536	10.8176562537619
529	0.528	0.196646919884363	11.1549440289159
530	0.529	-0.00650098178167099	11.2500169979672
531	0.53	-0.115888313313306	11.1888223504197
532	0.531	-0.272155929624287	10.9948002289509
533	0.532	-0.381543260928458	10.6679506336745
534	0.533	-0.100261551671684	10.4270482273745
535	0.534	-0.615944684838487	10.0689451091194
536	0.535	-0.678451731142664	9.42174690112881
537	0.536	-0.787839062102501	8.68860150450623
538	0.537	-0.865972869874628	7.86169553851766
539	0.538	-0.975360200676989	6.94102900324185
540	0.539	-1.08474753138791	5.9109751372094
541	0.54	-1.19413486200771	4.77153394051159
542	0.541	-1.25664190803537	3.54614555549005
543	0.542	-1.35040247702139	2.24262336296168
544	0.543	-1.41290952297517	0.860967362963402
545	0.544	-1.41290952297517	-0.551942160011763
546	0.545	-1.55355037626358	-2.03517210963114
547	0.546	-1.56917713773089	-3.59653586662837
548	0.547	-1.64731094504002	-5.20477990801383
549	0.548	-1.61605742212185	-6.83646409159476
550	0.549	-1.64731094504002	-8.46814827517569
551	0.55	-1.63168418358185	-10.1076458394866
552	0.551	-1.63168418358185	-11.7393300230685
553	0.552	-1.66293770649636	-13.3866409681076
554	0.553	-1.64731094504002	-15.0417652938758
555	0.554	-1.61605742212185	-16.6734494774567
556	0.555	-1.55355037626358	-18.2582533766494
557	0.556	-1.52229685332345	-19.7961769914429
558	0.557	-1.55355037626358	-21.3341006062364
559	0.558	-1.42853628445901	-22.8251439365977
560	0.559	-1.38165600000196	-24.2302400788282
561	0.56	-1.35040247702139	-25.5962693173399
562	0.561	-1.2097616235174	-26.8763513676093
563	0.562	-1.16288133898276	-28.0626728488594
564	0.563	-1.11600105443142	-29.2021140455665
565	0.564	-1.02224048527856	-30.2712348154214
566	0.565	-0.9597334391394	-31.2622217776304
567	0.566	-0.897226392970365	-32.1907016936853
568	0.567	-0.881599631423432	-33.0801147058822
569	0.568	-0.756585538980517	-33.8992072910842
570	0.569	-0.725332015851019	-34.6401660685
571	0.57	-0.647198207994346	-35.3264311804226
572	0.571	-0.631571446417359	-35.9658160076285
573	0.572	-0.506557353733495	-36.5348804077039
574	0.573	-0.475303830543613	-37.0258109998425
575	0.574	-0.39717002253573	-37.4620479263821
576	0.575	-0.381543260928458	-37.8514045681142
577	0.576	-0.240902406377375	-38.1626274017672
578	0.577	-0.178395359860639	-38.3722762848862
579	0.578	-0.115888313313306	-38.5194181214731
580	0.579	0.0560060648501062	-38.5493592457047
581	0.58	0.0403793031892752	-38.501166561685
582	0.581	0.181020158206166	-38.3904668309873
583	0.582	0.321661013379648	-38.1391262451944
584	0.583	0.493555392138637	-37.7315180424353
585	0.584	0.602942724199036	-37.1832689842664
586	0.585	0.696703294612862	-36.5334459748605
587	0.586	0.727956818099833	-35.8211159185041
588	0.587	0.806090626851663	-35.0540921960284
589	0.588	0.946731482729115	-34.177681141238
590	0.589	0.602942724199036	-33.4028440377739
591	0.59	0.790463865097362	-32.7061407431257
592	0.591	1.2905202422164	-31.6656486894688
593	0.592	1.08737233876676	-30.4767023989773
594	0.593	1.82183014514745	-29.0221011570202
595	0.594	1.22801319496526	-27.4971794869638
596	0.595	1.5874287170968	-26.0894585309328
597	0.596	1.57180195524291	-24.5098431947629
598	0.597	1.55617519339103	-22.9458546204459
599	0.598	1.61868224081062	-21.3584259033451
600	0.599	1.6030554789527	-19.7475570434635
601	0.6	1.55617519339103	-18.1679417072916
602	0.601	1.5874287170968	-16.5961397520477
603	0.602	1.57180195524291	-15.0165244158778
604	0.603	1.54054843154117	-13.4603492224858
605	0.604	1.57180195524291	-11.9041740290937
606	0.605	1.46241462232202	-10.3870657403113
607	0.606	1.44678786048422	-8.93246449890817
608	0.607	1.38428081315306	-7.51693016208953
609	0.608	1.32177376585395	-6.16390287258602
610	0.609	1.27489348040062	-4.86556924945873
611	0.61	1.21238643315746	-3.62192929267969
612	0.611	1.18113290954785	-2.42516962132703
613	0.612	1.07174557697687	-1.29873037806467
614	0.613	1.0248652916191	-0.25042494376669
615	0.614	0.946731482729115	0.735373443407417
616	0.615	0.852970912126389	1.63522464083517
617	0.616	0.821717388607934	2.47256879120233
618	0.617	0.743583579846265	3.25521927542943
619	0.618	0.649823009397127	3.95192257005113
620	0.619	0.602942724199036	4.57830543684921
621	0.62	0.540435677295653	5.14999463759655
622	0.621	0.540435677295653	5.69043031489221
623	0.622	0.399794821877268	6.16054556447867
624	0.623	0.384168060173856	6.55252700550423
625	0.624	0.321661013379648	6.90544154228098
626	0.625	0.259153966616503	7.19584903227906
627	0.626	0.181020158206166	7.41593609469039
628	0.627	0.118513111512699	7.56570272954982
629	0.628	0.0403793031892752	7.64514893690081
630	0.629	-0.00650098178167099	7.66208809760461
631	0.63	-0.0846347900281464	7.61652021169971
632	0.631	-0.178395359860639	7.48500513675531
633	0.632	-0.365916499319285	7.21284920716535
634	0.633	-0.381543260928458	6.83911932704148
635	0.634	-0.522184115325595	6.38725563891445
636	0.635	-0.662824969569447	5.79475109646693
637	0.636	-0.740958777416708	5.09285922297386
638	0.637	-0.865972869874628	4.28939339932819
639	0.638	-1.00661372374657	3.35310010251759
640	0.639	-1.11600105443142	2.29179271342859
641	0.64	-1.2097616235174	1.12891137445418
642	0.641	-1.33477571552833	-0.143357295068688
643	0.642	-1.38165600000196	-1.50157315283383
644	0.643	-1.42853628445901	-2.90666929506432
645	0.644	-1.42853628445901	-4.33520557952332
646	0.645	-1.52229685332345	-5.81062214841455
647	0.646	-1.56917713773089	-7.35635914394172
648	0.647	-1.61605742212185	-8.9489764238681
649	0.648	-1.61605742212185	-10.5650338459899
650	0.649	-1.61605742212185	-12.1810912681118
651	0.65	-1.63168418358185	-13.8049620709637
652	0.651	-1.61605742212185	-15.4288328738155
653	0.652	-1.61605742212185	-17.0448902959374
654	0.653	-1.63168418358185	-18.6687610987892
655	0.654	-1.60043066066003	-20.2848185209102
656	0.655	-1.60043066066003	-21.8852491815702
657	0.656	-1.55355037626358	-23.462239700032
658	0.657	-1.52229685332345	-25.0001633148255
659	0.658	-1.45978980742117	-26.4912066451978
660	0.659	-1.38165600000196	-27.9119295489094
661	0.66	-1.33477571552833	-29.2701454066745
662	0.661	-1.27226866953766	-30.5736675992075
663	0.662	-1.2097616235174	-31.814682745735
664	0.663	-1.11600105443142	-32.9775640847095
665	0.664	-0.975360200676989	-34.0232447122637
666	0.665	-0.990986962212712	-35.0064182937085
667	0.666	-0.881599631423432	-35.9427115905266
668	0.667	-0.772212300542448	-36.7696175565095
669	0.668	-0.772212300542448	-37.541829857052
670	0.669	-0.662824969569447	-38.2593484921079
671	0.67	-0.631571446417359	-38.9065467001013
672	0.671	-0.600317923257728	-39.5224913849389
673	0.672	-0.522184115325595	-40.0837424042305
674	0.673	-0.459677068945831	-40.5746729963662
675	0.674	-0.365916499319285	-40.9874697804988
676	0.675	-0.381543260928458	-41.3611996606227
677	0.676	-0.272155929624287	-41.6880492558991
678	0.677	-0.209648883122828	-41.9289516622726
679	0.678	-0.115888313313306	-42.0917202604907
680	0.679	0.0403793031892752	-42.1294747655527
681	0.68	0.118513111512699	-42.0500285582017
682	0.681	0.227900443246561	-41.8768217808221
683	0.682	0.321661013379648	-41.602041052509
684	0.683	0.431048345289931	-41.2256863731742
685	0.684	0.571689200743433	-40.7243176001575
686	0.685	0.696703294612862	-40.0901213524793
687	0.686	0.837344150366176	-39.3230976299898
688	0.687	0.915477959186972	-38.4466865752133
689	0.688	0.977985006279169	-37.4999550924802
690	0.689	1.08737233876676	-36.4672764199572
691	0.69	1.21238643315746	-35.3173970339951
692	0.691	1.24363995677505	-34.0893838390288
693	0.692	1.36865405132528	-32.7832368349787
694	0.693	1.38428081315306	-31.4067694027395
695	0.694	1.41553433681463	-30.0068618277557
696	0.695	1.47804138416183	-28.5600739672674
697	0.696	1.50929490784748	-27.0664058212628
698	0.697	1.57180195524291	-25.5258573897176
699	0.698	1.6030554789527	-23.9384286726198
700	0.699	1.57180195524291	-22.350999955522
701	0.7	1.6030554789527	-20.7635712384242
702	0.701	1.6030554789527	-19.1605157594715
703	0.702	1.6030554789527	-17.5574602805188
704	0.703	1.55617519339103	-15.9778449443469
705	0.704	1.54054843154117	-14.4294831318808
706	0.705	1.49366814600365	-12.9123748431084
707	0.706	1.47804138416183	-11.4265200780256
708	0.707	1.36865405132528	-10.0031723602821
709	0.708	1.3530272894995	-8.6423316898697
710	0.709	1.32177376585395	-7.30493116219297
711	0.71	1.21238643315746	-6.03785106268726
712	0.711	1.07174557697687	-4.8957850576201
713	0.712	1.10299910055864	-3.80841271885234
714	0.713	0.946731482729115	-2.78354742720846
715	0.714	0.931104720957055	-1.84462932536538
716	0.715	0.868597673888574	-0.944778127942564
717	0.716	0.790463865097362	-0.115247358449596
718	0.717	0.759210341594663	0.659589744896417
719	0.718	0.743583579846265	1.41098670561688
720	0.719	0.634196247662471	2.09987661937125
721	0.72	0.571689200743433	2.7028193435742
722	0.721	0.50918215385569	3.24325502087376
723	0.722	0.446675106999183	3.7211836513012
724	0.723	0.446675106999183	4.16785875830038
725	0.724	0.368541298472388	4.57546696103617
726	0.725	0.243527204930564	4.88150121273765
727	0.726	0.227900443246561	5.11721503682621
728	0.727	0.165393396529901	5.31386195671444
729	0.728	0.0403793031892752	5.41674830657403
730	0.729	-0.0533812667353161	5.41024732480101
731	0.73	-0.100261551671684	5.33342591559751
732	0.731	-0.240902406377375	5.16284393657298
733	0.732	-0.365916499319285	4.85943448372465
734	0.733	-0.459677068945831	4.44663769959209
735	0.734	-0.553437638504119	3.94008034586711
736	0.735	-0.662824969569447	3.33194904183033
737	0.736	-0.756585538980517	2.62224378755535
738	0.737	-0.881599631423432	1.80315120235338
739	0.738	-0.975360200676989	0.874671286303165
740	0.739	-1.11600105443142	-0.171009341251042
741	0.74	-1.22538838502524	-1.34170406097938
742	0.741	-1.2878954310381	-2.59834596901105
743	0.742	-1.41290952297517	-3.94874844601768
744	0.743	-1.45978980742117	-5.38509811121584
745	0.744	-1.42853628445901	-6.82926115715593
746	0.745	-1.55355037626358	-8.32030448751722
747	0.746	-1.56917713773089	-9.88166824451446
748	0.747	-1.60043066066003	-11.4664721437099
749	0.748	-1.61605742212185	-13.0747161851009
750	0.749	-1.64731094504002	-14.7064003686818
751	0.75	-1.66293770649636	-16.36152469445
752	0.751	-1.63168418358185	-18.0088356394891
753	0.752	-1.64731094504002	-19.6483332038
754	0.753	-1.66293770649636	-21.3034575295682
755	0.754	-1.60043066066003	-22.9351417131464
756	0.755	-1.50667009185063	-24.4886920894017
757	0.756	-1.53792361479443	-26.0109889427243
758	0.757	-1.44416304594101	-27.502032273092
759	0.758	-1.45978980742117	-28.9540086997731
760	0.759	-1.39728276148948	-30.3825449842284
761	0.76	-1.31914895403343	-31.7407608419898
762	0.761	-1.27226866953766	-33.0364696537754
763	0.762	-1.19413486200771	-34.2696714195481
764	0.763	-1.14725457746751	-35.4403661392857
765	0.764	-0.990986962212712	-36.5094869091258
766	0.765	-0.944106677599944	-37.4770337290321
767	0.766	-0.850346108323951	-38.3742601219941
768	0.767	-0.819092585216976	-39.2089794687645
769	0.768	-0.709705254283449	-39.9733783885148
770	0.769	-0.662824969569447	-40.6596435004412
771	0.77	-0.600317923257728	-41.2912149468548
772	0.771	-0.584691161675081	-41.8837194893212
773	0.772	-0.490930592139501	-42.4215303662285
774	0.773	-0.428423545744576	-42.8812074351705
775	0.774	-0.365916499319285	-43.2783774577024
776	0.775	-0.303409452863571	-43.6130404337939
777	0.776	-0.303409452863571	-43.9164498866574
778	0.777	-0.147141836590801	-44.1417255313846
779	0.778	-0.0690080283826906	-44.2498004638714
780	0.779	0.00912577987338752	-44.279741588126
781	0.78	0.118513111512699	-44.215922142433
782	0.781	0.212273681564495	-44.0505287458944
783	0.782	0.337287775075286	-43.7757480175745
784	0.783	0.462301868710385	-43.3759531956817
785	0.784	0.602942724199036	-42.8433308992269
786	0.785	0.681076532872322	-42.2013212706913
787	0.786	0.790463865097362	-41.4655510717064
788	0.787	0.931104720957055	-40.6047667786792
789	0.788	0.993611768057165	-39.6424085341721
790	0.789	1.13425262414836	-38.5784763380693
791	0.79	1.13425262414836	-37.444223713921
792	0.791	1.27489348040062	-36.2396506616465
793	0.792	1.38428081315306	-34.9100635148697
794	0.793	1.43116109864842	-33.5023425589689
795	0.794	1.43116109864842	-32.0711814603205
796	0.795	1.49366814600365	-30.6087668379945
797	0.796	1.54054843154117	-29.0916585492221
798	0.797	1.55617519339103	-27.543296736756
799	0.798	1.55617519339103	-25.9871215433649
800	0.799	1.55617519339103	-24.4309463499739
801	0.8	1.5874287170968	-22.85914439473
802	0.801	1.6030554789527	-21.2639022967052
803	0.802	1.57180195524291	-19.6764735796074
804	0.803	1.57180195524291	-18.1046716243645
805	0.804	1.55617519339103	-16.5406830500475
806	0.805	1.54054843154117	-14.9923212375814
807	0.806	1.44678786048422	-13.4986530915688
808	0.807	1.44678786048422	-12.0518652310845
809	0.808	1.32177376585395	-10.6675844179155
810	0.809	1.30614700403418	-9.35362403297139
811	0.81	1.25926671858684	-8.07091717166088
812	0.811	1.16550614774603	-6.85853073849444
813	0.812	1.1186258623525	-5.71646473344518
814	0.813	0.931104720957055	-4.6915994417904
815	0.814	0.946731482729115	-3.75268133994731
816	0.815	0.806090626851663	-2.87627028515692
817	0.816	0.774837103345029	-2.08580642005858
818	0.817	0.712330056355365	-1.34222284020838
819	0.818	0.602942724199036	-0.68458644993118
820	0.819	0.571689200743433	-0.0972704874599457
821	0.82	0.50918215385569	0.443165189839616
822	0.821	0.493555392138637	0.944533962836779
823	0.822	0.462301868710385	1.42246259326129
824	0.823	0.368541298472388	1.83788417685268
825	0.824	0.290407489994197	2.16735857108597
826	0.825	0.321661013379648	2.47339282277289
827	0.826	0.181020158206166	2.7247334085658
828	0.827	0.134139873183169	2.88231342426047
829	0.828	0.0247525415303693	2.96175963161724
830	0.829	-0.00650098178167099	2.97088541149158
831	0.83	-0.240902406377375	2.84718371741206
832	0.831	-0.334662976095235	2.55940102617576
833	0.832	-0.381543260928458	2.20129790766391
834	0.833	-0.490930592139501	1.76506098112993
835	0.834	-0.569064400090544	1.23506348501491
836	0.835	-0.662824969569447	0.619118800184913
837	0.836	-0.850346108323951	-0.137466738761786
838	0.837	-0.897226392970365	-1.01125298940894
839	0.838	-1.02224048527856	-1.97098642853341
840	0.839	-1.1003742929106	-3.03229381762799
841	0.84	-1.19413486200771	-4.17954839508714
842	0.841	-1.24101514653123	-5.39712339935661
843	0.842	-1.33477571552833	-6.68501883038639
844	0.843	-1.41290952297517	-8.05886144963814
845	0.844	-1.44416304594101	-9.48739773409623
846	0.845	-1.50667009185063	-10.962814302992
847	0.846	-1.53792361479443	-12.4851111563146
848	0.847	-1.53792361479443	-14.023034771109
849	0.848	-1.66293770649636	-15.6234654317544
850	0.849	-1.63168418358185	-17.2707763767935
851	0.85	-1.61605742212185	-18.8946471796454
852	0.851	-1.66293770649636	-20.5341447439545
853	0.852	-1.60043066066003	-22.1658289275327
854	0.853	-1.64731094504002	-23.7896997303827
855	0.854	-1.61605742212185	-25.4213839139636
856	0.855	-1.52229685332345	-26.9905610516863
857	0.856	-1.53792361479443	-28.5206712857452
858	0.857	-1.52229685332345	-30.0507815198041
859	0.858	-1.42853628445901	-31.5261980886954
860	0.859	-1.35040247702139	-32.9156674694356
861	0.86	-1.33477571552833	-34.2582565657104
862	0.861	-1.24101514653123	-35.5461519967402
863	0.862	-1.19413486200771	-36.7637270010097
864	0.863	-1.08474753138791	-37.9031681977075
865	0.864	-1.03786724680869	-38.9644755868058
866	0.865	-0.944106677599944	-39.9554625490101
867	0.866	-0.897226392970365	-40.8761290842953
868	0.867	-0.834719346771401	-41.7421019541661
869	0.868	-0.787839062102501	-42.5533811586031
870	0.869	-0.678451731142664	-43.2865265552257
871	0.87	-0.584691161675081	-43.9180980016345
872	0.871	-0.584691161675081	-44.5027891633096
873	0.872	-0.506557353733495	-45.0484134210139
874	0.873	-0.475303830543613	-45.5393440131525
875	0.874	-0.319036214480355	-45.9365140356645
876	0.875	-0.287782691244882	-46.2399234885271
877	0.876	-0.194022121492689	-46.4808258948959
878	0.877	-0.115888313313306	-46.6357811122989
879	0.878	-0.00650098178167099	-46.6969757598463
880	0.879	0.0247525415303693	-46.687849979972
881	0.88	0.134139873183169	-46.6084037726152
882	0.881	0.227900443246561	-46.4273836144004
883	0.882	0.384168060173856	-46.1213493626901
884	0.883	0.462301868710385	-45.698114398248
885	0.884	0.571689200743433	-45.1811188635211
886	0.885	0.712330056355365	-44.5391092349717
887	0.886	0.821717388607934	-43.7720855124901
888	0.887	0.915477959186972	-42.9034878385926
889	0.888	0.993611768057165	-41.9489429749705
890	0.889	1.08737233876676	-40.9084509215586
891	0.89	1.18113290954785	-39.7741982974013
892	0.891	1.25926671858684	-38.5539984833339
893	0.892	1.33740052767573	-37.2556648602026
894	0.893	1.36865405132528	-35.9026375707021
895	0.894	1.44678786048422	-34.4949166147974
896	0.895	1.52492166969332	-33.0090618497086
897	0.896	1.52492166969332	-31.4841401800153
898	0.897	1.54054843154117	-29.9514051293981
899	0.898	1.5874287170968	-28.3874165550791
900	0.899	1.63430900267056	-26.7765476951954
901	0.9	1.57180195524291	-25.1734922162387
902	0.901	1.6030554789527	-23.5860634991409
903	0.902	1.5874287170968	-21.9908214011161
904	0.903	1.55617519339103	-20.4190194458722
905	0.904	1.57180195524291	-18.8550308715552
906	0.905	1.52492166969332	-17.3066690590871
907	0.906	1.44678786048422	-15.8208142939983
908	0.907	1.46241462232202	-14.3662130525952
909	0.908	1.38428081315306	-12.9428653348577
910	0.909	1.30614700403418	-11.5976514262641
911	0.91	1.25926671858684	-10.3149445649536
912	0.911	1.19675967135166	-9.08693136998431
913	0.912	1.13425262414836	-7.9214252222343
914	0.913	0.993611768057165	-6.85749302613154
915	0.914	0.993611768057165	-5.86388125807437
916	0.915	0.868597673888574	-4.93277653710151
917	0.916	0.821717388607934	-4.08761900585325
918	0.917	0.743583579846265	-3.30496852162615
919	0.918	0.634196247662471	-2.61607860787178
920	0.919	0.587315962470256	-2.00532250280542
921	0.92	0.524808915574695	-1.44926006378294
922	0.921	0.477928630423536	-0.947891290783829
923	0.922	0.446675106999183	-0.48558942207247
924	0.923	0.415421583582626	-0.0545410767815654
925	0.924	0.306034251685952	0.306186840852724
926	0.925	0.274780728304381	0.59659433084789
927	0.926	0.212273681564495	0.840121535782328
928	0.927	0.0716328265128632	0.982074789821007
929	0.928	0.0403793031892752	1.03808085467208
930	0.929	-0.0377545050860219	1.0393932537237
931	0.93	-0.147141836590801	0.946945082885292
932	0.931	-0.287782691244882	0.72948281896745
933	0.932	-0.428423545744576	0.371379700472721
934	0.933	-0.459677068945831	-0.0726706068724818
935	0.934	-0.600317923257728	-0.602668102974261
936	0.935	-0.678451731142664	-1.24205293017446
937	0.936	-0.834719346771401	-1.99863846913149
938	0.937	-0.92847991605862	-2.8802381005465
939	0.938	-1.03786724680869	-3.86341168198016
940	0.939	-1.14725457746751	-4.95597259411826
941	0.94	-1.19413486200771	-6.12666731385586
942	0.941	-1.27226866953766	-7.35986907962855
943	0.942	-1.30352219253669	-8.64776451066572
944	0.943	-1.41290952297517	-10.0059803684216
945	0.944	-1.55355037626358	-11.489210318041
946	0.945	-1.53792361479443	-13.03494731357
947	0.946	-1.56917713773089	-14.5884976898327
948	0.947	-1.58480389919638	-16.1654882082963
949	0.948	-1.64731094504002	-17.7815456304145
950	0.949	-1.64731094504002	-19.4288565754545
951	0.95	-1.63168418358185	-21.0683541397655
952	0.951	-1.69419122940356	-22.7312918462582
953	0.952	-1.67856446795087	-24.4176696949354
954	0.953	-1.61605742212185	-26.0649806399717
955	0.954	-1.67856446795087	-27.7122915850081
956	0.955	-1.52229685332345	-29.3127222456453
957	0.956	-1.58480389919638	-30.8662726219052
958	0.957	-1.49104333037598	-32.4041962366914
959	0.958	-1.42853628445901	-33.8639860441088
960	0.959	-1.39728276148948	-35.2768955670831
961	0.96	-1.30352219253669	-36.6272980440962
962	0.961	-1.27226866953766	-37.9151934751334
963	0.962	-1.16288133898276	-39.1327684793936
964	0.963	-1.11600105443142	-40.2722096761007
965	0.964	-1.05349400833696	-41.3569572074848
966	0.965	-0.944106677599944	-42.3557575504533
967	0.966	-0.881599631423432	-43.268610704965
968	0.967	-0.803465823660676	-44.111143432507
969	0.968	-0.740958777416708	-44.8833557330457
970	0.969	-0.709705254283449	-45.6086877488958
971	0.97	-0.631571446417359	-46.2793260992462
972	0.971	-0.600317923257728	-46.8952707840838
973	0.972	-0.537810876915803	-47.4643351841705
974	0.973	-0.444050307346152	-47.9552657763015
975	0.974	-0.428423545744576	-48.3915027028469
976	0.975	-0.319036214480355	-48.7652325829593
977	0.976	-0.272155929624287	-49.0608286550116
978	0.977	-0.194022121492689	-49.2939176805701
979	0.978	-0.100261551671684	-49.4410595171523
980	0.979	-0.00650098178167099	-49.494440783879
981	0.98	0.165393396529901	-49.4149945765049
982	0.981	0.274780728304381	-49.1949075140877
983	0.982	0.384168060173856	-48.8654331198486
984	0.983	0.446675106999183	-48.4500115362621
985	0.984	0.587315962470256	-47.9330160015274
986	0.985	0.712330056355365	-47.2831929921146
987	0.986	0.806090626851663	-46.5239826505111
988	0.987	0.915477959186972	-45.6631983574917
989	0.988	1.0248652916191	-44.6930267320887
990	0.989	1.10299910055864	-43.6290945359998
991	0.99	1.18113290954785	-42.4870285309466
992	0.991	1.24363995677505	-41.2746420977851
993	0.992	1.33740052767573	-39.9841218555597
994	0.993	1.41553433681463	-38.6076544233146
995	0.994	1.46241462232202	-37.1686799437462
996	0.995	1.50929490784748	-35.6828251786615
997	0.996	1.54054843154117	-34.1579035089672
998	0.997	1.57180195524291	-32.6017283155751
999	0.998	1.5874287170968	-31.0221129794053
1000	0.999	1.5874287170968	-29.4346842623085
