No.	时间（s）	Dev1/ai0-1-测振（mm/s）	VH01-V1-Dev1/ai0一次积分（μm）
1	0	-0.68205321105083	0
2	0.001	-0.82269406507444	-0.752373638062635
3	0.002	-0.932081395876801	-1.62976136853826
4	0.003	-1.02584196506318	-2.60872304900825
5	0.004	-1.13522929569597	-3.68925867938782
6	0.005	-1.15085605720752	-4.83230135583957
7	0.006	-1.2602433877365	-6.03785107831158
8	0.007	-1.3540039566893	-7.34497475052448
9	0.008	-1.38525747965882	-8.71460546869853
10	0.009	-1.46339128705044	-10.1389298520532
11	0.01	-1.47901804852326	-11.61013451984
12	0.011	-1.55715185585984	-13.1282194720316
13	0.012	-1.58840537878166	-14.7009980893523
14	0.013	-1.54152509439619	-16.2659633259412
15	0.014	-1.61965890169617	-17.8465553239874
16	0.015	-1.5258983329307	-19.4193339413009
17	0.016	-1.54152509439619	-20.9530456549643
18	0.017	-1.54152509439619	-22.4945707493605
19	0.018	-1.49464480999424	-24.0126557015557
20	0.019	-1.54152509439619	-25.5307406537509
21	0.02	-1.47901804852326	-27.0410122252107
22	0.021	-1.46339128705044	-28.5122168929975
23	0.022	-1.38525747965882	-29.9365412763521
24	0.023	-1.32275043371241	-31.2905452330377
25	0.024	-1.3071236722212	-32.6054822860045
26	0.025	-1.22898986473747	-33.8735390544839
27	0.026	-1.15085605720752	-35.0634620154564
28	0.027	-1.08834901115021	-36.1830645496352
29	0.028	-1.01021520353677	-37.2323466569787
30	0.029	-0.978961680478375	-38.2269350989863
31	0.03	-0.916454634339212	-39.1746432563951
32	0.031	-0.838320826623244	-40.0520309868763
33	0.032	-0.760187018860488	-40.8512849096182
34	0.033	-0.619546164769259	-41.5411515014331
35	0.034	-0.603919403194158	-42.1528842854148
36	0.035	-0.541412356874892	-42.7255501654493
37	0.036	-0.478905310525406	-43.2357089991494
38	0.037	-0.432025025743425	-43.6911741672839
39	0.038	-0.353891217735542	-44.0841322890233
40	0.039	-0.228877124824099	-44.3755164603032
41	0.04	-0.150743316692501	-44.5653266810615
42	0.041	-0.119489793426488	-44.700443236121
43	0.042	0.00552429971416637	-44.7574259829771
44	0.043	0.130538392977735	-44.6893946366312
45	0.044	0.224298963006354	-44.5119759586391
46	0.045	0.34931305648614	-44.2251699488929
47	0.046	0.427446864974044	-43.8367899881628
48	0.047	0.505580673510573	-43.3702762189205
49	0.048	0.599341243818754	-42.8178152602558
50	0.049	0.693101814197315	-42.1715937312478
51	0.05	0.83374266989755	-41.4081714892004
52	0.051	0.92750324045292	-40.5275485340251
53	0.052	1.00563704930334	-39.560978389147
54	0.053	1.16190466715269	-38.477207530919
55	0.054	1.20878495254622	-37.2918627210695
56	0.055	1.31817228520081	-36.028384102196
57	0.056	1.38067933247592	-34.6789582933576
58	0.057	1.41193285612547	-33.2826521990569
59	0.058	1.47443990344861	-31.8394658192699
60	0.059	1.4900666652844	-30.3572125349034
61	0.06	1.56820047449351	-28.8280789650144
62	0.061	1.58382723634136	-27.252065109597
63	0.062	1.55257371264767	-25.6838646351025
64	0.063	1.64633428375289	-24.0844106369022
65	0.064	1.59945399819122	-22.4615164959302
66	0.065	1.63070752189699	-20.8464357358861
67	0.066	1.64633428375289	-19.2079148330611
68	0.067	1.55257371264767	-17.6084608348608
69	0.068	1.59945399819122	-16.0324469794414
70	0.069	1.53694695080384	-14.4642465049439
71	0.07	1.47443990344861	-12.9585530778177
72	0.071	1.47443990344861	-11.484113174369
73	0.072	1.36505257065414	-10.0643669373177
74	0.073	1.34942580883437	-8.70712774757341
75	0.074	1.31817228520081	-7.37332870055583
76	0.075	1.25566523795765	-6.08640993897659
77	0.076	1.19315819074639	-4.86199822462457
78	0.077	1.13065114356695	-3.70009355746791
79	0.078	1.03689057285735	-2.61632269925576
80	0.079	0.990010287529303	-1.60287226906243
81	0.08	0.896249716926577	-0.659742266834487
82	0.081	0.896249716926577	0.23650745009209
83	0.082	0.771235622900021	1.07025012000539
84	0.083	0.72435533767251	1.81804560029165
85	0.084	0.646221528999225	2.50333403362752
86	0.085	0.583714482095841	3.11830203917505
87	0.086	0.505580673510573	3.66294961697826
88	0.087	0.411820103272577	4.12165000536984
89	0.088	0.396193341573054	4.52565672779265
90	0.089	0.318059533104569	4.88278316513146
91	0.09	0.20867220133009	5.14614903234879
92	0.091	0.146165154644347	5.32356771033601
93	0.092	0.0524045846735758	5.42285257999497
94	0.093	0.0211510613653811	5.45963040301445
95	0.094	-0.119489793426488	5.41046103698389
96	0.095	-0.228877124824099	5.2362775778586
97	0.096	-0.244503886444694	4.99958707222421
98	0.097	-0.478905310525406	4.63788247373916
99	0.098	-0.463278548933306	4.1667905440098
100	0.099	-0.588292641617171	3.64100494873456
101	0.1	-0.713306734180329	2.99020526083581
102	0.101	-0.791440541971212	2.23783162276004
103	0.102	-0.932081395876801	1.37607065383603
104	0.103	-1.01021520353677	0.404922354129246
105	0.104	-1.07272224963124	-0.636546372454759
106	0.105	-1.22898986473747	-1.78740242963911
107	0.106	-1.29149691072814	-3.04764581737192
108	0.107	-1.33837719520177	-4.36258287033688
109	0.108	-1.36963071817498	-5.71658682702525
110	0.109	-1.43213776409931	-7.11747106816239
111	0.11	-1.49464480999424	-8.58086235520916
112	0.111	-1.51027157146339	-10.083320545938
113	0.112	-1.58840537878166	-11.6326590210605
114	0.113	-1.55715185585984	-13.2054376383813
115	0.114	-1.5258983329307	-14.7469627327765
116	0.115	-1.57277861732167	-16.2963012079027
117	0.116	-1.55715185585984	-17.8612664444935
118	0.117	-1.57277861732167	-19.4262316810842
119	0.118	-1.5258983329307	-20.9755701562104
120	0.119	-1.46339128705044	-22.470214966201
121	0.12	-1.46339128705044	-23.9336062532514
122	0.121	-1.41651100262098	-25.3735573980871
123	0.122	-1.36963071817498	-26.7666282584851
124	0.123	-1.32275043371241	-28.1128188344288
125	0.124	-1.3071236722212	-29.4277558873956
126	0.125	-1.22898986473747	-30.695812655875
127	0.126	-1.13522929569597	-31.8779222360917
128	0.127	-1.10397577266732	-32.9975247702733
129	0.128	-1.05709548811041	-34.0780604006622
130	0.129	-0.947708157412524	-35.0804622234237
131	0.13	-0.932081395876801	-36.0203570000683
132	0.131	-0.853947588170177	-36.9133714920918
133	0.132	-0.791440541971212	-37.7360655571625
134	0.133	-0.69767997261652	-38.4806258144564
135	0.134	-0.650799687913809	-39.1548656447215
136	0.135	-0.55703911845754	-39.7587850479072
137	0.136	-0.478905310525406	-40.2767572623987
138	0.137	-0.447651787339313	-40.740035811331
139	0.138	-0.322637694519097	-41.1251805522602
140	0.139	-0.260130648063383	-41.4165647235515
141	0.14	-0.16637007832264	-41.6298150867445
142	0.141	-0.0569827468714962	-41.7414914993415
143	0.142	-0.0413559852279582	-41.7906608653913
144	0.143	0.0992848696502944	-41.7616964231801
145	0.144	0.193045439655758	-41.6155312685271
146	0.145	0.286806009730752	-41.3756055438338
147	0.146	0.396193341573054	-41.0341058681819
148	0.147	0.521207435223724	-40.5754054797835
149	0.148	0.614968005543621	-40.0073177593999
150	0.149	0.661848290729963	-39.3689096112631
151	0.15	0.849369431651851	-38.6133007500722
152	0.151	0.880622955166364	-37.7483045566631
153	0.152	0.95875676398716	-36.8286146970863
154	0.153	1.11502438177706	-35.7917241242042
155	0.154	1.17753142894854	-34.6454462188414
156	0.155	1.28691876157524	-33.4132211235795
157	0.156	1.34942580883437	-32.0950488383747
158	0.157	1.34942580883437	-30.7456230295403
159	0.158	1.50569342712221	-29.318063411562
160	0.159	1.4900666652844	-27.8201833653587
161	0.16	1.56820047449351	-26.2910497954698
162	0.161	1.63070752189699	-24.6915957972745
163	0.162	1.56820047449351	-23.0921417990793
164	0.163	1.59945399819122	-21.5083145627369
165	0.164	1.59945399819122	-19.9088605645457
166	0.165	1.6150807600431	-18.3015931854285
167	0.166	1.59945399819122	-16.6943258063114
168	0.167	1.52132018896202	-15.1339387127348
169	0.168	1.56820047449351	-13.589178381007
170	0.169	1.52132018896202	-12.0444180492792
171	0.17	1.44318637978303	-10.5621647649067
172	0.171	1.44318637978303	-9.11897838512369
173	0.172	1.36505257065414	-7.7148589099051
174	0.173	1.38067933247592	-6.34199295834007
175	0.174	1.28691876157524	-5.00819391131449
176	0.175	1.17753142894854	-3.7759688160526
177	0.176	1.17753142894854	-2.59843738710405
178	0.177	1.06814409641929	-1.47559962442014
179	0.178	1.11502438177706	-0.384015385321964
180	0.179	0.990010287529303	0.668501949331216
181	0.18	0.92750324045292	1.62725871332233
182	0.181	0.849369431651851	2.51569504937471
183	0.182	0.73998209941305	3.31037081490716
184	0.183	0.73998209941305	4.05035291432022
185	0.184	0.708728575933932	4.77470825199371
186	0.185	0.599341243818754	5.42874316187005
187	0.186	0.521207435223724	5.98901750139129
188	0.187	0.427446864974044	6.46334465149017
189	0.188	0.380566579875474	6.86735137391493
190	0.189	0.333686294794385	7.22447781124986
191	0.19	0.20867220133009	7.4956570593121
192	0.191	0.224298963006354	7.71214264148032
193	0.192	0.0680313463305575	7.85830779614878
194	0.193	0.0211510613653811	7.90289899999675
195	0.194	-0.103863031790613	7.86154301478413
196	0.195	-0.197623601577187	7.71079969810023
197	0.196	-0.260130648063383	7.48192257327994
198	0.197	-0.400771502545963	7.15147149797527
199	0.198	-0.510158833703931	6.69600632985033
200	0.199	-0.619546164769259	6.13115383061373
201	0.2	-0.72893349574226	5.45691400035797
202	0.201	-0.760187018860488	4.7123537430566
203	0.202	-0.86957434971524	3.89747305876873
204	0.203	-0.994588442008505	2.96539166290686
205	0.204	-1.07272224963124	1.93173631708699
206	0.205	-1.21336310323518	0.788693640653781
207	0.206	-1.21336310323518	-0.4246694625814
208	0.207	-1.36963071817498	-1.71616637328648
209	0.208	-1.36963071817498	-3.08579709146146
210	0.209	-1.43213776409931	-4.4866813325986
211	0.21	-1.49464480999424	-5.95007261964537
212	0.211	-1.47901804852326	-7.43690404890412
213	0.212	-1.57277861732167	-8.96280238182658
214	0.213	-1.57277861732167	-10.5355809991483
215	0.214	-1.54152509439619	-12.0927328550072
216	0.215	-1.60403214023983	-13.6655114723252
217	0.216	-1.49464480999424	-15.2148499474422
218	0.217	-1.60403214023983	-16.7641884225593
219	0.218	-1.51027157146339	-18.3213402784109
220	0.219	-1.49464480999424	-19.8237984691397
221	0.22	-1.47901804852326	-21.3106298983984
222	0.221	-1.40088424114082	-22.7505810432305
223	0.222	-1.40088424114082	-24.1514652843713
224	0.223	-1.33837719520177	-25.5210960025426
225	0.224	-1.2602433877365	-26.8204062940117
226	0.225	-1.24461662623791	-28.0728363009989
227	0.226	-1.10397577266732	-29.2471325004515
228	0.227	-1.13522929569597	-30.3667350346332
229	0.228	-1.01021520353677	-31.4394572842496
230	0.229	-0.994588442008505	-32.4418591070222
231	0.23	-0.900827872799756	-33.3895672644263
232	0.231	-0.791440541971212	-34.2357014718118
233	0.232	-0.775813780416788	-35.0193286330058
234	0.233	-0.68205321105083	-35.7482621287396
235	0.234	-0.619546164769259	-36.3990618166497
236	0.235	-0.572665880038299	-36.9951678390534
237	0.236	-0.494532072115614	-37.5287668151304
238	0.237	-0.432025025743425	-37.9920453640599
239	0.238	-0.33826445612827	-38.3771901049958
240	0.239	-0.213250363201597	-38.6529475146607
241	0.24	-0.119489793426488	-38.8193175929747
242	0.241	-0.0413559852279582	-38.899740482302
243	0.242	-0.0101024619351278	-38.9254697058835
244	0.243	0.114911631313051	-38.8730651211945
245	0.244	0.20867220133009	-38.711273204873
246	0.245	0.27117924804675	-38.4713474801846
247	0.246	0.380566579875474	-38.1454745662234
248	0.247	0.458700388382814	-37.7258410820943
249	0.248	0.599341243818754	-37.1968202659935
250	0.249	0.693101814197315	-36.5505987369855
251	0.25	0.786862384646453	-35.8106166375636
252	0.251	0.896249716926577	-34.9690605867771
253	0.252	0.990010287529303	-34.0259305845491
254	0.253	1.11502438177706	-32.973413249896
255	0.254	1.19315819074639	-31.8193219636342
256	0.255	1.24003847615185	-30.6027236301851
257	0.256	1.38067933247592	-29.2923647258712
258	0.257	1.38067933247592	-27.9116853933953
259	0.258	1.42755961795325	-26.5075659181807
260	0.259	1.53694695080384	-25.0253126338022
261	0.26	1.55257371264767	-23.4805523020764
262	0.261	1.63070752189699	-21.8889116848041
263	0.262	1.6150807600431	-20.2660175438341
264	0.263	1.63070752189699	-18.643123402864
265	0.264	1.63070752189699	-17.012415880967
266	0.265	1.66196104561081	-15.3660815972132
267	0.266	1.63070752189699	-13.7197473134593
268	0.267	1.59945399819122	-12.1046665534152
269	0.268	1.58382723634136	-10.5130259361489
270	0.269	1.55257371264767	-8.94482546165435
271	0.27	1.50569342712221	-7.41569189176941
272	0.271	1.47443990344861	-5.92562522648401
273	0.272	1.38067933247592	-4.49806560852175
274	0.273	1.36505257065414	-3.12519965695672
275	0.274	1.28691876157524	-1.79921399084202
276	0.275	1.14627790535883	-0.582615657374988
277	0.276	1.16190466715269	0.571475628880772
278	0.277	1.08377085820323	1.69431339155873
279	0.278	1.05251733463733	2.76245748797901
280	0.279	0.974383525757244	3.7759079181763
281	0.28	0.896249716926577	4.71122453951821
282	0.281	0.880622955166364	5.59966087556468
283	0.282	0.771235622900021	6.42559016459787
284	0.283	0.661848290729963	7.14213212141286
285	0.284	0.708728575933932	7.82742055474481
286	0.285	0.521207435223724	8.44238856032364
287	0.286	0.474327150090119	8.94015585298056
288	0.287	0.427446864974044	9.39104286051264
289	0.288	0.34931305648614	9.77942282124273
290	0.289	0.302432771416692	10.1052957351941
291	0.29	0.177418677983357	10.3452214598942
292	0.291	0.161791916312887	10.5148267570423
293	0.292	0.0836581079894634	10.6375517691935
294	0.293	-0.0257292235825024	10.6665162113969
295	0.294	-0.0882362701528225	10.6095334645293
296	0.295	-0.16637007832264	10.4822302902916
297	0.296	-0.322637694519097	10.2377264038707
298	0.297	-0.369517979340914	9.89164856694068
299	0.298	-0.494532072115614	9.45962354121242
300	0.299	-0.572665880038299	8.92602456513546
301	0.3	-0.72893349574226	8.27522487724518
302	0.301	-0.791440541971212	7.51503785838844
303	0.302	-0.900827872799756	6.66890365100296
304	0.303	-0.994588442008505	5.72119549359883
305	0.304	-1.07272224963124	4.68754014777896
306	0.305	-1.15085605720752	3.57575099435958
307	0.306	-1.2602433877365	2.37020127188757
308	0.307	-1.33837719520177	1.07089098041843
309	0.308	-1.41651100262098	-0.306553118492943
310	0.309	-1.46339128705044	-1.74650426332866
311	0.31	-1.51027157146339	-3.23333569258557
312	0.311	-1.5258983329307	-4.75142064478262
313	0.312	-1.55715185585984	-6.29294573917789
314	0.313	-1.58840537878166	-7.86572435649865
315	0.314	-1.5258983329307	-9.42287621235483
316	0.315	-1.60403214023983	-10.9878414489401
317	0.316	-1.55715185585984	-12.5684334469899
318	0.317	-1.60403214023983	-14.1490254450398
319	0.318	-1.5258983329307	-15.713990681625
320	0.319	-1.44776452557579	-17.2008221108783
321	0.32	-1.51027157146339	-18.6798401593979
322	0.321	-1.38525747965882	-20.127604684959
323	0.322	-1.40088424114082	-21.5206755453588
324	0.323	-1.33837719520177	-22.8903062635301
325	0.324	-1.24461662623791	-24.1818031742499
326	0.325	-1.19773634173104	-25.4029796582344
327	0.326	-1.10397577266732	-26.5538357154336
328	0.327	-1.08834901115021	-27.6499981073423
329	0.328	-1.02584196506318	-28.707093595449
330	0.329	-0.947708157412524	-29.6938686566869
331	0.33	-0.853947588170177	-30.5946965294782
332	0.331	-0.82269406507444	-31.4330173561005
333	0.332	-0.72893349574226	-32.2088311365089
334	0.333	-0.713306734180329	-32.9299512514702
335	0.334	-0.572665880038299	-33.5729375585795
336	0.335	-0.541412356874892	-34.1299766770361
337	0.336	-0.432025025743425	-34.6166953683453
338	0.337	-0.369517979340914	-35.0174668708874
339	0.338	-0.33826445612827	-35.371358088622
340	0.339	-0.213250363201597	-35.6471154982869
341	0.34	-0.181996839950868	-35.8447390998632
342	0.341	-0.0413559852279582	-35.9564155124526
343	0.342	0.0680313463305575	-35.9430778319013
344	0.343	0.114911631313051	-35.8516063430795
345	0.344	0.20867220133009	-35.6898144267579
346	0.345	0.333686294794385	-35.4186351786957
347	0.346	0.427446864974044	-35.0380685988115
348	0.347	0.536834196938825	-34.555928067855
349	0.348	0.583714482095841	-33.9956537283377
350	0.349	0.661848290729963	-33.3728723419248
351	0.35	0.802489146394852	-32.6407036233624
352	0.351	0.911876478688762	-31.7835208108206
353	0.352	1.02126381107936	-30.8169506659365
354	0.353	1.11502438177706	-29.7488065695083
355	0.354	1.17753142894854	-28.6025286641455
356	0.355	1.22441171434804	-27.4015570924972
357	0.356	1.34942580883437	-26.114638330906
358	0.357	1.44318637978303	-24.7183322365973
359	0.358	1.45881314161482	-23.2673324758984
360	0.359	1.53694695080384	-21.7694524296891
361	0.36	1.56820047449351	-20.2168787170404
362	0.361	1.55257371264767	-18.6564916234698
363	0.362	1.6150807600431	-17.0726643871244
364	0.363	1.64633428375289	-15.4419568652264
365	0.364	1.67758780747075	-13.7799958196146
366	0.365	1.64633428375289	-12.1180347740028
367	0.366	1.6150807600431	-10.4873272521048
368	0.367	1.6150807600431	-8.87224649206171
369	0.368	1.53694695080384	-7.29623263663824
370	0.369	1.52132018896202	-5.76709906675532
371	0.37	1.45881314161482	-4.2770324014669
372	0.371	1.42755961795325	-2.83384602168287
373	0.372	1.39630609429969	-1.4219131655564
374	0.373	1.30254552338703	-0.072487356713036
375	0.374	1.28691876157524	1.2222447857681
376	0.375	1.24003847615185	2.48572340463165
377	0.376	1.14627790535883	3.67888159538698
378	0.377	1.08377085820323	4.79390597716801
379	0.378	1.03689057285735	5.8542366926983
380	0.379	0.92750324045292	6.83643359935344
381	0.38	0.92750324045292	7.76393683980636
382	0.381	0.818115908145217	8.63674641410543
383	0.382	0.73998209941305	9.41579541788456
384	0.383	0.646221528999225	10.1088972320907
385	0.384	0.646221528999225	10.7551187610899
386	0.385	0.583714482095841	11.3700867666375
387	0.386	0.474327150090119	11.8991075827304
388	0.387	0.411820103272577	12.3421812094118
389	0.388	0.34931305648614	12.7227477892911
390	0.389	0.286806009730752	13.0408073223996
391	0.39	0.20867220133009	13.28854642793
392	0.391	0.0992848696502944	13.4425249634202
393	0.392	0.0680313463305575	13.5261830714106
394	0.393	-0.0726095085131174	13.5238939903193
395	0.394	-0.103863031790613	13.4356577201675
396	0.395	-0.228877124824099	13.2692876418601
397	0.396	-0.33826445612827	12.9857168513839
398	0.397	-0.416398264145642	12.608385491247
399	0.398	-0.588292641617171	12.1060400383656
400	0.399	-0.572665880038299	11.5255607775378
401	0.4	-0.713306734180329	10.8825744704285
402	0.401	-0.82269406507444	10.1145740708011
403	0.402	-0.916454634339212	9.24499972109432
404	0.403	-1.07272224963124	8.2504112791091
405	0.404	-1.10397577266732	7.16206226795982
406	0.405	-1.16648281871721	6.02683297226755
407	0.406	-1.29149691072814	4.79784310754488
408	0.407	-1.3540039566893	3.47509267383616
409	0.408	-1.40088424114082	2.0976485749211
410	0.409	-1.46339128705044	0.665510810825467
411	0.41	-1.54152509439619	-0.83694737989785
412	0.411	-1.55715185585984	-2.38628585502587
413	0.412	-1.57277861732167	-3.95125109161662
414	0.413	-1.58840537878166	-5.53184308966828
415	0.414	-1.60403214023983	-7.12806184917903
416	0.415	-1.57277861732167	-8.71646722795978
417	0.416	-1.55715185585984	-10.2814324645505
418	0.417	-1.5258983329307	-11.8229575589458
419	0.418	-1.54152509439619	-13.3566692726093
420	0.419	-1.41651100262098	-14.8356873211178
421	0.42	-1.43213776409931	-16.260011704478
422	0.421	-1.38525747965882	-17.668709326357
423	0.422	-1.3540039566893	-19.0383400445311
424	0.423	-1.3540039566893	-20.3923440012204
425	0.424	-1.21336310323518	-21.6760275311826
426	0.425	-1.16648281871721	-22.8659504921588
427	0.426	-1.13522929569597	-24.0168065493654
428	0.427	-1.04146872658772	-25.1051555605073
429	0.428	-1.02584196506318	-26.1388109063327
430	0.429	-0.963334918946382	-27.1333993483375
431	0.43	-0.86957434971524	-28.0498539826683
432	0.431	-0.775813780416788	-28.8725480477343
433	0.432	-0.72893349574226	-29.6249216858139
434	0.433	-0.666426449483261	-30.3226016584266
435	0.434	-0.572665880038299	-30.9421478231874
436	0.435	-0.572665880038299	-31.5148137032257
437	0.436	-0.494532072115614	-32.0484126793027
438	0.437	-0.385144740944388	-32.4882510858327
439	0.438	-0.322637694519097	-32.8421423035644
440	0.439	-0.213250363201597	-33.1100863324247
441	0.44	-0.16637007832264	-33.2998965531869
442	0.441	-0.0569827468714962	-33.4115729657839
443	0.442	0.00552429971416637	-33.4373021893626
444	0.443	0.0680313463305575	-33.4005243663402
445	0.444	0.177418677983357	-33.2777993541833
446	0.445	0.255552486364683	-33.0613137720092
447	0.446	0.34931305648614	-32.7588810005838
448	0.447	0.552460958655878	-32.3079939930128
449	0.448	0.614968005543621	-31.7242795109131
450	0.449	0.708728575933932	-31.0624312201743
451	0.45	0.786862384646453	-30.3146357398841
452	0.451	0.911876478688762	-29.4652663082165
453	0.452	1.02126381107936	-28.4986961633324
454	0.453	1.06814409641929	-27.4539922095831
455	0.454	1.20878495254622	-26.3155276851004
456	0.455	1.25566523795765	-25.0833025898484
457	0.456	1.36505257065414	-23.7729436855425
458	0.457	1.39630609429969	-22.3922643530656
459	0.458	1.44318637978303	-20.9725181160242
460	0.459	1.58382723634136	-19.4590113079621
461	0.46	1.58382723634136	-17.8751840716207
462	0.461	1.59945399819122	-16.2835434543544
463	0.462	1.63070752189699	-14.6684626943103
464	0.463	1.64633428375289	-13.0299417914854
465	0.464	1.6932145693327	-11.3601673649426
466	0.465	1.63070752189699	-9.69820631932773
467	0.466	1.6150807600431	-8.07531217835769
468	0.467	1.64633428375289	-6.44460465645969
469	0.468	1.53694695080384	-4.85296403918133
470	0.469	1.56820047449351	-3.30039032653266
471	0.47	1.4900666652844	-1.7712567566437
472	0.471	1.41193285612547	-0.320256995938767
473	0.472	1.39630609429969	1.08386247927381
474	0.473	1.38067933247592	2.47235519266162
475	0.474	1.27129199976545	3.7983408587823
476	0.475	1.20878495254622	5.03837933493814
477	0.476	1.13065114356695	6.20809738299472
478	0.477	1.09939761998915	7.32312176477277
479	0.478	1.00563704930334	8.37563909941901
480	0.479	0.974383525757244	9.36564938694931
481	0.48	0.911876478688762	10.3087793891723
482	0.481	0.849369431651851	11.1894023443426
483	0.482	0.755608861155553	11.9918914907463
484	0.483	0.708728575933932	12.7240602092911
485	0.484	0.661848290729963	13.409348642623
486	0.485	0.630594767270445	14.0555701716232
487	0.486	0.521207435223724	14.6314712728703
488	0.487	0.443073626677456	15.1136118038209
489	0.488	0.364939818179837	15.5176185262495
490	0.489	0.318059533104569	15.8591182018917
491	0.49	0.20867220133009	16.1224840691091
492	0.491	0.161791916312887	16.3077161279306
493	0.492	0.0680313463305575	16.4226277592523
494	0.493	0.0211510613653811	16.4672189631003
495	0.494	-0.0569827468714962	16.4493031203472
496	0.495	-0.228877124824099	16.3063731844994
497	0.496	-0.322637694519097	16.0306157748278
498	0.497	-0.369517979340914	15.6845379378978
499	0.498	-0.510158833703931	15.2446995313754
500	0.499	-0.588292641617171	14.6954737937148
501	0.5	-0.68205321105083	14.0603008673808
502	0.501	-0.82269406507444	13.3079272293182
503	0.502	-0.885201111258432	12.4539796411517
504	0.503	-1.01021520353677	11.5062714837541
505	0.504	-1.07272224963124	10.4648027571701
506	0.505	-1.18210958022505	9.33738684224199
507	0.506	-1.22898986473747	8.13183711976073
508	0.507	-1.33837719520177	6.84815358979111
509	0.508	-1.40088424114082	5.47852287161982
510	0.509	-1.40088424114082	4.077638630479
511	0.51	-1.47901804852326	2.63768748564696
512	0.511	-1.55715185585984	1.11960253345541
513	0.512	-1.49940608884177	1.11960253345541
514	0.513	-1.59316665761821	-0.426683839774579
515	0.514	-1.56191313470004	-2.0042237359337
516	0.515	-1.56191313470004	-3.56613687063375
517	0.516	-1.60879341907454	-5.15149014752104
518	0.517	-1.51503285030908	-6.71340328221286
519	0.518	-1.59316665761821	-8.2675030361765
520	0.519	-1.48377932737262	-9.80597602867191
521	0.52	-1.46815256590164	-11.281941975309
522	0.521	-1.40564551999936	-12.7188410182595
523	0.522	-1.31188495109078	-14.0776062538046
524	0.523	-1.32751171258015	-15.3973045856401
525	0.524	-1.18687085910942	-16.6544958714849
526	0.525	-1.20249762061356	-17.8491801113464
527	0.526	-1.10873705156095	-19.0047974474336
528	0.527	-1.07748352852858	-20.0979077374784
529	0.528	-1.04623000548879	-21.1597645044871
530	0.529	-0.983722959386882	-22.1747409869249
531	0.53	-0.87433562863681	-23.1037702809367
532	0.531	-0.858708867093617	-23.970292528802
533	0.532	-0.718068013120637	-24.7586809689091
534	0.533	-0.718068013120637	-25.4767489820297
535	0.534	-0.608680682147636	-26.1401233296639
536	0.535	-0.561800397416677	-26.725363869446
537	0.536	-0.499293351082308	-27.2559107436955
538	0.537	-0.343025735113919	-27.6770702867936
539	0.538	-0.343025735113919	-28.0200960219075
540	0.539	-0.202384880579974	-28.2928013297545
541	0.54	-0.155504595701018	-28.471746067895
542	0.541	-0.108624310804866	-28.6038105211479
543	0.542	0.000763020686494597	-28.6577411662071
544	0.543	0.0945235906110859	-28.6100978605583
545	0.544	0.250791207306174	-28.4374404615997
546	0.545	0.282044730668372	-28.1710224926124
547	0.546	0.391432062497096	-27.8342840960297
548	0.547	0.594579964717464	-27.3412780824224
549	0.548	0.5633264412775	-26.7623248794249
550	0.549	0.750847582034672	-26.1052378677688
551	0.55	0.813354629016474	-25.3231367622433
552	0.551	0.907115199548199	-24.4629018479609
553	0.552	1.03212929370098	-23.4932796013363
554	0.553	1.07900957904091	-22.4377101649654
555	0.554	1.15714338798045	-21.3196336814547
556	0.555	1.26653072057928	-20.1077966271748
557	0.556	1.32903776782243	-18.810012382974
558	0.557	1.45405186240465	-17.4184675678605
559	0.558	1.48530538607023	-15.948788943623
560	0.559	1.48530538607023	-14.4634835575528
561	0.56	1.56343919526929	-12.939111266883
562	0.561	1.59469271896298	-11.3600453097669
563	0.562	1.64157300451861	-9.7419124480261
564	0.563	1.62594624266472	-8.10815282443443
565	0.564	1.65719976637451	-6.46657981991482
566	0.565	1.62594624266472	-4.8250068153952
567	0.566	1.59469271896298	-3.21468733458135
568	0.567	1.65719976637451	-1.58874109191261
569	0.568	1.54781243342546	0.0137650079873788
570	0.569	1.56343919526929	1.56939082233475
571	0.57	1.53218567158364	3.11720325576122
572	0.571	1.46967862423644	4.61813540367126
573	0.572	1.45405186240465	6.0800006469918
574	0.573	1.40717157692132	7.51061236665479
575	0.574	1.32903776782243	8.87871703902666
576	0.575	1.26653072057928	10.1765012832275
577	0.576	1.18839691157017	11.4039650993022
578	0.577	1.17277014977431	12.5845486299745
579	0.578	1.12588986439868	13.733878637061
580	0.579	1.04775605547898	14.8207015969998
581	0.58	0.938368723074543	15.8137639862766
582	0.581	0.828981390766839	16.6974390431973
583	0.582	0.860234914273474	17.5420471957174
584	0.583	0.782101105521643	18.363215205615
585	0.584	0.672713773351585	19.0906226450516
586	0.585	0.641460249892067	19.7477096566734
587	0.586	0.469565871004436	20.3032227171217
588	0.587	0.485192632711741	20.7806019689797
589	0.588	0.407058824194676	21.226727697433
590	0.589	0.297671492352375	21.5790928557065
591	0.59	0.235164445627976	21.8455108246967
592	0.591	0.0945235906110859	22.0103548428162
593	0.592	0.0945235906110859	22.1048784334273
594	0.593	0.000763020686494597	22.1525217390761
595	0.594	-0.171131357329246	22.0673375707547
596	0.595	-0.171131357329246	21.8962062134254
597	0.596	-0.280518688673424	21.6703811904241
598	0.597	-0.389906019924341	21.3351688361252
599	0.598	-0.499293351082308	20.8905691506219
600	0.599	-0.624307443720853	20.3287687532203
601	0.6	-0.655560966861638	19.6888345479291
602	0.601	-0.811828582452817	18.9551397732718
603	0.602	-0.858708867093617	18.1198710484986
604	0.603	-1.0306032439661	17.1752149929688
605	0.604	-1.06185676700961	16.1289849874809
606	0.605	-1.17124409760343	15.0124345551744
607	0.606	-1.23375114361629	13.8099369345645
608	0.607	-1.29625818959958	12.5449322679566
609	0.608	-1.40564551999936	11.1939804131571
610	0.609	-1.42127228147768	9.78052151241861
611	0.61	-1.43689904295417	8.35143585020268
612	0.611	-1.49940608884177	6.88328328430471
613	0.612	-1.53065961177457	5.36825043399655
614	0.613	-1.56191313470004	3.82196406075924
615	0.614	-1.59316665761821	2.24442416460012
616	0.615	-1.56191313470004	0.666884268440991
617	0.616	-1.60879341907454	-0.918469008446303
618	0.617	-1.54628637323822	-2.49600890460269
619	0.618	-1.53065961177457	-4.03448189710908
620	0.619	-1.53065961177457	-5.56514150888365
621	0.62	-1.43689904295417	-7.04892083624802
622	0.621	-1.43689904295417	-8.48581987920219
623	0.622	-1.35876523555335	-9.88365201845595
624	0.623	-1.28063142810652	-11.2033503502859
625	0.624	-1.31188495109078	-12.4996085398845
626	0.625	-1.21812438211585	-13.7646132064879
627	0.626	-1.21812438211585	-14.9827375886037
628	0.627	-1.10873705156095	-16.1461683054421
629	0.628	-1.0306032439661	-17.2158384532056
630	0.629	-0.99934972091515	-18.2308149356463
631	0.63	-0.811828582452817	-19.1364040873302
632	0.631	-0.87433562863681	-19.9794861928751
633	0.632	-0.718068013120637	-20.7756880137538
634	0.633	-0.671187728429208	-21.4703158845287
635	0.634	-0.608680682147636	-22.1102500898171
636	0.635	-0.561800397416677	-22.6954906295993
637	0.636	-0.483666589493992	-23.2182241230546
638	0.637	-0.389906019924341	-23.6550104277638
639	0.638	-0.311772211897475	-24.0058495436747
640	0.639	-0.233638403823071	-24.278554851535
641	0.64	-0.0929975491689901	-24.441872828031
642	0.641	-0.0773707875312001	-24.5270569963811
643	0.642	0.000763020686494597	-24.5653608798034
644	0.643	0.17265739893451	-24.4786506699929
645	0.644	0.219537683951712	-24.2825531285498
646	0.645	0.297671492352375	-24.0239485403978
647	0.646	0.407058824194676	-23.6715833821243
648	0.647	0.516446156132195	-23.2098308919608
649	0.648	0.641460249892067	-22.6308776889487
650	0.649	0.719594058555554	-21.9503505347249
651	0.65	0.860234914273474	-21.1604360483104
652	0.651	0.891488437787986	-20.2845743722796
653	0.652	0.953995484840675	-19.3618324109653
654	0.653	1.09463634082485	-18.3375164981325
655	0.654	1.14151662618857	-17.2194400146258
656	0.655	1.23527719696966	-16.0310431030467
657	0.656	1.31341100600865	-14.7566990015576
658	0.657	1.40717157692132	-13.3964077100926
659	0.658	1.45405186240465	-11.9657959904296
660	0.659	1.48530538607023	-10.4961173661921
661	0.66	1.59469271896298	-8.95611831367554
662	0.661	1.57906595711513	-7.36923897563649
663	0.662	1.62594624266472	-5.76673287574656
664	0.663	1.61031948081284	-4.14860001400778
665	0.664	1.64157300451861	-2.52265377134206
666	0.665	1.59469271896298	-0.904520909601263
667	0.666	1.56343919526929	0.674545047514871
668	0.667	1.62594624266472	2.26923776648187
669	0.668	1.54781243342546	3.85611710452696
670	0.669	1.51655890974383	5.38830277611161
671	0.67	1.48530538607023	6.88923492401864
672	0.671	1.46967862423644	8.36672692917197
673	0.672	1.42279833874709	9.81296541066374
674	0.673	1.37591805327576	11.2123236066752
675	0.674	1.28215748238707	12.5413613745066
676	0.675	1.21965043516784	13.792265333284
677	0.676	1.14151662618857	14.9728488639622
678	0.677	1.11026310261077	16.0987387283619
679	0.678	1.07900957904091	17.1933750691878
680	0.679	0.969622246608782	18.2176909820126
681	0.68	0.907115199548199	19.1560597050911
682	0.681	0.875861676029745	20.0475481428801
683	0.682	0.766474343777176	20.8687161527835
684	0.683	0.688340535084281	21.5961235922143
685	0.684	0.672713773351585	22.2766507464322
686	0.685	0.578953202996505	22.9024842346062
687	0.686	0.485192632711741	23.4345571524604
688	0.687	0.422685585894199	23.8884962617633
689	0.688	0.375805300801459	24.2877417051112
690	0.689	0.266417968986305	24.608853340005
691	0.69	0.235164445627976	24.8596445473122
692	0.691	0.125777113934674	25.0401153270935
693	0.692	0.0788968289521799	25.1424522985369
694	0.693	-0.01486374096088	25.1744688425326
695	0.694	-0.108624310804866	25.1127248166497
696	0.695	-0.171131357329246	24.9728469825827
697	0.696	-0.296145450286401	24.7392085787748
698	0.697	-0.421159543121803	24.3805560820707
699	0.698	-0.483666589493992	23.9281430157628
700	0.699	-0.624307443720853	23.3741559991554
701	0.7	-0.655560966861638	22.7342217938642
702	0.701	-0.79620182090214	22.0083403999823
703	0.702	-0.90558915171759	21.1574449136724
704	0.703	-1.01497648244156	20.1971620965928
705	0.704	-1.0931102900457	19.1431187103492
706	0.705	-1.15561733609559	18.0187548972786
707	0.706	-1.26500466661162	16.808443895925
708	0.707	-1.29625818959958	15.5278124678194
709	0.708	-1.3743919970372	14.192487374501
710	0.709	-1.48377932737262	12.7634017122961
711	0.71	-1.48377932737262	11.2796223849234
712	0.711	-1.53065961177457	9.77240291534986
713	0.712	-1.51503285030908	8.24955668430803
714	0.713	-1.56191313470004	6.71108369180347
715	0.714	-1.57753989616004	5.14135717637343
716	0.715	-1.54628637323822	3.5794440416743
717	0.716	-1.54628637323822	2.03315766843608
718	0.717	-1.48377932737262	0.518124818130658
719	0.718	-1.48377932737262	-0.965654509241961
720	0.719	-1.48377932737262	-2.44943383661458
721	0.72	-1.43689904295417	-3.90977302177797
722	0.721	-1.40564551999936	-5.33104530325474
723	0.722	-1.32751171258015	-6.69762391954449
724	0.723	-1.31188495109078	-8.01732225137996
725	0.724	-1.24937790511488	-9.29795367948279
726	0.725	-1.20249762061356	-10.523891442347
727	0.726	-1.10873705156095	-11.6795087784343
728	0.727	-1.04623000548879	-12.7569923069591
729	0.728	-1.0306032439661	-13.7954089316866
730	0.729	-0.983722959386882	-14.8025720333631
731	0.73	-0.843082105548555	-15.7159745658308
732	0.731	-0.827455344001622	-16.5512432906059
733	0.732	-0.73369477468069	-17.331818349947
734	0.733	-0.655560966861638	-18.0264462207182
735	0.734	-0.624307443720853	-18.6663804260094
736	0.735	-0.514920112668734	-19.2359942042042
737	0.736	-0.468039827903784	-19.7274741744905
738	0.737	-0.40553278152402	-20.1642604792044
739	0.738	-0.264891927058544	-20.4994728334957
740	0.739	-0.24926516544176	-20.7565513797458
741	0.74	-0.124251072438829	-20.9433094986861
742	0.741	-0.0461172642498738	-21.0284936670305
743	0.742	0.0476433056401397	-21.0277306463353
744	0.743	0.125777113934674	-20.9410204365479
745	0.744	0.219537683951712	-20.7683630376047
746	0.745	0.360178539107763	-20.478504926075
747	0.746	0.375805300801459	-20.1105130061204
748	0.747	0.500819394420994	-19.6722006585092
749	0.748	0.594579964717464	-19.1245009789399
750	0.749	0.688340535084281	-18.4830407290391
751	0.75	0.797727867268076	-17.7400065278629
752	0.751	0.938368723074543	-16.8719582326916
753	0.752	1.06338281725895	-15.8710824625248
754	0.753	1.11026310261077	-14.78425950259
755	0.754	1.17277014977431	-13.6427428763974
756	0.755	1.23527719696966	-12.4387192030254
757	0.756	1.36029129145599	-11.1409349588126
758	0.757	1.39154481509754	-9.76501690553584
759	0.758	1.46967862423644	-8.33440518586885
760	0.759	1.50093214790603	-6.84909979979762
761	0.76	1.56343919526929	-5.31691412820996
762	0.761	1.57906595711513	-3.74566155201776
763	0.762	1.59469271896298	-2.1587822139787
764	0.763	1.64157300451861	-0.540649352237908
765	0.764	1.62594624266472	1.09311027135376
766	0.765	1.61031948081284	2.71124313309254
767	0.766	1.57906595711513	4.30593585205652
768	0.767	1.61031948081284	5.90062857102051
769	0.768	1.59469271896298	7.50313467090842
770	0.769	1.53218567158364	9.06657386618173
771	0.77	1.53218567158364	10.5987595377654
772	0.771	1.43842510057487	12.0840649238446
773	0.772	1.40717157692132	13.5068632625927
774	0.773	1.36029129145599	14.8905946967814
775	0.774	1.25090395877347	16.1961923218961
776	0.775	1.21965043516784	17.4314695188668
777	0.776	1.18839691157017	18.6354931922358
778	0.777	1.07900957904091	19.7691964375413
779	0.778	1.06338281725895	20.8403926356912
780	0.779	0.953995484840675	21.849081786741
781	0.78	0.938368723074543	22.7952638906986
782	0.781	0.875861676029745	23.7023790902508
783	0.782	0.766474343777176	24.5235471001543
784	0.783	0.703967296818938	25.2587679204523
785	0.784	0.657087011620847	25.9392950746722
786	0.785	0.625833488165244	26.5807553245652
787	0.786	0.500819394420994	27.1440817658584
788	0.787	0.453939109299078	27.6214610177184
789	0.788	0.391432062497096	28.0441466036165
790	0.789	0.313298254038314	28.3965117618842
791	0.79	0.250791207306174	28.6785564925564
792	0.791	0.110150352271917	28.8590272723455
793	0.792	0.0632700672951982	28.945737482129
794	0.793	-0.0304905026063358	28.9621272644735
795	0.794	-0.108624310804866	28.8925698577679
796	0.795	-0.218011642202476	28.7292518812642
797	0.796	-0.311772211897475	28.4643599542142
798	0.797	-0.421159543121803	28.0978940767046
799	0.798	-0.499293351082308	27.6376676296025
800	0.799	-0.608680682147636	27.0836806129876
801	0.8	-0.671187728429208	26.4437464076991
802	0.801	-0.78057505934959	25.7178650138097
803	0.802	-0.952469436324759	24.8513427659726
804	0.803	-1.01497648244156	23.8676198065894
805	0.804	-1.10873705156095	22.8057630395881
806	0.805	-1.1399905745859	21.6813992265147
807	0.806	-1.23375114361629	20.4945283674136
808	0.807	-1.31188495109078	19.2217103200601
809	0.808	-1.3900187585192	17.8707584652551
810	0.809	-1.45252580442882	16.4494861837811
811	0.81	-1.45252580442882	14.9969603793523
812	0.811	-1.48377932737262	13.5288078134516
813	0.812	-1.56191313470004	12.0059615824152
814	0.813	-1.59316665761821	10.4284216862561
815	0.814	-1.57753989616004	8.84306840936697
816	0.815	-1.57753989616004	7.26552851320693
817	0.816	-1.56191313470004	5.69580199777689
818	0.817	-1.54628637323822	4.14170224380776
819	0.818	-1.48377932737262	2.62666939350234
820	0.819	-1.49940608884177	1.13507668539515
821	0.82	-1.45252580442882	-0.340889261240148
822	0.821	-1.40564551999936	-1.76997492345424
823	0.822	-1.3743919970372	-3.15999368197252
824	0.823	-1.26500466661162	-4.47969201379692
825	0.824	-1.26500466661162	-5.74469668040855
826	0.825	-1.18687085910942	-6.97063444326907
827	0.826	-1.1399905745859	-8.13406516011673
828	0.827	-1.04623000548879	-9.22717545015407
829	0.828	-1.04623000548879	-10.2734054556429
830	0.829	-0.936842674790902	-11.2649417957827
831	0.83	-0.889962390178134	-12.1783443282672
832	0.831	-0.827455344001622	-13.0370531953571
833	0.832	-0.78057505934959	-13.8410683970327
834	0.833	-0.655560966861638	-14.5591364101383
835	0.834	-0.671187728429208	-15.2225107577837
836	0.835	-0.514920112668734	-15.8155646783327
837	0.836	-0.452413066311684	-16.2992312678229
838	0.837	-0.452413066311684	-16.7516443341346
839	0.838	-0.296145450286401	-17.1259235924336
840	0.839	-0.24926516544176	-17.3986289002977
841	0.84	-0.155504595701018	-17.6010137808691
842	0.841	0.000763020686494597	-17.6783845683764
843	0.842	0.000763020686494597	-17.6776215476899
844	0.843	0.157030637265969	-17.5987247187137
845	0.844	0.235164445627976	-17.4026271772667
846	0.845	0.344551777416007	-17.1127690657447
847	0.846	0.422685585894199	-16.7291503840896
848	0.847	0.516446156132195	-16.2595845130764
849	0.848	0.657087011620847	-15.6728179291999
850	0.849	0.719594058555554	-14.9844773941117
851	0.85	0.828981390766839	-14.2101896694505
852	0.851	0.938368723074543	-13.3265146125298
853	0.852	0.969622246608782	-12.3725191276881
854	0.853	1.11026310261077	-11.3325764530783
855	0.854	1.20402367336801	-10.1754330650889
856	0.855	1.26653072057928	-8.9401558681153
857	0.856	1.36029129145599	-7.62674486209767
858	0.857	1.43842510057487	-6.22738666608224
859	0.858	1.46967862423644	-4.77333480367659
860	0.859	1.48530538607023	-3.29584279852325
861	0.86	1.57906595711513	-1.76365712693057
862	0.861	1.61031948081284	-0.168964407966589
863	0.862	1.59469271896298	1.43354169192132
864	0.863	1.65719976637451	3.05948793459007
865	0.864	1.64157300451861	4.70887432003663
866	0.865	1.62594624266472	6.34263394362829
867	0.866	1.65719976637451	7.98420694814791
868	0.867	1.59469271896298	9.61015319081665
869	0.868	1.59469271896298	11.2048459097796
870	0.869	1.53218567158364	12.7682851050529
871	0.87	1.50093214790603	14.2848440147978
872	0.871	1.40717157692132	15.7388958772114
873	0.872	1.42279833874709	17.1538808350456
874	0.873	1.39154481509754	18.561052411968
875	0.874	1.26653072057928	19.8900901798064
876	0.875	1.20402367336801	21.12536737678
877	0.876	1.21965043516784	22.3372044310479
878	0.877	1.09463634082485	23.4943478190443
879	0.878	1.03212929370098	24.5577306363072
880	0.879	0.969622246608782	25.5586064064621
881	0.88	0.891488437787986	26.4891617486605
882	0.881	0.828981390766839	27.3493966629379
883	0.882	0.750847582034672	28.1393111493386
884	0.883	0.750847582034672	28.8901587313733
885	0.884	0.610206726440376	29.5706858856108
886	0.885	0.594579964717464	30.1730792311897
887	0.886	0.485192632711741	30.7129655299043
888	0.887	0.407058824194676	31.1590912583576
889	0.888	0.391432062497096	31.5583367017034
890	0.889	0.313298254038314	31.9107018599711
891	0.89	0.219537683951712	32.1771198289662
892	0.891	0.0945235906110859	32.3341504662476
893	0.892	0.0163897823357888	32.389607152721
894	0.893	-0.0461172642498738	32.374743411764
895	0.894	-0.124251072438829	32.2895592434196
896	0.895	-0.233638403823071	32.1106145052886
897	0.896	-0.280518688673424	31.8535359590404
898	0.897	-0.40553278152402	31.5105102239417
899	0.898	-0.53054687425327	31.042470396053
900	0.899	-0.608680682147636	30.4728566178526
901	0.9	-0.73369477468069	29.8016688894384
902	0.901	-0.827455344001622	29.0210938300973
903	0.902	-0.921215913255179	28.1467582014689
904	0.903	-0.99934972091515	27.1864753843837
905	0.904	-1.10873705156095	26.1324319981456
906	0.905	-1.15561733609559	25.0002548043174
907	0.906	-1.29625818959958	23.7743170414698
908	0.907	-1.31188495109078	22.4702454711246
909	0.908	-1.3743919970372	21.1271069970606
910	0.909	-1.46815256590164	19.7058347155912
911	0.91	-1.49940608884177	18.2220553882195
912	0.911	-1.54628637323822	16.6992091571795
913	0.912	-1.56191313470004	15.1451094032104
914	0.913	-1.53065961177457	13.5988230299731
915	0.914	-1.60879341907454	12.0290965145485
916	0.915	-1.62442018052906	10.4124897147467
917	0.916	-1.54628637323822	8.82713643786308
918	0.917	-1.60879341907454	7.24959654170669
919	0.918	-1.54628637323822	5.67205664555031
920	0.919	-1.45252580442882	4.17265055671679
921	0.92	-1.46815256590164	2.71231137155156
922	0.921	-1.40564551999936	1.27541232860106
923	0.922	-1.3743919970372	-0.114606429917216
924	0.923	-1.31188495109078	-1.45774490398121
925	0.924	-1.23375114361629	-2.73056295133474
926	0.925	-1.20249762061356	-3.94868733344966
927	0.926	-1.15561733609559	-5.12774481180424
928	0.927	-1.10873705156095	-6.25992200563251
929	0.928	-1.01497648244156	-7.32177877263376
930	0.929	-0.952469436324759	-8.30550173201692
931	0.93	-0.90558915171759	-9.23453102603809
932	0.931	-0.79620182090214	-10.085426512348
933	0.932	-0.749321536238866	-10.8581881909185
934	0.933	-0.639934205292187	-11.552816061684
935	0.934	-0.593053920572535	-12.1693101246164
936	0.935	-0.546173635835917	-12.7389239028206
937	0.936	-0.436786304717691	-13.2304038730974
938	0.937	-0.436786304717691	-13.6671901778151
939	0.938	-0.296145450286401	-14.0336560553171
940	0.939	-0.233638403823071	-14.2985479823719
941	0.94	-0.108624310804866	-14.4696793396858
942	0.941	-0.0461172642498738	-14.5470501272132
943	0.942	0.0163897823357888	-14.5619138681702
944	0.943	0.141403875599358	-14.4830170392027
945	0.944	0.235164445627976	-14.294732878589
946	0.945	0.360178539107763	-13.9970613862211
947	0.946	0.407058824194676	-13.6134427045699
948	0.947	0.516446156132195	-13.1516902144065
949	0.948	0.641460249892067	-12.5727370113943
950	0.949	0.672713773351585	-11.9156499997725
951	0.95	0.813354629016474	-11.1726157985885
952	0.951	0.938368723074543	-10.296754122543
953	0.952	1.03212929370098	-9.31150511415521
954	0.953	1.18839691157017	-8.20124201151964
955	0.954	1.20402367336801	-7.00503171905055
956	0.955	1.26653072057928	-5.76975452207691
957	0.956	1.36029129145599	-4.45634351605928
958	0.957	1.40717157692132	-3.07261208187063
959	0.958	1.46967862423644	-1.63418698129175
960	0.959	1.54781243342546	-0.1254414524608
961	0.96	1.56343919526929	1.43018436188657
962	0.961	1.65719976637451	3.04050384270848
963	0.962	1.61031948081284	4.67426346630215
964	0.963	1.65719976637451	6.30802308989583
965	0.964	1.65719976637451	7.96522285627034
966	0.965	1.65719976637451	9.62242262264486
967	0.966	1.62594624266472	11.2639956271645
968	0.967	1.59469271896298	12.8743151079783
969	0.968	1.59469271896298	14.4690078269413
970	0.969	1.56343919526929	16.0480737840574
971	0.97	1.46967862423644	17.5646326938103
972	0.971	1.45405186240465	19.0264979371308
973	0.972	1.40717157692132	20.4571096567938
974	0.973	1.37591805327576	21.8486544718924
975	0.974	1.32903776782243	23.2011323824415
976	0.975	1.23527719696966	24.4832898648375
977	0.976	1.20402367336801	25.7029403000063
978	0.977	1.07900957904091	26.8444569262108
979	0.978	1.09463634082485	27.9312798861437
980	0.979	1.04775605547898	29.0024760842956
981	0.98	0.907115199548199	29.9799117118092
982	0.981	0.891488437787986	30.8792135304773
983	0.982	0.813354629016474	31.7316350638795
984	0.983	0.782101105521643	32.5293629311486
985	0.984	0.672713773351585	33.2567703705852
986	0.985	0.578953202996505	33.8826038587592
987	0.986	0.532072917845346	34.4381169191801
988	0.987	0.422685585894199	34.9154961710499
989	0.988	0.391432062497096	35.3225549952456
990	0.989	0.313298254038314	35.6749201535133
991	0.99	0.219537683951712	35.9413381225083
992	0.991	0.157030637265969	36.1296222831171
993	0.992	0.0632700672951982	36.2397726353977
994	0.993	0.0163897823357888	36.2796025602132
995	0.994	-0.0929975491689901	36.2412986767966
996	0.995	-0.202384880579974	36.0936074619221
997	0.996	-0.264891927058544	35.8599690581029
998	0.997	-0.452413066311684	35.5013165614178
999	0.998	-0.483666589493992	35.0332767335149
1000	0.999	-0.561800397416677	34.5105432400596
