No.	时间（s）	Dev1/ai0-1-测振（mm/s）	VH01-V1-Dev1/ai0一次积分（μm）
1	0	1.17811132873366	0
2	0.001	1.20936485234327	1.19373809053847
3	0.002	1.11560428153831	2.35622265747926
4	0.003	1.09997751974445	3.46401355812064
5	0.004	1.03747047258885	4.53273755428729
6	0.005	0.959336663688962	5.53114112242619
7	0.006	0.912456378372781	6.46703764345706
8	0.007	0.834322569551985	7.34042711741945
9	0.008	0.803069046037472	8.15912292521418
10	0.009	0.740561999032074	8.93093844774895
11	0.01	0.646801428582936	9.62462016155645
12	0.011	0.599921143384845	10.2479814475403
13	0.012	0.537414096481462	10.8166490674735
14	0.013	0.443653526184992	11.3071828788067
15	0.014	0.396773241063077	11.7273962624308
16	0.015	0.27175914749019	12.0616624567074
17	0.016	0.209252100750304	12.3021680808276
18	0.017	0.16237181571571	12.4879800390606
19	0.018	0.0529844840359151	12.5956581889365
20	0.019	-0.00952256259586203	12.6173891496565
21	0.02	-0.165790179040868	12.5297327788381
22	0.021	-0.212670463937019	12.3405024573492
23	0.022	-0.337684556909426	12.065324946926
24	0.023	-0.415818364955293	11.6885734859936
25	0.024	-0.509578934547686	11.2258748362421
26	0.025	-0.603339504071919	10.6694156169323
27	0.026	-0.697100073528189	10.0191958281323
28	0.027	-0.837740927585592	9.25177532757536
29	0.028	-0.884621212237623	8.39059425766375
30	0.029	-1.02526206609275	7.43565261849857
31	0.03	-1.0877691122021	6.37913702935114
32	0.031	-1.21278320433159	5.22886087108429
33	0.032	-1.24403672734542	4.00045090524578
34	0.033	-1.30654377335088	2.72516065489763
35	0.034	-1.40030434230367	1.37173659707035
36	0.035	-1.49406491119017	-0.0754480296765697
37	0.036	-1.54094519560862	-1.59295308307597
38	0.037	-1.54094519560862	-3.13389827868459
39	0.038	-1.63470576439604	-4.72172375868692
40	0.039	-1.63470576439604	-6.35642952308296
41	0.04	-1.68158604876506	-8.01457542966351
42	0.041	-1.63470576439604	-9.67272133624406
43	0.042	-1.69721281021775	-11.338680623551
44	0.043	-1.66595928731055	-13.0202666723151
45	0.044	-1.58782548001057	-14.6471590559757
46	0.045	-1.57219871854508	-16.2271711552535
47	0.046	-1.50969167266482	-17.7681163508584
48	0.047	-1.49406491119017	-19.2699946427859
49	0.048	-1.46281138823536	-20.7484327924987
50	0.049	-1.36905081932679	-22.1643638962798
51	0.05	-1.33779729634252	-23.5177879541144
52	0.051	-1.22840996583943	-24.8008915852054
53	0.052	-1.21278320433159	-26.0214881702909
54	0.053	-1.16590291979695	-27.2108312323552
55	0.054	-1.07214235067756	-28.3298538675924
56	0.055	-1.0877691122021	-29.4098095990323
57	0.056	-0.994008543026903	-30.4506984266468
58	0.057	-0.931501496872811	-31.4134534465966
59	0.058	-0.822114166031167	-32.2902612780486
60	0.059	-0.806487404474867	-33.1045620633016
61	0.06	-0.743980358230899	-33.8797959446545
62	0.061	-0.650219788808537	-34.5768960181742
63	0.062	-0.603339504071919	-35.2036756646145
64	0.063	-0.525205696139786	-35.7679482647203
65	0.064	-0.400191603349921	-36.2306469144652
66	0.065	-0.353311318522402	-36.6073983754013
67	0.066	-0.212670463937019	-36.890389266631
68	0.067	-0.118909894127497	-37.0561794456633
69	0.068	-0.0720296091968816	-37.1516491973255
70	0.069	0.0529844840359151	-37.161171759906
71	0.07	0.146745054041378	-37.0613069908673
72	0.071	0.256132385802312	-36.8598682709455
73	0.072	0.334266194261095	-36.5646689809138
74	0.073	0.412400002768435	-36.191335882399
75	0.074	0.521787334760504	-35.7242422136346
76	0.075	0.584294381656065	-35.1712013554263
77	0.076	0.67805495205813	-34.5400266885692
78	0.077	0.771815522530838	-33.8150914512747
79	0.078	0.849949331312198	-33.0042090243532
80	0.079	0.974963425464978	-32.0917526459646
81	0.08	1.05309723437477	-31.0777223160447
82	0.081	1.17811132873366	-29.9621180344905
83	0.082	1.20936485234327	-28.768379943952
84	0.083	1.33437894686154	-27.4965080443496
85	0.084	1.41251275600044	-26.1230621929186
86	0.085	1.45939304150783	-24.6871092941645
87	0.086	1.53752685072698	-23.1886493480471
88	0.087	1.56878037442872	-21.6354957354693
89	0.088	1.58440713628261	-20.0589019801136
90	0.089	1.63128742185637	-18.4510547010441
91	0.09	1.58440713628261	-16.8432074219746
92	0.091	1.64691418371832	-15.2275467619741
93	0.092	1.64691418371832	-13.5806325782558
94	0.093	1.56878037442872	-11.9727852991823
95	0.094	1.58440713628261	-10.3961915438266
96	0.095	1.49064656518946	-8.85866469309061
97	0.096	1.45939304150783	-7.38364488974197
98	0.097	1.38125923233887	-5.96331875281862
99	0.098	1.36563247051109	-4.58987290139364
100	0.099	1.35000570868531	-3.23205381179544
101	0.1	1.19373809053747	-1.96018191218405
102	0.101	1.19373809053747	-0.766443821646577
103	0.102	1.13123104333417	0.396040745289241
104	0.103	1.03747047258885	1.48039150325075
105	0.104	1.02184371080491	2.51004859494763
106	0.105	0.943709901914924	3.49282540130754
107	0.106	0.865576093074383	4.39746839880219
108	0.107	0.865576093074383	5.26304449187658
109	0.108	0.787442284283171	6.08955368055535
110	0.109	0.740561999032074	6.85355582221298
111	0.11	0.615547905115583	7.5316107742868
112	0.111	0.615547905115583	8.14715867940239
113	0.112	0.537414096481462	8.72363968020091
114	0.113	0.412400002768435	9.19854672982586
115	0.114	0.381146479359664	9.59531997088991
116	0.115	0.27175914749019	9.92177278431484
117	0.116	0.22487886243237	10.1700917892761
118	0.117	0.131118292368978	10.3480903666768
119	0.118	-0.0407760859002129	10.3932614699112
120	0.119	-0.0564028475495071	10.3446720031863
121	0.12	-0.150163417404992	10.2413888707091
122	0.121	-0.306431033677762	10.0130916451677
123	0.122	-0.337684556909426	9.69103384987409
124	0.123	-0.462698649760022	9.29084224653937
125	0.124	-0.540832457729994	8.78907669279436
126	0.125	-0.618966265652678	8.20917733110303
127	0.126	-0.681473311956855	7.55895754229826
128	0.127	-0.775233881356639	6.83060394564151
129	0.128	-0.947128258414135	5.96942287575613
130	0.129	-0.947128258414135	5.02229461734199
131	0.13	-1.07214235067756	4.01265931279614
132	0.131	-1.18152968131035	2.88582329680219
133	0.132	-1.21278320433159	1.68866685398122
134	0.133	-1.33779729634252	0.413376603644158
135	0.134	-1.4315578652732	-0.971300977163702
136	0.135	-1.50969167266482	-2.44192574613271
137	0.136	-1.54094519560862	-3.96724418026943
138	0.137	-1.57219871854508	-5.52381613734629
139	0.138	-1.60345224147422	-7.11164161735594
140	0.139	-1.63470576439604	-8.73072062029107
141	0.14	-1.66595928731055	-10.3810531461444
142	0.141	-1.66595928731055	-12.0470124334549
143	0.142	-1.66595928731055	-13.7129717207655
144	0.143	-1.65033252585421	-15.3711176273478
145	0.144	-1.60345224147422	-16.998010011012
146	0.145	-1.60345224147422	-18.6014622524863
147	0.146	-1.54094519560862	-20.1736609710277
148	0.147	-1.46281138823536	-21.6755392629497
149	0.148	-1.46281138823536	-23.138350651185
150	0.149	-1.38467758081615	-24.5620951357108
151	0.15	-1.33779729634252	-25.9233325742901
152	0.151	-1.22840996583943	-27.2064362053811
153	0.152	-1.1971564428219	-28.4192194097118
154	0.153	-1.10339587372479	-29.5694955679851
155	0.154	-1.07214235067756	-30.6572646801863
156	0.155	-1.07214235067756	-31.7294070308639
157	0.156	-0.931501496872811	-32.731228954639
158	0.157	-0.900247973784556	-33.6471036899677
159	0.158	-0.868994450688819	-34.5317249022044
160	0.159	-0.759607119794708	-35.3460256874462
161	0.16	-0.743980358230899	-36.097819426459
162	0.161	-0.665846550383638	-36.8027328807662
163	0.162	-0.572085980904736	-37.4216991464104
164	0.163	-0.540832457729994	-37.9781583657278
165	0.164	-0.384564841742649	-38.4408570154641
166	0.165	-0.353311318522402	-38.8097950955966
167	0.166	-0.212670463937019	-39.0927859868264
168	0.167	-0.165790179040868	-39.2820163083153
169	0.168	-0.00952256259586203	-39.3696726791337
170	0.169	0.0998647690299676	-39.3245015759166
171	0.17	0.115491530698508	-39.2168234260524
172	0.171	0.27175914749019	-39.023198086958
173	0.172	0.365519717658197	-38.7045586543838
174	0.173	0.459280287896194	-38.2921586516066
175	0.174	0.599921143384845	-37.7625579359661
176	0.175	0.584294381656065	-37.1704501734457
177	0.176	0.724935237285642	-36.5158353639748
178	0.177	0.818695807793743	-35.7440198414351
179	0.178	0.896829616604673	-34.8862571292359
180	0.179	1.02184371080491	-33.9269204655311
181	0.18	1.05309723437477	-32.8894499929413
182	0.181	1.13123104333417	-31.7972858540868
183	0.182	1.24061837596086	-30.6113611444393
184	0.183	1.25624513777265	-29.3629293875725
185	0.184	1.39688599416865	-28.0363638216019
186	0.185	1.44376627967002	-26.6160376846825
187	0.186	1.49064656518946	-25.1488312622528
188	0.187	1.53752685072698	-23.6347445542946
189	0.188	1.53752685072698	-22.0972177035676
190	0.189	1.64691418371832	-20.504997186345
191	0.19	1.61566065999643	-18.8737097644876
192	0.191	1.63128742185637	-17.2502357235612
193	0.192	1.58440713628261	-15.6423884444917
194	0.193	1.56878037442872	-14.065794689136
195	0.194	1.58440713628261	-12.4892009337804
196	0.195	1.50627332703329	-10.9438607021224
197	0.196	1.44376627967002	-9.46884089877076
198	0.197	1.44376627967002	-8.02507461910074
199	0.198	1.33437894686154	-6.63600200583496
200	0.199	1.30312542321999	-5.3172498207942
201	0.2	1.25624513777265	-4.03756454029788
202	0.201	1.11560428153831	-2.8516398306424
203	0.202	1.08435075795257	-1.75166231089696
204	0.203	1.02184371080491	-0.698565076518216
205	0.204	0.990590187242974	0.307651872505726
206	0.205	0.974963425464978	1.2904286788597
207	0.206	0.881202854838541	2.21851181901146
208	0.207	0.818695807793743	3.0684611503276
209	0.208	0.803069046037472	3.87934357724321
210	0.209	0.709308475541174	4.63553233803253
211	0.21	0.662428190319553	5.3214006709629
212	0.211	0.615547905115583	5.96038871868047
213	0.212	0.506160573041499	6.52124295775901
214	0.213	0.443653526184992	6.99615000737225
215	0.214	0.381146479359664	7.40855001014458
216	0.215	0.256132385802312	7.72718944272557
217	0.216	0.209252100750304	7.95988168600188
218	0.217	0.131118292368978	8.13006688256152
219	0.218	0.00610419905919648	8.19867812827561
220	0.219	-0.0876563708423375	8.15790204238404
221	0.22	-0.212670463937019	8.00773862499436
222	0.221	-0.259550748815976	7.77162801861786
223	0.222	-0.368938080133476	7.45738360414313
224	0.223	-0.447071888160343	7.04937861999622
225	0.224	-0.525205696139786	6.56323982784616
226	0.225	-0.634593027231551	5.98334046616049
227	0.226	-0.697100073528189	5.31749391578062
228	0.227	-0.743980358230899	4.59695369990108
229	0.228	-0.884621212237623	3.78265291466682
230	0.229	-0.994008543026903	2.84333803703455
231	0.23	-1.0877691122021	1.80244920942005
232	0.231	-1.1502761582817	0.683426574178149
233	0.232	-1.24403672734542	-0.51372986863541
234	0.233	-1.38467758081615	-1.8280870227162
235	0.234	-1.40030434230367	-3.22057798427611
236	0.235	-1.49406491119017	-4.66776261102303
237	0.236	-1.54094519560862	-6.18526766442243
238	0.237	-1.58782548001057	-7.74965300223202
239	0.238	-1.63470576439604	-9.36091862443533
240	0.239	-1.66595928731055	-11.0112511502886
241	0.24	-1.68158604876506	-12.6850238183264
242	0.241	-1.68158604876506	-14.3666098670915
243	0.242	-1.66595928731055	-16.0403825351293
244	0.243	-1.63470576439604	-17.6907150609826
245	0.244	-1.60345224147422	-19.3097940639177
246	0.245	-1.57219871854508	-20.8976195439274
247	0.246	-1.52531843413764	-22.4463781202687
248	0.247	-1.50969167266482	-23.96388317367
249	0.248	-1.46281138823536	-25.45013470412
250	0.249	-1.36905081932679	-26.8660658079011
251	0.25	-1.36905081932679	-28.2351166272279
252	0.251	-1.24403672734542	-29.541660400564
253	0.252	-1.21278320433159	-30.7700703664025
254	0.253	-1.16590291979695	-31.9594134284668
255	0.254	-1.13464939676458	-33.1096895867476
256	0.255	-1.0877691122021	-34.2208988412309
257	0.256	-1.00963530456076	-35.2696010496123
258	0.257	-0.97838178149118	-36.2636095926383
259	0.258	-0.884621212237623	-37.1951110895027
260	0.259	-0.806487404474867	-38.040665397859
261	0.26	-0.775233881356639	-38.8315260407747
262	0.261	-0.697100073528189	-39.5676930182171
263	0.262	-0.587712742489272	-40.2100994262259
264	0.263	-0.493952172953692	-40.7509318839473
265	0.264	-0.415818364955293	-41.2058171529018
266	0.265	-0.306431033677762	-41.5669418522184
267	0.266	-0.212670463937019	-41.8264926010257
268	0.267	-0.118909894127497	-41.992282780058
269	0.268	-0.0407760859002129	-42.0721257700719
270	0.269	0.084238007363356	-42.0503948093403
271	0.27	0.131118292368978	-41.9427166594741
272	0.271	0.256132385802312	-41.7490913203885
273	0.272	0.349892955958674	-41.446078649508
274	0.273	0.412400002768435	-41.0649321701444
275	0.274	0.568667619929242	-40.5743983587956
276	0.275	0.599921143384845	-39.9901039771386
277	0.276	0.709308475541174	-39.3354891676755
278	0.277	0.818695807793743	-38.5714870260081
279	0.278	0.881202854838541	-37.7215376946919
280	0.279	1.00621694902295	-36.7778277927612
281	0.28	1.06872399616268	-35.7403573201684
282	0.281	1.16248456693184	-34.6247530386211
283	0.282	1.24061837596086	-33.4232015671748
284	0.283	1.28749866140221	-32.1591430484932
285	0.284	1.39688599416865	-30.8169507207078
286	0.285	1.44376627967002	-29.3966245837885
287	0.286	1.53752685072698	-27.90597801859
288	0.287	1.55315361257684	-26.3606377869381
289	0.288	1.60003389813851	-24.7840440315804
290	0.289	1.61566065999643	-23.1761967525129
291	0.29	1.61566065999643	-21.5605360925165
292	0.291	1.64691418371832	-19.9292486706591
293	0.292	1.63128742185637	-18.2901478678717
294	0.293	1.60003389813851	-16.6744872078743
295	0.294	1.53752685072698	-15.1057068334416
296	0.295	1.53752685072698	-13.5681799827146
297	0.296	1.47501980334764	-12.0619066556773
298	0.297	1.44376627967002	-10.6025136141684
299	0.298	1.36563247051109	-9.19781423907789
300	0.299	1.35000570868531	-7.83999514947969
301	0.3	1.24061837596086	-6.5446831071566
302	0.301	1.16248456693184	-5.34313163571025
303	0.302	1.14685780513201	-4.18846044967833
304	0.303	1.02184371080491	-3.10410969170987
305	0.304	1.02184371080491	-2.08226598090496
306	0.305	0.928083140142864	-1.10730255543107
307	0.306	0.912456378372781	-0.187032796173251
308	0.307	0.881202854838541	0.70979682043241
309	0.308	0.771815522530838	1.5363060091171
310	0.309	0.740561999032074	2.29249476989856
311	0.31	0.67805495205813	3.00180324544366
312	0.311	0.537414096481462	3.60953776971345
313	0.312	0.506160573041499	4.13132510447493
314	0.313	0.443653526184992	4.60623215408818
315	0.314	0.42802676447574	5.04207229941855
316	0.315	0.318639432565457	5.41540539793914
317	0.316	0.193625339070172	5.67153778375696
318	0.317	0.16237181571571	5.8495363611499
319	0.318	0.00610419905919648	5.93377436853735
320	0.319	-0.0564028475495071	5.9086250442922
321	0.32	-0.150163417404992	5.80534191181495
322	0.321	-0.243923987191566	5.60829820951667
323	0.322	-0.353311318522402	5.30968055665969
324	0.323	-0.431445126558767	4.9173023341191
325	0.324	-0.540832457729994	4.43116354197472
326	0.325	-0.603339504071919	3.85907756107376
327	0.326	-0.743980358230899	3.18541762992236
328	0.327	-0.775233881356639	2.42581051012859
329	0.328	-0.931501496872811	1.57244282101386
330	0.329	-0.994008543026903	0.609687801064004
331	0.33	-1.07214235067756	-0.423387645788226
332	0.331	-1.18152968131035	-1.55022366178218
333	0.332	-1.21278320433159	-2.74738010460315
334	0.333	-1.35342405783558	-4.03048373568674
335	0.334	-1.40030434230367	-5.40734793575636
336	0.335	-1.46281138823536	-6.83890580102588
337	0.336	-1.54094519560862	-8.34078409294787
338	0.337	-1.52531843413764	-9.873915907821
339	0.338	-1.61907900293605	-11.4461146263578
340	0.339	-1.65033252585421	-13.080820390753
341	0.34	-1.68158604876506	-14.7467796780626
342	0.341	-1.71283957166861	-16.4439924882794
343	0.342	-1.66595928731055	-18.133391917769
344	0.343	-1.68158604876506	-19.8071645858068
345	0.344	-1.66595928731055	-21.4809372538446
346	0.345	-1.60345224147422	-23.115643018237
347	0.346	-1.61907900293605	-24.7269086404421
348	0.347	-1.49406491119017	-26.2834805975053
349	0.348	-1.4315578652732	-27.7462919857369
350	0.349	-1.36905081932679	-29.1465963280369
351	0.35	-1.32217053484762	-30.4922070051241
352	0.351	-1.25966348884956	-31.7831240169727
353	0.352	-1.22840996583943	-33.0271607443172
354	0.353	-1.11902263524562	-34.2008770448597
355	0.354	-1.10339587372479	-35.3120862993449
356	0.355	-1.04088882762288	-36.3842286500188
357	0.356	-1.00963530456076	-37.4094907161106
358	0.357	-0.853367689138142	-38.3409922129601
359	0.358	-0.884621212237623	-39.2099866636479
360	0.359	-0.822114166031167	-40.0633543527823
361	0.36	-0.71272683509764	-40.8307748533467
362	0.361	-0.681473311956855	-41.527874926874
363	0.362	-0.572085980904736	-42.1546545733048
364	0.363	-0.509578934547686	-42.695487031031
365	0.364	-0.415818364955293	-43.1581856807825
366	0.365	-0.322057795294546	-43.5271237609074
367	0.366	-0.259550748815976	-43.8179280329627
368	0.367	-0.150163417404992	-44.0227851160731
369	0.368	-0.0407760859002129	-44.1182548677257
370	0.369	0.084238007363356	-44.0965239069942
371	0.37	0.131118292368978	-43.988845757128
372	0.371	0.256132385802312	-43.7952204180424
373	0.372	0.349892955958674	-43.4922077471619
374	0.373	0.443653526184992	-43.09543450609
375	0.374	0.521787334760504	-42.6127140756173
376	0.375	0.646801428582936	-42.0284196939456
377	0.376	0.724935237285642	-41.3425513610113
378	0.377	0.834322569551985	-40.5629224575925
379	0.378	0.881202854838541	-39.7051597453972
380	0.379	0.990590187242974	-38.7692632243564
381	0.38	1.02184371080491	-37.7630462753325
382	0.381	1.17811132873366	-36.6630687555632
383	0.382	1.20936485234327	-35.4693306650247
384	0.383	1.31875218503976	-34.2052721463332
385	0.384	1.36563247051109	-32.8630798185578
386	0.385	1.44376627967002	-31.4583804434672
387	0.386	1.52190008887913	-29.9755472591927
388	0.387	1.56878037442872	-28.4302070275388
389	0.388	1.56878037442872	-26.86142665311
390	0.389	1.63128742185637	-25.2613927549675
391	0.39	1.6625409455823	-23.6144785712482
392	0.391	1.58440713628261	-21.9910045303157
393	0.392	1.60003389813851	-20.3987840131052
394	0.393	1.56878037442872	-18.8143768768215
395	0.394	1.58440713628261	-17.2377831214659
396	0.395	1.52190008887913	-15.684629508885
397	0.396	1.42813951783423	-14.2096097055283
398	0.397	1.39688599416865	-12.7970969495269
399	0.398	1.33437894686154	-11.4314644790118
400	0.399	1.28749866140221	-10.1205256748799
401	0.4	1.19373809053747	-8.87990729891009
402	0.401	1.17811132873366	-7.69398258927452
403	0.402	1.13123104333417	-6.53931140324061
404	0.403	1.09997751974445	-5.4237071217013
405	0.404	1.00621694902295	-4.3706098873176
406	0.405	0.959336663688962	-3.38783308096165
407	0.406	0.943709901914924	-2.4363097981597
408	0.407	0.834322569551985	-1.54729356242625
409	0.408	0.771815522530838	-0.744224516384839
410	0.409	0.740561999032074	0.0119642443966165
411	0.41	0.662428190319553	0.71345933907243
412	0.411	0.615547905115583	1.35244738679
413	0.412	0.553040858204374	1.93674176844998
414	0.413	0.42802676447574	2.42727557979003
415	0.414	0.396773241063077	2.83967558255944
416	0.415	0.303012670871761	3.18956853852686
417	0.416	0.22487886243237	3.45351430517893
418	0.417	0.16237181571571	3.64713964425297
419	0.418	0.00610419905919648	3.73137765164042
420	0.419	-0.0407760859002129	3.71404170821991
421	0.42	-0.134536655767202	3.6263853373862
422	0.421	-0.275177510438478	3.42152825428336
423	0.422	-0.306431033677762	3.13072398222524
424	0.423	-0.400191603349921	2.7774126637114
425	0.424	-0.509578934547686	2.3225273947626
426	0.425	-0.587712742489272	1.77388155624412
427	0.426	-0.743980358230899	1.10803500588404
428	0.427	-0.72835359666521	0.371868028435982
429	0.428	-0.884621212237623	-0.434619376015434
430	0.429	-1.00963530456076	-1.38174763441463
431	0.43	-1.04088882762288	-2.40700970050645
432	0.431	-1.1971564428219	-3.52603233572884
433	0.432	-1.25966348884956	-4.75444230156457
434	0.433	-1.33779729634252	-6.05317269416061
435	0.434	-1.40030434230367	-7.42222351348371
436	0.435	-1.46281138823536	-8.85378137875323
437	0.436	-1.54094519560862	-10.3556596706752
438	0.437	-1.55657195707777	-11.9044182470184
439	0.438	-1.66595928731055	-13.5156838692126
440	0.439	-1.61907900293605	-15.1582030143359
441	0.44	-1.63470576439604	-16.7850953980019
442	0.441	-1.71283957166861	-18.4588680660342
443	0.442	-1.65033252585421	-20.1404541147956
444	0.443	-1.66595928731055	-21.798600021378
445	0.444	-1.63470576439604	-23.4489325472313
446	0.445	-1.55657195707777	-25.0445714079682
447	0.446	-1.54094519560862	-26.5933299843114
448	0.447	-1.50969167266482	-28.1186484184481
449	0.448	-1.46281138823536	-29.6048999488982
450	0.449	-1.40030434230367	-31.0364578141678
451	0.45	-1.30654377335088	-32.389881871995
452	0.451	-1.30654377335088	-33.6964256453459
453	0.452	-1.1971564428219	-34.9482757534323
454	0.453	-1.1971564428219	-36.1454321962542
455	0.454	-1.10339587372479	-37.2957083545275
456	0.455	-0.994008543026903	-38.3444105629034
457	0.456	-0.962755019953591	-39.3227923443936
458	0.457	-0.915874735329619	-40.2621072220352
459	0.458	-0.915874735329619	-41.1779819573649
460	0.459	-0.822114166031167	-42.0469764080453
461	0.46	-0.72835359666521	-42.8222102893934
462	0.461	-0.681473311956855	-43.5271237437045
463	0.462	-0.572085980904736	-44.1539033901353
464	0.463	-0.478325411357805	-44.6791090862665
465	0.464	-0.447071888160343	-45.1418077360256
466	0.465	-0.290804272059073	-45.5107458161353
467	0.466	-0.306431033677762	-45.8093634690037
468	0.467	-0.150163417404992	-46.0376606945451
469	0.468	-0.103283132485876	-46.1643839694906
470	0.469	0.00610419905919648	-46.2129734362039
471	0.47	0.146745054041378	-46.1365488096536
472	0.471	0.193625339070172	-45.9663636130978
473	0.472	0.334266194261095	-45.7024178464322
474	0.473	0.443653526184992	-45.3134579862092
475	0.474	0.506160573041499	-44.8385509365959
476	0.475	0.615547905115583	-44.2776966975174
477	0.476	0.693681713798671	-43.6230818880602
478	0.477	0.818695807793743	-42.866893127264
479	0.478	0.849949331312198	-42.0325705577111
480	0.479	0.974963425464978	-41.1201141793225
481	0.48	1.08435075795257	-40.0904570876137
482	0.481	1.09997751974445	-38.9982929487652
483	0.482	1.24061837596086	-37.8279950009125
484	0.483	1.33437894686154	-36.5404963395013
485	0.484	1.36563247051109	-35.190490630815
486	0.485	1.50627332703329	-33.7545377320428
487	0.486	1.49064656518946	-32.2560777859315
488	0.487	1.52190008887913	-30.7498044588972
489	0.488	1.60003389813851	-29.1888374653883
490	0.489	1.56878037442872	-27.6044303291047
491	0.49	1.64691418371832	-25.9965830500312
492	0.491	1.58440713628261	-24.3809223900307
493	0.492	1.58440713628261	-22.7965152537481
494	0.493	1.63128742185637	-21.1886679746786
495	0.494	1.52190008887913	-19.6120742193109
496	0.495	1.50627332703329	-18.0979875113547
497	0.496	1.45939304150783	-16.6151543270841
498	0.497	1.42813951783423	-15.1713880474131
499	0.498	1.38125923233887	-13.7666886723266
500	0.499	1.28749866140221	-12.432309725456
501	0.5	1.22499161415107	-11.1760645876794
502	0.501	1.13123104333417	-9.99795325893676
503	0.502	1.13123104333417	-8.86672221560259
504	0.503	1.08435075795257	-7.75893131495922
505	0.504	0.990590187242974	-6.72146084236145
506	0.505	0.974963425464978	-5.73868403600748
507	0.506	0.928083140142864	-4.78716075320355
508	0.507	0.849949331312198	-3.89814451747602
509	0.508	0.787442284283171	-3.07944870967834
510	0.509	0.709308475541174	-2.33107332976617
511	0.51	0.756188760780472	-1.59832471160534
512	0.511	0.63117466684828	-0.904642997790968
513	0.512	0.553498673477875	-0.904642997790968
514	0.513	0.506618388320859	-0.374584466891601
515	0.514	0.444111341472153	0.100780398004905
516	0.515	0.33472400956187	0.490198073521917
517	0.516	0.225336677746717	0.770228417176211
518	0.517	0.162829631037792	0.964311571568465
519	0.518	0.0690690610323284	1.08026091760353
520	0.519	-0.00906474725258495	1.1102630744934
521	0.52	-0.134078840408579	1.03869128066282
522	0.521	-0.259092933442065	0.842105393737494
523	0.522	-0.290346456681349	0.567385698675787
524	0.523	-0.368480264746236	0.237972337961995
525	0.524	-0.477867595957279	-0.185201592389762
526	0.525	-0.587254927075506	-0.717762853906154
527	0.526	-0.696642258101227	-1.35971144649452
528	0.527	-0.759149304360226	-2.08760722772525
529	0.528	-0.837283112141729	-2.88582343597622
530	0.529	-0.962297204494767	-3.78561359429447
531	0.53	-1.04043101215474	-4.78697770261922
532	0.531	-1.14981834280054	-5.88210238009686
533	0.532	-1.24357891185315	-7.07880100742371
534	0.533	-1.27483243485588	-8.33800668077822
535	0.534	-1.39984652679294	-9.67534616160263
536	0.535	-1.44672681123895	-11.0986328306186
537	0.536	-1.50923385714123	-12.5766131648087
538	0.537	-1.52486061861221	-14.0936604026854
539	0.538	-1.60299442593963	-15.6575879249613
540	0.539	-1.63424794885779	-17.27620911236
541	0.54	-1.61862118739963	-18.9026436804887
542	0.541	-1.64987471031413	-20.5368916293456
543	0.542	-1.63424794885779	-22.1789529589316
544	0.543	-1.64987471031413	-23.8210142885175
545	0.544	-1.58736766447781	-25.4396354759135
546	0.545	-1.55611414154867	-27.0113763789267
547	0.546	-1.54048738008136	-28.5596771397417
548	0.547	-1.46235357271727	-30.0610976161411
549	0.548	-1.36859300381974	-31.4765709044096
550	0.549	-1.41547328827678	-32.8686040504578
551	0.55	-1.29045919635447	-34.2215702927734
552	0.551	-1.24357891185315	-35.4885893468772
553	0.552	-1.21232538884302	-36.7165414972253
554	0.553	-1.13419158128528	-37.8897999822895
555	0.554	-1.08731129672838	-39.0005514212963
556	0.555	-1.00917748909634	-40.0487958142087
557	0.556	-0.97792396603049	-41.0423465417721
558	0.557	-0.931043681417722	-41.9968303654962
559	0.558	-0.821656350589179	-42.8731803814997
560	0.559	-0.806029589034754	-43.6870233513116
561	0.56	-0.696642258101227	-44.4383592748796
562	0.561	-0.681015496531776	-45.1271881521961
563	0.562	-0.571628165492858	-45.7535099832084
564	0.563	-0.540374642321897	-46.3095113871158
565	0.564	-0.415360549562354	-46.7873789830579
566	0.565	-0.243466171819563	-47.1167923437489
567	0.566	-0.259092933442065	-47.3680718963797
568	0.567	-0.134078840408579	-47.564657783305
569	0.568	-0.0871985554894623	-47.6752964812541
570	0.569	0.0221887760556097	-47.707801370971
571	0.57	0.100322584359769	-47.6465456907633
572	0.571	0.225336677746717	-47.48371605971
573	0.572	0.287843724486603	-47.2271258585934
574	0.573	0.459738103181405	-46.8533349447594
575	0.574	0.475364864892607	-46.3857834607224
576	0.575	0.616005720381259	-45.8400981680854
577	0.576	0.756646576028487	-45.1537720198806
578	0.577	0.834780384790156	-44.3580585394712
579	0.578	0.928540955369194	-43.4763978693916
580	0.579	1.00667476423939	-42.5087900095873
581	0.58	1.08480857315909	-41.463048340888
582	0.581	1.19419590573007	-40.3235461014435
583	0.582	1.27232971476906	-39.0902832911939
584	0.583	1.35046352385795	-37.7788866718804
585	0.584	1.41297057116506	-36.3971696243689
586	0.585	1.50673114218587	-34.9373187676934
587	0.586	1.50673114218587	-33.4305876255075
588	0.587	1.55361142772339	-31.9004163405529
589	0.588	1.58486495142513	-30.3311781509786
590	0.589	1.64737199885278	-28.7150596758397
591	0.59	1.6942522844447	-27.0442475341909
592	0.591	1.60049171327902	-25.3968755353291
593	0.592	1.66299876071474	-23.7651302983322
594	0.593	1.63174523699285	-22.1177582994784
595	0.594	1.56923818957325	-20.5172665861954
596	0.595	1.55361142772339	-18.955841777547
597	0.596	1.47547761850424	-17.4412972544332
598	0.597	1.41297057116506	-15.9970731595986
599	0.598	1.41297057116506	-14.5841025884335
600	0.599	1.30358323839862	-13.2258256836517
601	0.6	1.3192100002164	-11.9144290643441
602	0.601	1.14731562033058	-10.6811662540707
603	0.602	1.13168885853473	-9.541664014638
604	0.603	1.08480857315909	-8.4334152987911
605	0.604	0.991048002461391	-7.39548701098085
606	0.605	0.975421240685375	-6.41225238940747
607	0.606	0.912914193601087	-5.46808467226424
608	0.607	0.834780384790156	-4.59423738306862
609	0.608	0.803526861279584	-3.77508376003375
610	0.609	0.725393052537587	-3.01062380312516
611	0.61	0.709766290795084	-2.29304413145883
612	0.611	0.616005720381259	-1.63015812587065
613	0.612	0.569125435200788	-1.03759254807963
614	0.613	0.506618388320859	-0.499720636318808
615	0.614	0.397231056356078	-0.0477959139803395
616	0.615	0.365977532955088	0.333808380675243
617	0.616	0.209709916066585	0.62165210518608
618	0.617	0.178456392712124	0.815735259575434
619	0.618	0.100322584359769	0.955124748111381
620	0.619	-0.0871985554894623	0.961686762546535
621	0.62	-0.0871985554894623	0.874488207057072
622	0.621	-0.180959125310467	0.740409366657108
623	0.622	-0.321599979913013	0.489129814045368
624	0.623	-0.415360549562354	0.120649549307685
625	0.624	-0.52474788073358	-0.349404665840282
626	0.625	-0.556001403908322	-0.889779308161233
627	0.626	-0.665388734960442	-1.50047437759562
628	0.627	-0.806029589034754	-2.23618353959321
629	0.628	-0.852909873692406	-3.06565327095679
630	0.629	-0.97792396603049	-3.98107019081824
631	0.63	-1.07168453520569	-5.00587444143633
632	0.631	-1.13419158128528	-6.10881249968182
633	0.632	-1.22795215034901	-7.28988436549896
634	0.633	-1.24357891185315	-8.52564989660004
635	0.634	-1.38421976530726	-9.83954923518024
636	0.635	-1.41547328827678	-11.2393957619723
637	0.636	-1.47798033419376	-12.6861225732075
638	0.637	-1.57174090301416	-14.2109831918115
639	0.638	-1.61862118739963	-15.8061642370184
640	0.639	-1.63424794885779	-17.4325988051471
641	0.64	-1.6967549946722	-19.0981002769121
642	0.641	-1.66550147176865	-20.7792285101325
643	0.642	-1.64987471031413	-22.4369166011739
644	0.643	-1.64987471031413	-24.086791311488
645	0.644	-1.57174090301416	-25.6975991181522
646	0.645	-1.60299442593963	-27.2849667826291
647	0.646	-1.54048738008136	-28.8567076856396
648	0.647	-1.43110004975878	-30.3425014005596
649	0.648	-1.43110004975878	-31.7736014503184
650	0.649	-1.32171271934611	-33.1500078348709
651	0.65	-1.29045919635447	-34.4560937927212
652	0.651	-1.21232538884302	-35.7074860853199
653	0.652	-1.18107186582549	-36.9041847126541
654	0.653	-1.11856481976817	-38.054003055451
655	0.654	-1.07168453520569	-39.1491277329379
656	0.655	-1.04043101215474	-40.2051855066181
657	0.656	-0.97792396603049	-41.2143629957107
658	0.657	-0.899790158333206	-42.1532200578926
659	0.658	-0.821656350589179	-43.0139433123538
660	0.659	-0.806029589034754	-43.8277862821657
661	0.66	-0.649761973387225	-44.5556820633767
662	0.661	-0.634135211812124	-45.1976306559764
663	0.662	-0.571628165492858	-45.8005123446289
664	0.663	-0.493494357551272	-46.333073606151
665	0.664	-0.384107026353508	-46.7718742981034
666	0.665	-0.290346456681349	-47.1091010396208
667	0.666	-0.227839410195153	-47.368193973059
668	0.667	-0.118452078770789	-47.541339717542
669	0.668	-0.0403182705530939	-47.6207248922039
670	0.669	0.0378155377125915	-47.6219762586242
671	0.67	0.178456392712124	-47.5138402934118
672	0.671	0.272216962798726	-47.2885036156564
673	0.672	0.319097247868174	-46.992846510323
674	0.673	0.475364864892607	-46.5956154539426
675	0.674	0.475364864892607	-46.12025058905
676	0.675	0.616005720381259	-45.574565296413
677	0.676	0.725393052537587	-44.9038659099536
678	0.677	0.756646576028487	-44.1628460956706
679	0.678	0.928540955369194	-43.3202523299717
680	0.679	0.975421240685375	-42.3682712319444
681	0.68	1.05355504958526	-41.3537830868091
682	0.681	1.17856914392825	-40.2377209900524
683	0.682	1.22544942933969	-39.0357117034184
684	0.683	1.35046352385795	-37.7477552268196
685	0.684	1.3817170475075	-36.3816649411368
686	0.685	1.42859733299685	-34.9765077508847
687	0.686	1.5223579040297	-33.5010301323714
688	0.687	1.58486495142513	-31.947418704644
689	0.688	1.58486495142513	-30.3625537532188
690	0.689	1.60049171327902	-28.7698754208668
691	0.69	1.61611847513492	-27.1615703266598
692	0.691	1.64737199885278	-25.5298250896659
693	0.692	1.61611847513492	-23.8980798526721
694	0.693	1.60049171327902	-22.2897747584651
695	0.694	1.58486495142513	-20.697096426113
696	0.695	1.53798466587554	-19.1356716174627
697	0.696	1.49110438034405	-17.6211270943529
698	0.697	1.42859733299685	-16.1612762376825
699	0.698	1.36609028568173	-14.7639324283432
700	0.699	1.30358323839862	-13.429095666303
701	0.7	1.24107619114748	-12.1567659515299
702	0.701	1.19419590573007	-10.9391299030912
703	0.702	1.13168885853473	-9.77618752095875
704	0.703	1.11606209674086	-8.65231204332096
705	0.704	1.03792828780132	-7.57531685104987
706	0.705	0.975421240685375	-6.56864208680652
707	0.706	0.928540955369194	-5.61666098877923
708	0.707	0.866033908308611	-4.71937355694033
709	0.708	0.787900099527251	-3.8924065530224
710	0.709	0.709766290795084	-3.14357335786123
711	0.71	0.709766290795084	-2.43380706706615
712	0.711	0.600378958652478	-1.77873444234237
713	0.712	0.506618388320859	-1.2252357688557
714	0.713	0.459738103181405	-0.742057523104567
715	0.714	0.381604294654611	-0.321386324186558
716	0.715	0.256590201112786	-0.00228907630285991
717	0.716	0.256590201112786	0.254301124809926
718	0.717	0.147202869365391	0.456197660049015
719	0.718	0.0534422993714974	0.55652024441746
720	0.719	-0.0403182705530939	0.563082258826662
721	0.72	-0.118452078770789	0.48369708416472
722	0.721	-0.259092933442065	0.294924578058294
723	0.722	-0.321599979913013	0.00457812138075547
724	0.723	-0.415360549562354	-0.363902143356928
725	0.724	-0.493494357551272	-0.818329596913741
726	0.725	-0.587254927075506	-1.35870423922713
727	0.726	-0.681015496531776	-1.99283945103077
728	0.727	-0.806029589034754	-2.73636199381403
729	0.728	-0.852909873692406	-3.56583172517761
730	0.729	-1.00917748909634	-4.49687540657199
731	0.73	-1.07168453520569	-5.537306418723
732	0.731	-1.13419158128528	-6.64024447696849
733	0.732	-1.22795215034901	-7.82131634278563
734	0.733	-1.29045919635447	-9.08052201613737
735	0.734	-1.35296624233037	-10.4022347354798
736	0.735	-1.44672681123895	-11.8020812622645
737	0.736	-1.47798033419376	-13.2644348349808
738	0.737	-1.57174090301416	-14.7892954535848
739	0.738	-1.57174090301416	-16.3610363565989
740	0.739	-1.66550147176865	-17.9796575439903
741	0.74	-1.66550147176865	-19.645159015759
742	0.741	-1.68112823322134	-21.318473868254
743	0.742	-1.71238175612124	-23.0152288629252
744	0.743	-1.63424794885779	-24.6885437154148
745	0.744	-1.64987471031413	-26.3306050450007
746	0.745	-1.58736766447781	-27.9492262323967
747	0.746	-1.54048738008136	-29.5131537546763
748	0.747	-1.46235357271727	-31.0145742310756
749	0.748	-1.41547328827678	-32.4534876615726
750	0.749	-1.36859300381974	-33.8455208076209
751	0.75	-1.30608595785121	-35.1828602884564
752	0.751	-1.27483243485588	-36.4733194848099
753	0.752	-1.19669862733518	-37.7090850159054
754	0.753	-1.1029380582492	-38.8589033586976
755	0.754	-1.08731129672838	-39.9540280361864
756	0.755	-0.993550727564348	-40.9944590483328
757	0.756	-0.946670442957178	-41.9645696335935
758	0.757	-0.884163396788143	-42.8799865534662
759	0.758	-0.852909873692406	-43.7485231887065
760	0.759	-0.743522542798295	-44.5467393969518
761	0.76	-0.727895781234486	-45.2824485589682
762	0.761	-0.602881688656265	-45.9478372939136
763	0.762	-0.556001403908322	-46.5272788401959
764	0.763	-0.446614072763608	-47.0285865785318
765	0.764	-0.415360549562354	-47.4595738896948
766	0.765	-0.305973218298133	-47.8202407736251
767	0.766	-0.196585886940606	-48.0715203262444
768	0.767	-0.134078840408579	-48.236852689919
769	0.768	-0.0871985554894623	-48.347491387868
770	0.769	0.0534422993714974	-48.364369515927
771	0.77	0.194083154388388	-48.2406067890471
772	0.771	0.240963439428784	-48.0230834921385
773	0.772	0.365977532955088	-47.7196130059466
774	0.773	0.444111341472153	-47.3145685687329
775	0.774	0.584752196925655	-46.800136799534
776	0.775	0.631632482111997	-46.1919444600152
777	0.776	0.741019814282055	-45.5056183118182
778	0.777	0.787900099527251	-44.7411583549135
779	0.778	0.959794478911337	-43.8673110656942
780	0.779	0.975421240685375	-42.8997032058959
781	0.78	1.08480857315909	-41.8695882989737
782	0.781	1.17856914392825	-40.73789944043
783	0.782	1.25670295295728	-39.5202633919872
784	0.783	1.35046352385795	-38.2166801535796
785	0.784	1.35046352385795	-36.8662166297216
786	0.785	1.44422409483064	-35.4688728203773
787	0.786	1.53798466587554	-33.9777684400243
788	0.787	1.5223579040297	-32.4475971550716
789	0.788	1.64737199885278	-30.8627322036304
790	0.789	1.63174523699285	-29.2231735857076
791	0.79	1.67862552257871	-27.5679882059218
792	0.791	1.66299876071474	-25.8971760642751
793	0.792	1.60049171327902	-24.2654308272782
794	0.793	1.66299876071474	-22.6336855902813
795	0.794	1.56923818957325	-21.0175671151373
796	0.795	1.58486495142513	-19.4405155446381
797	0.796	1.50673114218587	-17.8947174978326
798	0.797	1.39734380933528	-16.4426800220721
799	0.798	1.42859733299685	-15.029709450906
800	0.799	1.30358323839862	-13.6636191652083
801	0.8	1.25670295295728	-12.3834760695303
802	0.801	1.20982266753388	-11.1502132592847
803	0.802	1.11606209674086	-9.98727087714735
804	0.803	1.08480857315909	-8.88683554219737
805	0.804	1.03792828780132	-7.82546711171717
806	0.805	0.959794478911337	-6.82660572836084
807	0.806	0.944167717139277	-5.87462463033553
808	0.807	0.881660670070796	-4.96171043673049
809	0.808	0.819153623033885	-4.11130329017815
810	0.809	0.756646576028487	-3.32340319064697
811	0.81	0.678512767315966	-2.60582351897474
812	0.811	0.647259243844693	-1.94293751339441
813	0.812	0.475364864892607	-1.38162545902576
814	0.813	0.490991626605758	-0.898447213276576
815	0.814	0.41285781805949	-0.446522490943953
816	0.815	0.272216962798726	-0.103985100514845
817	0.816	0.225336677746717	0.144791719757877
818	0.817	0.115949346026381	0.315434731644425
819	0.818	0.0221887760556097	0.384503792685421
820	0.819	-0.00906474725258495	0.391065807086934
821	0.82	-0.180959125310467	0.296053870805408
822	0.821	-0.227839410195153	0.0916546030525976
823	0.822	-0.321599979913013	-0.183065092001485
824	0.823	-0.368480264746236	-0.528105214331109
825	0.824	-0.477867595957279	-0.951279144682866
826	0.825	-0.634135211812124	-1.50728054856757
827	0.826	-0.681015496531776	-2.16485590273952
828	0.827	-0.743522542798295	-2.87712492240455
829	0.828	-0.86853663524121	-3.6831545114243
830	0.829	-0.97792396603049	-4.60638481206016
831	0.83	-1.08731129672838	-5.63900244343959
832	0.831	-1.13419158128528	-6.74975388244642
833	0.832	-1.21232538884302	-7.92301236751057
834	0.833	-1.32171271934611	-9.19003142160513
835	0.834	-1.41547328827678	-10.5586244254166
836	0.835	-1.54048738008136	-12.0366047595957
837	0.836	-1.50923385714123	-13.5614653782069
838	0.837	-1.60299442593963	-15.1175795197474
839	0.838	-1.63424794885779	-16.7362007071461
840	0.839	-1.63424794885779	-18.3704486560039
841	0.84	-1.68112823322134	-20.0281367470434
842	0.841	-1.63424794885779	-21.685824838083
843	0.842	-1.6967549946722	-23.351326309848
844	0.843	-1.63424794885779	-25.016827781613
845	0.844	-1.58736766447781	-26.6276355882808
846	0.845	-1.57174090301416	-28.2071898720268
847	0.846	-1.47798033419376	-29.7320504906307
848	0.847	-1.50923385714123	-31.2256575862982
849	0.848	-1.43110004975878	-32.6958245397482
850	0.849	-1.36859300381974	-34.0956710665375
851	0.85	-1.35296624233037	-35.4564506896126
852	0.851	-1.25920567335544	-36.7625366474555
853	0.852	-1.21232538884302	-37.9983021785547
854	0.853	-1.1029380582492	-39.1559339021008
855	0.854	-1.05605777368114	-40.235431818066
856	0.855	-1.04043101215474	-41.2836762109839
857	0.856	-0.946670442957178	-42.2772269385399
858	0.857	-0.86853663524121	-43.1848304776391
859	0.858	-0.821656350589179	-44.0299269705542
860	0.859	-0.727895781234486	-44.8047030364661
861	0.86	-0.712269019668797	-45.5247854369177
862	0.861	-0.602881688656265	-46.1823607910802
863	0.862	-0.602881688656265	-46.7852424797365
864	0.863	-0.509121119143373	-47.3412438836363
865	0.864	-0.415360549562354	-47.8034847179892
866	0.865	-0.368480264746236	-48.1954051251435
867	0.866	-0.227839410195153	-48.4935649626142
868	0.867	-0.149705602044454	-48.682337468734
869	0.868	-0.0403182705530939	-48.7773494050328
870	0.869	0.0690690610323284	-48.7629740097931
871	0.87	0.194083154388388	-48.6313979020828
872	0.871	0.303470486176419	-48.3826210818004
873	0.872	0.365977532955088	-48.0478970722346
874	0.873	0.41285781805949	-47.6584793967273
875	0.874	0.553498673477875	-47.1753011509587
876	0.875	0.647259243844693	-46.5749221922974
877	0.876	0.741019814282055	-45.880782663234
878	0.877	0.819153623033885	-45.100695944576
879	0.878	0.959794478911337	-44.2112218936034
880	0.879	1.05355504958526	-43.2045471293551
881	0.88	1.11606209674086	-42.1197385561921
882	0.881	1.17856914392825	-40.9724229358575
883	0.882	1.28795647658285	-39.7391601256019
884	0.883	1.35046352385795	-38.4199501253815
885	0.884	1.45985085666644	-37.0147929351194
886	0.885	1.45985085666644	-35.5549420784529
887	0.886	1.55361142772339	-34.048210936258
888	0.887	1.60049171327902	-32.4711593657568
889	0.888	1.63174523699285	-30.8550408906209
890	0.889	1.63174523699285	-29.223295653628
891	0.89	1.61611847513492	-27.5993637975641
892	0.891	1.66299876071474	-25.9598051796393
893	0.892	1.63174523699285	-24.3124331807855
894	0.893	1.56923818957325	-22.7119414675025
895	0.894	1.56923818957325	-21.1427032779292
896	0.895	1.50673114218587	-19.6047186120496
897	0.896	1.49110438034405	-18.1058008507847
898	0.897	1.50673114218587	-16.6068830895197
899	0.898	1.35046352385795	-15.1782857564978
900	0.899	1.33483676203618	-13.8356356135507
901	0.9	1.25670295295728	-12.539865756054
902	0.901	1.20982266753388	-11.3066029458084
903	0.902	1.17856914392825	-10.1124070400774
904	0.903	1.10043533494898	-8.97290480063875
905	0.904	1.05355504958526	-7.89590960837163
906	0.905	0.944167717139277	-6.89704822500936
907	0.906	0.881660670070796	-5.98413403140432
908	0.907	0.834780384790156	-5.12591350397385
909	0.908	0.787900099527251	-4.31457326181514
910	0.909	0.741019814282055	-3.55011330491049
911	0.91	0.678512767315966	-2.84034701411148
912	0.911	0.584752196925655	-2.20871453199067
913	0.912	0.553498673477875	-1.6395890967889
914	0.913	0.506618388320859	-1.10953056588954
915	0.914	0.365977532955088	-0.673232605251562
916	0.915	0.287843724486603	-0.346321976530717
917	0.916	0.256590201112786	-0.0741050137310219
918	0.917	0.162829631037792	0.135604902344267
919	0.918	0.0534422993714974	0.243740867548912
920	0.919	-0.0715717938459242	0.234676120311699
921	0.92	-0.134078840408579	0.131850803184447
922	0.921	-0.259092933442065	-0.0647350837408743
923	0.922	-0.337226741525989	-0.362894921224901
924	0.923	-0.415360549562354	-0.739188566769072
925	0.924	-0.52474788073358	-1.20924278191704
926	0.925	-0.634135211812124	-1.78868432818989
927	0.926	-0.696642258101227	-2.45407306314657
928	0.927	-0.806029589034754	-3.20540898671456
929	0.928	-0.915416919876398	-4.06613224117013
930	0.929	-0.962297204494767	-5.00498930335571
931	0.93	-1.1029380582492	-6.0376069347277
932	0.931	-1.16544510431394	-7.17179851600927
933	0.932	-1.25920567335544	-8.38412390484396
934	0.933	-1.30608595785121	-9.66676972044728
935	0.934	-1.38421976530726	-11.0119225820265
936	0.935	-1.49360709566841	-12.4508360125144
937	0.936	-1.54048738008136	-13.9678832503892
938	0.937	-1.58736766447781	-15.5318107726688
939	0.938	-1.66550147176865	-17.158245340792
940	0.939	-1.64987471031413	-18.8159334318334
941	0.94	-1.6967549946722	-20.4892482843266
942	0.941	-1.64987471031413	-22.1625631368198
943	0.942	-1.66550147176865	-23.8202512278612
944	0.943	-1.63424794885779	-25.4701259381744
945	0.944	-1.61862118739963	-27.0965605063031
946	0.945	-1.58736766447781	-28.6995549322418
947	0.946	-1.54048738008136	-30.2634824545214
948	0.947	-1.50923385714123	-31.7883430731327
949	0.948	-1.39984652679294	-33.2428832650998
950	0.949	-1.32171271934611	-34.6036628881693
951	0.95	-1.32171271934611	-35.9253756075154
952	0.951	-1.24357891185315	-37.208021423115
953	0.952	-1.16544510431394	-38.4125334311986
954	0.953	-1.14981834280054	-39.5701651547558
955	0.954	-1.02480425062647	-40.6574764514693
956	0.955	-1.04043101215474	-41.6900940828599
957	0.956	-0.946670442957178	-42.6836448104159
958	0.957	-0.899790158333206	-43.6068751110611
959	0.958	-0.852909873692406	-44.4832251270739
960	0.959	-0.759149304360226	-45.2892547161002
961	0.96	-0.712269019668797	-46.0249638781147
962	0.961	-0.649761973387225	-46.7059793746427
963	0.962	-0.587254927075506	-47.3244878248741
964	0.963	-0.477867595957279	-47.8570490863905
965	0.964	-0.368480264746236	-48.2802230167422
966	0.965	-0.27471969506266	-48.6018229966467
967	0.966	-0.196585886940606	-48.8374757876483
968	0.967	-0.134078840408579	-49.0028081513229
969	0.968	-0.0559450322004684	-49.0978200876274
970	0.969	0.100322584359769	-49.0756313115478
971	0.97	0.147202869365391	-48.9518685846852
972	0.971	0.287843724486603	-48.7343452877592
973	0.972	0.381604294654611	-48.3996212781886
974	0.973	0.475364864892607	-47.971136698415
975	0.974	0.600378958652478	-47.4332647866424
976	0.975	0.662886005579349	-46.8016323045265
977	0.976	0.772273337776886	-46.0840526328484
978	0.977	0.866033908308611	-45.2648990098057
979	0.978	0.928540955369194	-44.3676115779668
980	0.979	1.05355504958526	-43.3765635754895
981	0.98	1.06918181137118	-42.3151951450113
982	0.981	1.19419590573007	-41.1835062864607
983	0.982	1.30358323839862	-39.9346167143963
984	0.983	1.30358323839862	-38.6310334759977
985	0.984	1.44422409483064	-37.2571298093831
986	0.985	1.47547761850424	-35.7972789527156
987	0.986	1.55361142772339	-34.2827344296018
988	0.987	1.58486495142513	-32.7134962400276
989	0.988	1.63174523699285	-31.1051911458186
990	0.989	1.67862552257871	-29.4500057660328
991	0.99	1.66299876071474	-27.7791936243861
992	0.991	1.63174523699285	-26.1318216255323
993	0.992	1.56923818957325	-24.5313299122492
994	0.993	1.64737199885278	-22.9230248180362
995	0.994	1.60049171327902	-21.2990929619703
996	0.995	1.5223579040297	-19.7376681533159
997	0.996	1.49110438034405	-18.2309370111291
998	0.997	1.45985085666644	-16.7554593926238
999	0.998	1.3192100002164	-15.3659289641824
1000	0.999	1.33483676203618	-14.0389055830561
