No.	时间（s）	Dev1/ai0-1-测振（mm/s）	VH01-V1-Dev1/ai0一次积分（μm）
1	0	1.18967879504301	0
2	0.001	1.2365590804664	1.21311893775471
3	0.002	1.29906612772553	2.48093154185067
4	0.003	1.39282669867419	3.82687795505053
5	0.004	1.40845346050598	5.22751803464061
6	0.005	1.47096050785318	6.66722501882019
7	0.006	1.50221403153883	8.15381228851619
8	0.007	1.50221403153883	9.65602632005502
9	0.008	1.51784079338467	11.1660537325168
10	0.009	1.53346755523252	12.6917079068254
11	0.01	1.58034784078815	14.2486156048357
12	0.011	1.54909431708238	15.813336683771
13	0.012	1.486587269695	17.3311774771596
14	0.013	1.50221403153883	18.8255781277765
15	0.014	1.45533374601337	20.3043520165526
16	0.015	1.47096050785318	21.7674991434859
17	0.016	1.43970698417556	23.2228328895003
18	0.017	1.3146928895453	24.6000328263607
19	0.018	1.29906612772553	25.9069123349961
20	0.019	1.2365590804664	27.1747249390921
21	0.02	1.15842527143738	28.372217115044
22	0.021	1.14279850963755	29.5228290055815
23	0.022	1.01778441531045	30.6031204680555
24	0.023	1.00215765352849	31.6130915024749
25	0.024	0.955277368194501	32.5918090133364
26	0.025	0.87714355934408	33.5080194771057
27	0.026	0.78338298878871	34.3382827511721
28	0.027	0.736502703537613	35.0982255973353
29	0.028	0.658368894825092	35.7956613965166
30	0.029	0.580235086161605	36.41496338701
31	0.03	0.486474515829985	36.9483181880058
32	0.031	0.392713945568616	37.387912418705
33	0.032	0.392713945568616	37.7806263642737
34	0.033	0.267699851995729	38.1108332630558
35	0.034	0.205192805255843	38.3472795916816
36	0.035	0.173939281897514	38.5368456352583
37	0.036	0.0645519502042115	38.6560912513092
38	0.037	-0.0135818580903226	38.6815762973661
39	0.038	-0.107342427980336	38.6211141543308
40	0.039	-0.232356521059708	38.4512646798108
41	0.04	-0.294863567553534	38.1876546355041
42	0.041	-0.372997375627937	37.8537241639134
43	0.042	-0.451131183654803	37.441659884272
44	0.043	-0.56051851481277	36.9358350350383
45	0.044	-0.638652322726011	36.3362496162689
46	0.045	-0.794919938411152	35.6194634857003
47	0.046	-0.826173461525628	34.8089167857319
48	0.047	-0.919934030824079	33.935863039557
49	0.048	-1.06057488464561	32.9456085818222
50	0.049	-1.12308193074008	31.8537801741293
51	0.05	-1.20121573831636	30.6916313396011
52	0.051	-1.29497630734675	29.4435353167696
53	0.052	-1.37311011482125	28.1094921056856
54	0.053	-1.45124392224966	26.6973150871501
55	0.054	-1.45124392224966	25.2460711649005
56	0.055	-1.51375096815928	23.763573719696
57	0.056	-1.56063125257223	22.2263826093302
58	0.057	-1.62313829843051	20.6344978338289
59	0.058	-1.6387650598905	19.0035461546683
60	0.059	-1.65439182134867	17.3569677140488
61	0.06	-1.6387650598905	15.7103892734292
62	0.061	-1.60751153696868	14.0872509749996
63	0.062	-1.57625801403955	12.4953661994955
64	0.063	-1.59188477550503	10.9112948047232
65	0.064	-1.54500449110308	9.34285017141913
66	0.065	-1.51375096815928	7.81347244178795
67	0.066	-1.49812420668463	6.30753485436599
68	0.067	-1.43561716076766	4.84066417063985
69	0.068	-1.41999039928382	3.41286039061411
70	0.069	-1.37311011482125	2.01631013356158
71	0.07	-1.29497630734675	0.68226692247758
72	0.071	-1.23246926133389	-0.581455861862741
73	0.072	-1.18558897680481	-1.79048498093209
74	0.073	-1.10745516921925	-2.93700705394413
75	0.074	-1.04494812311734	-4.01320870011242
76	0.075	-0.935560792367272	-5.00346315785473
77	0.076	-0.935560792367272	-5.939023950222
78	0.077	-0.7792931768511	-6.79645093483119
79	0.078	-0.763666415289169	-7.56793073090132
80	0.079	-0.701159369022649	-8.30034362305723
81	0.08	-0.623025561147139	-8.96243608814213
82	0.081	-0.529264991634246	-9.53858136453282
83	0.082	-0.451131183654803	-10.0287794521773
84	0.083	-0.38862413723711	-10.4486571126233
85	0.084	-0.279236805932939	-10.7825875842083
86	0.085	-0.201102997801341	-11.0227574860755
87	0.086	-0.0448353813946735	-11.1457266756735
88	0.087	-0.0292086197434588	-11.1827486762425
89	0.088	0.0958054735355071	-11.1494502493465
90	0.089	0.173939281897514	-11.01457787163
91	0.09	0.252073090307852	-10.8015716855273
92	0.091	0.361460422163737	-10.4948049292915
93	0.092	0.439594230690532	-10.0942776028644
94	0.093	0.533354800987001	-9.60780308702563
95	0.094	0.658368894825092	-9.01194123911958
96	0.095	0.736502703537613	-8.31450543993823
97	0.096	0.767756227036377	-7.56237597465123
98	0.097	0.939650606420463	-6.70867255792281
99	0.098	0.970904129970518	-5.75339518972732
100	0.099	1.09591822424999	-4.71998401261707
101	0.1	1.18967879504301	-3.57718550297057
102	0.101	1.20530555684881	-2.37969332702466
103	0.102	1.29906612772553	-1.12750748473749
104	0.103	1.37719993684441	0.210625547547478
105	0.104	1.39282669867419	1.59563886530678
106	0.105	1.43970698417556	3.01190570673165
107	0.106	1.45533374601337	4.45942607182612
108	0.107	1.58034784078815	5.97726686522687
109	0.108	1.54909431708238	7.54198794416214
110	0.109	1.58034784078815	9.1067090230974
111	0.11	1.61160136450197	10.7026836257425
112	0.111	1.59597460264405	12.3064716093155
113	0.112	1.51784079338467	13.8633793073298
114	0.113	1.54909431708238	15.3968468625634
115	0.114	1.47096050785318	16.9068742750311
116	0.115	1.43970698417556	18.3622080210455
117	0.116	1.40845346050598	19.7862882433863
118	0.117	1.29906612772553	21.140048037502
119	0.118	1.28343936590775	22.4313007843187
120	0.119	1.2365590804664	23.6913000075057
121	0.12	1.18967879504301	24.9044189452604
122	0.121	1.11154498604385	26.0550308358039
123	0.122	1.03341117709439	27.127508917373
124	0.123	0.986530891748514	28.1374799517944
125	0.124	0.892770321110213	29.0771305582238
126	0.125	0.87714355934408	29.9620874984509
127	0.126	0.767756227036377	30.7845373916412
128	0.127	0.705249180046713	31.5210400951827
129	0.128	0.642742133088475	32.1950357517503
130	0.129	0.611488609621123	32.8221511231051
131	0.13	0.470847754114884	33.3633193049731
132	0.131	0.392713945568616	33.7951001548149
133	0.132	0.377087183865204	34.1800007195318
134	0.133	0.283326613685545	34.5102076183072
135	0.134	0.205192805255843	34.7544673277779
136	0.135	0.15831252022125	34.9362199905164
137	0.136	0.0645519502042115	35.0476522257291
138	0.137	0.0176716652217176	35.0887640334421
139	0.138	-0.107342427980336	35.0439286520628
140	0.139	-0.232356521059708	34.8740791775428
141	0.14	-0.294863567553534	34.6104691332361
142	0.141	-0.404250898844382	34.2609119000372
143	0.142	-0.482384706852265	33.8175940971889
144	0.143	-0.544891753224454	33.3039558671505
145	0.144	-0.701159369022649	32.680930306027
146	0.145	-0.763666415289169	31.948517413871
147	0.146	-0.826173461525628	31.1535974754636
148	0.147	-0.935560792367272	30.2727303485172
149	0.148	-1.06057488464561	29.2746625100108
150	0.149	-1.13870869225905	28.1750207215584
151	0.15	-1.15433545377616	27.0284986485408
152	0.151	-1.29497630734675	25.8038427679794
153	0.152	-1.38873687631061	24.4619861761507
154	0.153	-1.41999039928382	23.0576225383535
155	0.154	-1.5293777296321	21.5829384738955
156	0.155	-1.54500449110308	20.0457473635279
157	0.156	-1.56063125257223	18.4929294916903
158	0.157	-1.62313829843051	16.9010447161889
159	0.158	-1.59188477550503	15.2935331792211
160	0.159	-1.62313829843051	13.6860216422534
161	0.16	-1.62313829843051	12.0628833438229
162	0.161	-1.62313829843051	10.4397450453924
163	0.162	-1.57625801403955	8.84004688915733
164	0.163	-1.57625801403955	7.26378887511779
165	0.164	-1.59188477550503	5.6797174803455
166	0.165	-1.54500449110308	4.11127284704144
167	0.166	-1.45124392224966	2.61314864036507
168	0.167	-1.43561716076766	1.16971809885642
169	0.168	-1.40436363779814	-0.250272300426481
170	0.169	-1.31060306884534	-1.60775565374822
171	0.17	-1.26372278434402	-2.8949185803429
172	0.171	-1.21684249982605	-4.13520122242794
173	0.172	-1.16996221529141	-5.32860357998667
174	0.173	-1.04494812311734	-6.43605874919105
175	0.174	-1.02932136158721	-7.47319349154333
176	0.175	-0.966814315448052	-8.47126133006096
177	0.176	-0.857426984632603	-9.38338198010129
178	0.177	-0.826173461525628	-10.2251822031804
179	0.178	-0.763666415289169	-11.0201021415878
180	0.179	-0.701159369022649	-11.7525150337437
181	0.18	-0.607398799566379	-12.4067941180382
182	0.181	-0.513638230042146	-12.9673126328425
183	0.182	-0.435504422053228	-13.4418839588902
184	0.183	-0.326117090789007	-13.8226947153113
185	0.184	-0.247983282686027	-14.1097449020488
186	0.185	-0.169849474535328	-14.3186612806595
187	0.186	-0.122969189621957	-14.4650706127381
188	0.187	-0.0135818580903226	-14.5333461365943
189	0.188	0.127058996874517	-14.4766075672022
190	0.189	0.127058996874517	-14.3495485703277
191	0.19	0.236446328621912	-14.1677959075794
192	0.191	0.345833660464214	-13.8766559130364
193	0.192	0.423967468981279	-13.4917553483136
194	0.193	0.548981562709914	-13.005280832468
195	0.194	0.642742133088475	-12.4094189845688
196	0.195	0.720875941791181	-11.727609947129
197	0.196	0.845890035817737	-10.9442269583246
198	0.197	0.939650606420463	-10.0514566372055
199	0.198	1.00215765352849	-9.08055250723098
200	0.199	1.08029146245811	-8.03932794923768
201	0.2	1.14279850963755	-6.92778296318985
202	0.201	1.2365590804664	-5.73810416813788
203	0.202	1.34594641319085	-4.44685142130925
204	0.203	1.37719993684441	-3.08527824629162
205	0.204	1.40845346050598	-1.69245154761643
206	0.205	1.47096050785318	-0.252744563436851
207	0.206	1.486587269695	1.22602932533724
208	0.207	1.54909431708238	2.74387011872593
209	0.208	1.53346755523252	4.28515105488337
210	0.209	1.56472107893426	5.83424537196676
211	0.21	1.54909431708238	7.39115306997508
212	0.211	1.54909431708238	8.94024738705746
213	0.212	1.51784079338467	10.473714942291
214	0.213	1.486587269695	11.9759289738308
215	0.214	1.47096050785318	13.4547028626049
216	0.215	1.39282669867419	14.8865964658686
217	0.216	1.42408022233977	16.2950499263756
218	0.217	1.33031965136708	17.672249863229
219	0.218	1.33031965136708	19.0025695145961
220	0.219	1.2365590804664	20.2860088805128
221	0.22	1.1740520332392	21.4913144373656
222	0.221	1.09591822424999	22.6262995661102
223	0.222	1.06466470066822	23.7065910285693
224	0.223	0.970904129970518	24.7243754438887
225	0.224	0.90839708287832	25.6640260503131
226	0.225	0.892770321110213	26.5646097523073
227	0.226	0.767756227036377	27.3948730263806
228	0.227	0.736502703537613	28.1470024916676
229	0.228	0.68962241830421	28.8600650525885
230	0.229	0.580235086161605	29.4949938048215
231	0.23	0.564608324434781	30.0674155101196
232	0.231	0.439594230690532	30.5695167876823
233	0.232	0.377087183865204	30.9778574949602
234	0.233	0.314580137070997	31.3236911554283
235	0.234	0.252073090307852	31.6070177691177
236	0.235	0.15831252022125	31.8122105743822
237	0.236	0.0645519502042115	31.923642809595
238	0.237	-0.0292086197434588	31.9413144748254
239	0.238	-0.138595951261662	31.8574121893228
240	0.239	-0.154222712899452	31.7110028572422
241	0.24	-0.294863567553534	31.4864597170157
242	0.241	-0.357370614016863	31.1603426262305
243	0.242	-0.498011468448153	30.732651584998
244	0.243	-0.544891753224454	30.2111999741617
245	0.244	-0.669905845878099	29.6038011746104
246	0.245	-0.794919938411152	28.8713882824658
247	0.246	-0.87305374618328	28.0374014401686
248	0.247	-0.982441076985641	27.1096540285841
249	0.248	-1.04494812311734	26.0959594285327
250	0.249	-1.13870869225905	25.0041310208445
251	0.25	-1.23246926133389	23.818542044048
252	0.251	-1.29497630734675	22.5548192597077
253	0.252	-1.35748335333004	21.2285894293693
254	0.253	-1.37311011482125	19.8632926952936
255	0.254	-1.49812420668463	18.4276755345407
256	0.255	-1.5293777296321	16.9139245663823
257	0.256	-1.48249744520815	15.4079869789622
258	0.257	-1.57625801403955	13.8786092493384
259	0.258	-1.62313829843051	12.2789110931033
260	0.259	-1.59188477550503	10.6713995561356
261	0.26	-1.62313829843051	9.06388801916779
262	0.261	-1.62313829843051	7.44074972073729
263	0.262	-1.60751153696868	5.82542480303769
264	0.263	-1.60751153696868	4.21791326606901
265	0.264	-1.54500449110308	2.64165525203313
266	0.265	-1.54500449110308	1.09665076093005
267	0.266	-1.46687068372982	-0.409286826486404
268	0.267	-1.41999039928382	-1.85271736799322
269	0.268	-1.40436363779814	-3.2648943865342
270	0.269	-1.35748335333004	-4.64581788209829
271	0.27	-1.26372278434402	-5.95642095093531
272	0.271	-1.21684249982605	-7.19670359302035
273	0.272	-1.20121573831636	-8.40573271209156
274	0.273	-1.10745516921925	-9.56006816585936
275	0.274	-1.06057488464561	-10.6440831927918
276	0.275	-0.951187553908596	-11.6499644120689
277	0.276	-0.951187553908596	-12.6011519659775
278	0.277	-0.841800223080053	-13.4976458544718
279	0.278	-0.7792931768511	-14.3081925544374
280	0.279	-0.669905845878099	-15.032792065802
281	0.28	-0.638652322726011	-15.687071150104
282	0.281	-0.544891753224454	-16.2788431880793
283	0.282	-0.466757945254482	-16.7846680373187
284	0.283	-0.341743852403886	-17.1889189361479
285	0.284	-0.310490329172223	-17.515036026936
286	0.285	-0.232356521059708	-17.786459452052
287	0.286	-0.107342427980336	-17.956308926572
288	0.287	0.00204490356473588	-18.0089576887798
289	0.288	0.0645519502042115	-17.9756592618953
290	0.289	0.173939281897514	-17.8564136458444
291	0.29	0.267699851995729	-17.6355940788978
292	0.291	0.361460422163737	-17.3210139418181
293	0.292	0.423967468981279	-16.9282999962456
294	0.293	0.548981562709914	-16.4418254804
295	0.294	0.642742133088475	-15.8459636325008
296	0.295	0.736502703537613	-15.1563412141877
297	0.296	0.78338298878871	-14.3963983680246
298	0.297	0.924023844648403	-13.542694951306
299	0.298	1.04903793888031	-12.5561640595417
300	0.299	1.11154498604385	-11.4758725970796
301	0.3	1.1271717478397	-10.3565142301378
302	0.301	1.25218584227819	-9.16683543507886
303	0.302	1.29906612772553	-7.891209450077
304	0.303	1.33031965136708	-6.5765165605307
305	0.304	1.40845346050598	-5.20713000459417
306	0.305	1.40845346050598	-3.7986765440882
307	0.306	1.50221403153883	-2.3433427980658
308	0.307	1.47096050785318	-0.856755528369793
309	0.308	1.56472107893426	0.661085265023924
310	0.309	1.51784079338467	2.20236620118339
311	0.31	1.56472107893426	3.74364713734285
312	0.311	1.51784079338467	5.28492807350231
313	0.312	1.486587269695	6.78714210504214
314	0.313	1.486587269695	8.27372937473714
315	0.314	1.50221403153883	9.76813002535405
316	0.315	1.40845346050598	11.2234637713764
317	0.316	1.40845346050598	12.6319172318824
318	0.317	1.36157317501663	14.0169305496437
319	0.318	1.3146928895453	15.3550635819247
320	0.319	1.26781260409197	16.6463163287433
321	0.32	1.18967879504301	17.8750620283108
322	0.321	1.14279850963755	19.0413006806511
323	0.322	1.04903793888031	20.13721890491
324	0.323	1.00215765352849	21.1628167011144
325	0.324	0.955277368194501	22.1415342119759
326	0.325	0.830263274057524	23.0343045331019
327	0.326	0.799009750543011	23.8489410454022
328	0.327	0.736502703537613	24.6166972724425
329	0.328	0.720875941791181	25.3453865951069
330	0.329	0.611488609621123	26.0115688708131
331	0.33	0.517728039266043	26.5761771952567
332	0.331	0.455220992401733	27.0626517110905
333	0.332	0.377087183865204	27.478805799224
334	0.333	0.330206898766634	27.8324528405399
335	0.334	0.173939281897514	28.084525930872
336	0.335	0.142685758546918	28.2428384510942
337	0.336	0.0801787118688954	28.3542706863021
338	0.337	-0.0135818580903226	28.3875691131914
339	0.338	-0.0917156663367981	28.3349203509778
340	0.339	-0.201102997801341	28.1885110189088
341	0.34	-0.279236805932939	27.9483411170416
342	0.341	-0.357370614016863	27.6300374070667
343	0.342	-0.451131183654803	27.2257865082309
344	0.343	-0.591772037983732	26.7043348974116
345	0.344	-0.654279084302997	26.0813093362683
346	0.345	-0.763666415289169	25.3723365864722
347	0.346	-0.857426984632603	24.5617898865113
348	0.347	-0.951187553908596	23.6574826172407
349	0.348	-1.01369460005522	22.6750415402588
350	0.349	-1.12308193074008	21.6066532748611
351	0.35	-1.18558897680481	20.4523178210887
352	0.351	-1.24809602283988	19.2354753212663
353	0.352	-1.37311011482125	17.9248722524358
354	0.353	-1.38873687631061	16.5439487568699
355	0.354	-1.45124392224966	15.1239583575897
356	0.355	-1.51375096815928	13.6414609123853
357	0.356	-1.57625801403955	12.0964564212858
358	0.357	-1.60751153696868	10.5045716457817
359	0.358	-1.6387650598905	8.88143334735213
360	0.359	-1.60751153696868	7.25829504892254
361	0.36	-1.65439182134867	5.62734336976386
362	0.361	-1.6387650598905	3.98076492914428
363	0.362	-1.60751153696868	2.35762663071469
364	0.363	-1.60751153696868	0.750115093746004
365	0.364	-1.56063125257223	-0.833956301024452
366	0.365	-1.5293777296321	-2.37896079212662
367	0.366	-1.46687068372982	-3.87708499880758
368	0.367	-1.45124392224966	-5.33614230179732
369	0.368	-1.38873687631061	-6.75613270107745
370	0.369	-1.37311011482125	-8.13705619664338
371	0.37	-1.29497630734675	-9.47109940772738
372	0.371	-1.24809602283988	-10.7426355728207
373	0.372	-1.18558897680481	-11.959478072643
374	0.373	-1.12308193074008	-13.1138135264155
375	0.374	-1.01369460005522	-14.1822017918131
376	0.375	-0.951187553908596	-15.164642868795
377	0.376	-0.904307269279017	-16.0923902803889
378	0.377	-0.841800223080053	-16.9654440265684
379	0.378	-0.810546699969328	-17.7916174880931
380	0.379	-0.669905845878099	-18.5318437610168
381	0.38	-0.638652322726011	-19.1861228453188
382	0.381	-0.529264991634246	-19.770081502499
383	0.382	-0.466757945254482	-20.2680929709433
384	0.383	-0.404250898844382	-20.7035973929928
385	0.384	-0.310490329172223	-21.0609680070011
386	0.385	-0.185476236169291	-21.3089512896718
387	0.386	-0.0760889046913422	-21.4397338601022
388	0.387	-0.0448353813946735	-21.5001960031452
389	0.388	0.0645519502042115	-21.4903377187404
390	0.389	0.173939281897514	-21.3710921026895
391	0.39	0.267699851995729	-21.1502725357429
392	0.391	0.345833660464214	-20.8435057795129
393	0.392	0.439594230690532	-20.4507918339356
394	0.393	0.533354800987001	-19.9643173180968
395	0.394	0.627115371353819	-19.3840822319264
396	0.395	0.736502703537613	-18.7022731944807
397	0.396	0.845890035817737	-17.911076824803
398	0.397	0.892770321110213	-17.041746646339
399	0.398	1.00215765352849	-16.0942826590197
400	0.399	1.06466470066822	-15.0608714819213
401	0.4	1.15842527143738	-13.9493264958685
402	0.401	1.25218584227819	-12.7440209390107
403	0.402	1.29906612772553	-11.4683949540089
404	0.403	1.34594641319085	-10.1458886835507
405	0.404	1.45533374601337	-8.74524860394858
406	0.405	1.43970698417556	-7.29772823885412
407	0.406	1.53346755523252	-5.81114096915008
408	0.407	1.51784079338467	-4.28548679484148
409	0.408	1.58034784078815	-2.73639247775508
410	0.409	1.53346755523252	-1.17948477974475
411	0.41	1.59597460264405	0.385236299193536
412	0.411	1.51784079338467	1.94214399720789
413	0.412	1.50221403153883	3.45217140966964
414	0.413	1.50221403153883	4.95438544120847
415	0.414	1.51784079338467	6.46441285367022
416	0.415	1.43970698417556	7.94318674245033
417	0.416	1.42408022233977	9.37508034570799
418	0.417	1.34594641319085	10.7600936634733
419	0.418	1.3146928895453	12.0904133148414
420	0.419	1.2365590804664	13.3660392998472
421	0.42	1.18967879504301	14.5791582376019
422	0.421	1.1271717478397	15.7375835090433
423	0.422	1.08029146245811	16.8413151141922
424	0.423	1.03341117709439	17.8981664339685
425	0.424	0.924023844648403	18.8768839448398
426	0.425	0.845890035817737	19.7618408850729
427	0.426	0.78338298878871	20.5764773973761
428	0.427	0.752129465286012	21.3442336244135
429	0.428	0.68962241830421	22.0651095662086
430	0.429	0.580235086161605	22.7000383184415
431	0.43	0.548981562709914	23.2646466428773
432	0.431	0.439594230690532	23.7589345395775
433	0.432	0.361460422163737	24.1594618660046
434	0.433	0.298953375377301	24.4896687647752
435	0.434	0.22081956693791	24.7495552359328
436	0.435	0.111432235204047	24.9156811370037
437	0.436	0.0332984268806236	24.9880464680461
438	0.437	-0.0448353813946735	24.9822779907891
439	0.438	-0.0917156663367981	24.9140024669233
440	0.439	-0.185476236169291	24.7754065156703
441	0.44	-0.279236805932939	24.5430499946192
442	0.441	-0.357370614016863	24.2247462846443
443	0.442	-0.482384706852265	23.8048686242097
444	0.443	-0.607398799566379	23.2599768710004
445	0.444	-0.669905845878099	22.6213245482781
446	0.445	-0.74803965372536	21.9123517984764
447	0.446	-0.841800223080053	21.1174318600737
448	0.447	-0.919934030824079	20.2365647331216
449	0.448	-1.02932136158721	19.261937036916
450	0.449	-1.09182840769656	18.2013621522741
451	0.45	-1.26372278434402	17.0235865562538
452	0.451	-1.29497630734675	15.7442370104084
453	0.452	-1.41999039928382	14.3867536570931
454	0.453	-1.41999039928382	12.9667632578093
455	0.454	-1.45124392224966	11.5311460970426
456	0.455	-1.48249744520815	10.0642754133137
457	0.456	-1.5293777296321	8.55833782589355
458	0.457	-1.59188477550503	6.99770657332499
459	0.458	-1.62313829843051	5.39019503635722
460	0.459	-1.60751153696868	3.77487011865763
461	0.46	-1.6387650598905	2.15173182022804
462	0.461	-1.62313829843051	0.520780141067532
463	0.462	-1.60751153696868	-1.09454477663206
464	0.463	-1.6387650598905	-2.71768307506165
465	0.464	-1.59188477550503	-4.33300799275942
466	0.465	-1.54500449110308	-5.90145262606347
467	0.466	-1.46687068372982	-7.40739021347993
468	0.467	-1.43561716076766	-8.85863413572866
469	0.468	-1.43561716076766	-10.2942512964963
470	0.469	-1.34185659183698	-11.6829881727986
471	0.47	-1.31060306884534	-13.0092180031398
472	0.471	-1.23246926133389	-14.2807541682294
473	0.472	-1.18558897680481	-15.4897832872988
474	0.473	-1.07620164617202	-16.6206785987872
475	0.474	-1.01369460005522	-17.6656267219008
476	0.475	-0.935560792367272	-18.6402544181121
477	0.476	-0.87305374618328	-19.5445616873873
478	0.477	-0.810546699969328	-20.3863619104636
479	0.478	-0.74803965372536	-21.165655087311
480	0.479	-0.685532607451316	-21.8824412178993
481	0.48	-0.623025561147139	-22.5367203021985
482	0.481	-0.544891753224454	-23.1206789593843
483	0.482	-0.451131183654803	-23.618690427824
484	0.483	-0.357370614016863	-24.0229413266598
485	0.484	-0.326117090789007	-24.3646851790627
486	0.485	-0.21672975943148	-24.636108604173
487	0.486	-0.107342427980336	-24.7981446978789
488	0.487	0.00204490356473588	-24.8507934600867
489	0.488	0.0645519502042115	-24.8174950332022
490	0.489	0.15831252022125	-24.7060627979895
491	0.49	0.298953375377301	-24.4774298501902
492	0.491	0.361460422163737	-24.1472229514197
493	0.492	0.455220992401733	-23.738882244137
494	0.493	0.548981562709914	-23.2367809665811
495	0.494	0.658368894825092	-22.6331057378136
496	0.495	0.705249180046713	-21.9512967003777
497	0.496	0.845890035817737	-21.1757270924455
498	0.497	0.924023844648403	-20.2907701522124
499	0.498	0.986530891748514	-19.335492784014
500	0.499	1.08029146245811	-18.3020816069107
501	0.5	1.14279850963755	-17.1905366208628
502	0.501	1.26781260409197	-15.9852310639981
503	0.502	1.28343936590775	-14.7096050789982
504	0.503	1.33031965136708	-13.4027255703608
505	0.504	1.40845346050598	-12.0333390144243
506	0.505	1.486587269695	-10.5858186493238
507	0.506	1.51784079338467	-9.08360461778396
508	0.507	1.51784079338467	-7.56576382439929
509	0.508	1.54909431708238	-6.03229626916577
510	0.509	1.53346755523252	-4.49101533300832
511	0.51	1.58034784078815	-2.93410763499799
512	0.511	1.54909431708238	-1.36938655606273
513	0.512	1.52586782138696	-1.36938655606273
514	0.513	1.4946142976973	0.140854503479402
515	0.514	1.4946142976973	1.6354688011767
516	0.515	1.44773401217786	3.10664295611428
517	0.516	1.38522696484671	4.52312344462656
518	0.517	1.35397344119315	5.89272364764649
519	0.518	1.3227199175476	7.23107032701687
520	0.519	1.19770582304531	8.49128319731332
521	0.52	1.16645229943967	9.67336225855581
522	0.521	1.08831849046041	10.8007476535059
523	0.522	1.07269172867052	11.8812527630713
524	0.523	0.963304396196799	12.899250825505
525	0.524	0.947677634422762	13.8547418408148
526	0.525	0.900797349112511	14.7789793325824
527	0.526	0.822663540301581	15.6407097772894
528	0.527	0.713276208049012	16.4086796514647
529	0.528	0.650769161090774	17.0907023360346
530	0.529	0.588262114163903	17.710217973662
531	0.53	0.5413818289893	18.2750399452386
532	0.531	0.478874782117182	18.7851682507918
533	0.532	0.400740973570914	19.2249761286358
534	0.533	0.322607165073295	19.5866501979579
535	0.534	0.228846594940208	19.8623770779647
536	0.535	0.135086024876816	20.0443433878732
537	0.536	0.103832501537805	20.1638026510805
538	0.537	0.0256986932240159	20.2285682484614
539	0.538	-0.0993153999780379	20.1917598950844
540	0.539	-0.177449208166993	20.0533775910119
541	0.54	-0.286836539551235	19.8212347171528
542	0.541	-0.380597109234811	19.4875178927598
543	0.542	-0.411850632447456	19.0912940219186
544	0.543	-0.568118248396898	18.6013095814965
545	0.544	-0.677505579449017	17.9784976675735
546	0.545	-0.740012625723061	17.2697385649875
547	0.546	-0.833773195077754	16.482845654587
548	0.547	-0.927533764364974	15.6021921748657
549	0.548	-1.05254785664331	14.6121513643615
550	0.549	-1.11505490273778	13.528349984671
551	0.55	-1.27132251784401	12.3351612743801
552	0.551	-1.30257604084304	11.0482119950366
553	0.552	-1.36508308681895	9.71438243120557
554	0.553	-1.44321689424736	8.31023244067242
555	0.554	-1.42759013276536	6.87482892716606
556	0.555	-1.5213507016298	5.40035850996848
557	0.556	-1.56823098603725	3.85556766613496
558	0.557	-1.59948450896638	2.27170991863314
559	0.558	-1.58385774750273	0.680038790398584
560	0.559	-1.59948450896638	-0.911632337835974
561	0.56	-1.61511127042821	-2.51893022753327
562	0.561	-1.61511127042821	-4.13404149796148
563	0.562	-1.56823098603725	-5.72571262619421
564	0.563	-1.61511127042821	-7.31738375442693
565	0.564	-1.53697746310078	-8.89342812119143
566	0.565	-1.49009717868233	-10.406965442083
567	0.566	-1.49009717868233	-11.8970626207653
568	0.567	-1.44321689424736	-13.3637196572302
569	0.568	-1.38070984830831	-14.775683028508
570	0.569	-1.33382956383469	-16.1329527345795
571	0.57	-1.27132251784401	-17.4355287754189
572	0.571	-1.2244422333316	-18.6834111510067
573	0.572	-1.09942814121695	-19.8453463382809
574	0.573	-1.09942814121695	-20.9447744794979
575	0.574	-0.990040810519066	-21.9895089553659
576	0.575	-0.990040810519066	-22.979549765885
577	0.576	-0.927533764364974	-23.938337053327
578	0.577	-0.818146433523329	-24.8111771522711
579	0.578	-0.786892910408854	-25.6136968242372
580	0.579	-0.677505579449017	-26.3458960691662
581	0.58	-0.599371771564081	-26.9843347446727
582	0.581	-0.521237963631948	-27.5446396122707
583	0.582	-0.489984440445855	-28.0502508143096
584	0.583	-0.333716824401588	-28.4621014467333
585	0.584	-0.349343586014565	-28.8036316519414
586	0.585	-0.22432949305741	-29.0904681914774
587	0.586	-0.146195684897154	-29.2757307804547
588	0.587	-0.0524351150416694	-29.3750461804241
589	0.588	0.0725789782065098	-29.3649742488417
590	0.589	0.166339548223548	-29.2455149856266
591	0.59	0.26010011831015	-29.0322951523598
592	0.591	0.353860688466512	-28.7253147489715
593	0.592	0.416367735276272	-28.3402005371001
594	0.593	0.5413818289893	-27.8613257549673
595	0.594	0.650769161090774	-27.2652502599273
596	0.595	0.697649446306508	-26.5910409562286
597	0.596	0.853917063820035	-25.8152577011653
598	0.597	0.885170587346379	-24.9457138755821
599	0.598	0.994557919750812	-24.0058496220335
600	0.599	1.10394525225229	-22.956598036032
601	0.6	1.19770582304531	-21.8057724983832
602	0.601	1.26021287028049	-20.5768131517203
603	0.602	1.29146639391005	-19.300973519625
604	0.603	1.3227199175476	-17.9938803638962
605	0.604	1.43210725034207	-16.6164667799514
606	0.605	1.44773401217786	-15.1765461486914
607	0.606	1.47898753585548	-13.7131853746747
608	0.607	1.51024105954113	-12.2185710769764
609	0.608	1.57274810693655	-10.6770764937376
610	0.609	1.60400163064635	-9.08870162494615
611	0.61	1.54149458323482	-7.51595351800556
612	0.611	1.54149458323482	-5.97445893477075
613	0.612	1.4946142976973	-4.45640449430469
614	0.613	1.52586782138696	-2.94616343476256
615	0.614	1.47898753585548	-1.44373575614134
616	0.615	1.41648048850827	0.00399825604053172
617	0.616	1.36960020301893	1.39703860180413
618	0.617	1.30709315572783	2.73538528117751
619	0.618	1.26021287028049	4.01903829418167
620	0.619	1.2445861084687	5.27143778355626
621	0.62	1.21333258485111	6.50039713021617
622	0.621	1.15082553763984	7.68247619146164
623	0.622	1.07269172867052	8.79423482461682
624	0.623	1.02581144331275	9.84348641060846
625	0.624	0.978931157972816	10.8458577112512
626	0.625	0.86954382558222	11.7700952030288
627	0.626	0.791410016791008	12.6005721242154
628	0.627	0.76015649328831	13.376355379255
629	0.628	0.650769161090774	14.0818182064446
630	0.629	0.635142399356117	14.724773986668
631	0.63	0.57263535243708	15.3286628625646
632	0.631	0.478874782117182	15.8544179298417
633	0.632	0.416367735276272	16.3020391885385
634	0.633	0.338233926768932	16.6793400195611
635	0.634	0.291353641687843	16.9941338037895
636	0.635	0.181966309899812	17.2307937795833
637	0.636	0.0725789782065098	17.3580664236364
638	0.637	-0.00555483008802438	17.3915784976957
639	0.638	-0.114942161619659	17.3313300018418
640	0.639	-0.16182244653303	17.1929476977655
641	0.64	-0.286836539551235	16.9686182047234
642	0.641	-0.349343586014565	16.6505281419405
643	0.642	-0.443104155652505	16.2543042711069
644	0.643	-0.583745009981434	15.74087968829
645	0.644	-0.646252056300699	15.1258811551489
646	0.645	-0.786892910408854	14.4093086717941
647	0.646	-0.818146433523329	13.606788999828
648	0.647	-0.943160525906298	12.7261355201132
649	0.648	-1.05254785664331	11.7282813288384
650	0.649	-1.11505490273778	10.6444799491479
651	0.65	-1.19318871031406	9.49035814262194
652	0.651	-1.31820280233979	8.23466238629502
653	0.652	-1.30257604084304	6.92427296470361
654	0.653	-1.39633660979584	5.57481663938417
655	0.654	-1.47447041720585	4.13941312588332
656	0.655	-1.50572394015699	2.64931594720191
657	0.656	-1.59948450896638	1.09671172264022
658	0.657	-1.55260422456993	-0.479332644127936
659	0.658	-1.6307380318882	-2.071003772357
660	0.659	-1.6307380318882	-3.7017418042452
661	0.66	-1.6307380318882	-5.33247983613341
662	0.661	-1.61511127042821	-6.95540448729161
663	0.662	-1.6307380318882	-8.57832913844982
664	0.663	-1.61511127042821	-10.201253789608
665	0.664	-1.58385774750273	-11.8007382985735
666	0.665	-1.5213507016298	-13.3533425231398
667	0.666	-1.47447041720585	-14.8512530825576
668	0.667	-1.47447041720585	-16.3257234997634
669	0.668	-1.41196337128152	-17.7689403940071
670	0.669	-1.34945632532774	-19.1496502423117
671	0.67	-1.28694927934445	-20.4678530446478
672	0.671	-1.24006899483758	-21.7313621817389
673	0.672	-1.16193518728912	-22.9323642728022
674	0.673	-1.13068166425675	-24.0786726985751
675	0.674	-1.03692109511505	-25.162474078261
676	0.675	-0.943160525906298	-26.1525148887717
677	0.676	-0.927533764364974	-27.0878620339073
678	0.677	-0.818146433523329	-27.9607021328515
679	0.678	-0.80251967196703	-28.7710351855967
680	0.679	-0.755639387286871	-29.5501147152236
681	0.68	-0.630625294723713	-30.2432470562289
682	0.681	-0.583745009981434	-30.8504322085815
683	0.682	-0.458730917252184	-31.3716701721983
684	0.683	-0.411850632447456	-31.8069609470481
685	0.684	-0.318090062786708	-32.1719312946652
686	0.685	-0.193075969799043	-32.4275143109581
687	0.686	-0.16182244653303	-32.6049635191241
688	0.687	-0.0993153999780379	-32.7355324423796
689	0.688	0.0725789782065098	-32.7489006532654
690	0.689	0.135086024876816	-32.6450681517237
691	0.69	0.291353641687843	-32.4318483184414
692	0.691	0.322607165073295	-32.1248679150608
693	0.692	0.416367735276272	-31.7553804648861
694	0.693	0.5413818289893	-31.2765056827533
695	0.694	0.682022684565968	-30.6648034259756
696	0.695	0.744529731539912	-29.9515272179227
697	0.696	0.822663540301581	-29.167930582002
698	0.697	0.932050872650702	-28.2905733755258
699	0.698	0.978931157972816	-27.3350823602141
700	0.699	1.08831849046041	-26.3014575359975
701	0.7	1.21333258485111	-25.1506319983417
702	0.701	1.22895934665891	-23.9294860325867
703	0.702	1.30709315572783	-22.6614597813933
704	0.703	1.36960020301893	-21.3231131020199
705	0.704	1.38522696484671	-19.9456995180871
706	0.705	1.46336077401567	-18.5214056486559
707	0.706	1.4946142976973	-17.0424181127995
708	0.707	1.51024105954113	-15.5399904341802
709	0.708	1.51024105954113	-14.0297493746391
710	0.709	1.55712134508468	-12.4960681723262
711	0.71	1.54149458323482	-10.9467602081665
712	0.711	1.4946142976973	-9.42870576770042
713	0.712	1.52586782138696	-7.91846470815829
714	0.713	1.4946142976973	-6.40822364861616
715	0.714	1.4946142976973	-4.91360935091886
716	0.715	1.46336077401567	-3.43462181506238
717	0.716	1.35397344119315	-2.02595470745797
718	0.717	1.33834667936938	-0.679794647176708
719	0.718	1.27583963209427	0.627298508555115
720	0.719	1.2445861084687	1.8875113788366
721	0.72	1.21333258485111	3.11647072549651
722	0.721	1.135198775842	4.29073640584306
723	0.722	1.15082553763984	5.43374856258399
724	0.723	1.01018468153079	6.5142536721693
725	0.724	0.947677634422762	7.49318483014608
726	0.725	0.916424110880618	8.42523570279777
727	0.726	0.822663540301581	9.29477952838887
728	0.727	0.76015649328831	10.0861895451838
729	0.728	0.728902969793479	10.8307192767247
730	0.729	0.635142399356117	11.5127419612995
731	0.73	0.557008590712212	12.1088174563337
732	0.731	0.478874782117182	12.6267591427484
733	0.732	0.400740973570914	13.0665670205924
734	0.733	0.369487450166035	13.4516812324609
735	0.734	0.275726879998027	13.7742883975429
736	0.735	0.19759307157801	14.0109483733309
737	0.736	0.0725789782065098	14.1460343982232
738	0.737	0.0256986932240159	14.1951732339385
739	0.738	-0.068061876689044	14.1739916422059
740	0.739	-0.208702731429182	14.0356093381468
741	0.74	-0.302463301169924	13.7800263218473
742	0.741	-0.396223870842083	13.4306827358413
743	0.742	-0.427477394050929	13.0188321033948
744	0.743	-0.552491486810472	12.5288476629641
745	0.744	-0.693132341020351	11.9060357490487
746	0.745	-0.755639387286871	11.181649884895
747	0.746	-0.849399956630304	10.3791302129365
748	0.747	-0.974414048983343	9.46722321012964
749	0.748	-1.03692109511505	8.46155563808044
750	0.749	-1.11505490273778	7.38556763915403
751	0.75	-1.20881547182375	6.22363245187326
752	0.751	-1.27132251784401	4.98356345703938
753	0.752	-1.34945632532774	3.6731740354535
754	0.753	-1.39633660979584	2.30027756789172
755	0.754	-1.50572394015699	0.849247292915306
756	0.755	-1.5213507016298	-0.664290027978088
757	0.756	-1.56823098603725	-2.20908087181161
758	0.757	-1.59948450896638	-3.79293861931343
759	0.758	-1.56823098603725	-5.37679636681524
760	0.759	-1.59948450896638	-6.96065411431706
761	0.76	-1.61511127042821	-8.56795200401435
762	0.761	-1.61511127042821	-10.1830632744426
763	0.762	-1.58385774750273	-11.782547783408
764	0.763	-1.6307380318882	-13.3898456731035
765	0.764	-1.58385774750273	-14.997143562799
766	0.765	-1.45884365572752	-16.5184942644141
767	0.766	-1.45884365572752	-17.9773379201416
768	0.767	-1.44321689424736	-19.4283681951291
769	0.768	-1.39633660979584	-20.8481449471507
770	0.769	-1.34945632532774	-22.2210414147124
771	0.77	-1.27132251784401	-23.5314308362983
772	0.771	-1.20881547182375	-24.7714998311322
773	0.772	-1.19318871031406	-25.9725019222011
774	0.773	-1.09942814121695	-27.1188103479666
775	0.774	-1.05254785664331	-28.1947983468967
776	0.775	-0.990040810519066	-29.2160926804779
777	0.776	-0.896280241276719	-30.1592532063758
778	0.777	-0.818146433523329	-31.0164665437759
779	0.778	-0.755639387286871	-31.803359454181
780	0.779	-0.677505579449017	-32.5199319375489
781	0.78	-0.6618788178758	-33.1896241362113
782	0.781	-0.599371771564081	-33.8202494309312
783	0.782	-0.443104155652505	-34.3414873945395
784	0.783	-0.380597109234811	-34.7533380269832
785	0.784	-0.286836539551235	-35.0870548513762
786	0.785	-0.208702731429182	-35.3348244868664
787	0.786	-0.177449208166993	-35.5279004566645
788	0.787	-0.0368083533923753	-35.6350292374442
789	0.788	0.0569522165437528	-35.6249573058685
790	0.789	0.19759307157801	-35.4976846618076
791	0.79	0.291353641687843	-35.2532113051747
792	0.791	0.353860688466512	-34.9306041400975
793	0.792	0.463248020404031	-34.5220497856623
794	0.793	0.5413818289893	-34.0197348609656
795	0.794	0.619515637623421	-33.4392861276592
796	0.795	0.744529731539912	-32.7572634430776
797	0.796	0.822663540301581	-31.9736668071568
798	0.797	0.932050872650702	-31.0963096006807
799	0.798	1.01018468153079	-30.1251918235899
800	0.799	1.08831849046041	-29.0759402375943
801	0.8	1.19770582304531	-27.9329280808415
802	0.801	1.26021287028049	-26.7039687341786
803	0.802	1.33834667936938	-25.4046889593537
804	0.803	1.38522696484671	-24.0429021372456
805	0.804	1.41648048850827	-22.6420484105681
806	0.805	1.46336077401567	-21.2021277793062
807	0.806	1.51024105954113	-19.7153268625278
808	0.807	1.52586782138696	-18.1972724220637
809	0.808	1.52586782138696	-16.6714046006767
810	0.809	1.55712134508468	-15.1299100174409
811	0.81	1.54149458323482	-13.5806020532812
812	0.811	1.4946142976973	-12.0625476128151
813	0.812	1.47898753585548	-10.5757466960387
814	0.813	1.47898753585548	-9.09675916018326
815	0.814	1.43210725034207	-7.64121176708449
816	0.815	1.43210725034207	-6.20910451674243
817	0.816	1.43210725034207	-4.77699726640036
818	0.817	1.33834667936938	-3.39177030154464
819	0.818	1.29146639391005	-2.07686376490493
820	0.819	1.22895934665891	-0.816650894620452
821	0.82	1.15082553763984	0.373241547528924
822	0.821	1.135198775842	1.51625370426985
823	0.822	1.07269172867052	2.62019895652611
824	0.823	0.994557919750812	3.65382378073677
825	0.824	0.900797349112511	4.60150141516843
826	0.825	0.885170587346379	5.49448538339788
827	0.826	0.822663540301581	6.34840244722186
828	0.827	0.744529731539912	7.1319990831426
829	0.828	0.728902969793479	7.8687154338093
830	0.829	0.619515637623421	8.54292473751775
831	0.83	0.57263535243708	9.139000232548
832	0.831	0.510128305549336	9.68038206154121
833	0.832	0.416367735276272	10.143630081954
834	0.833	0.353860688466512	10.5287442938254
835	0.834	0.244473356624211	10.8279113163708
836	0.835	0.19759307157801	11.0489445304719
837	0.836	0.135086024876816	11.2152840786993
838	0.837	0.0100719315670341	11.2878630569212
839	0.838	-0.068061876689044	11.2588680843602
840	0.839	-0.16182244653303	11.1439259227492
841	0.84	-0.239956254683728	10.9430365721408
842	0.841	-0.364970347625639	10.6405732709861
843	0.842	-0.458730917252184	10.2287226385472
844	0.843	-0.583745009981434	9.70748467493039
845	0.844	-0.6618788178758	9.08467276100177
846	0.845	-0.755639387286871	8.37591365842044
847	0.846	-0.865026718180982	7.56558060568651
848	0.847	-0.990040810519066	6.63804684133649
849	0.848	-1.02129433358492	5.6323792692845
850	0.849	-1.17756194880252	4.53295112809078
851	0.85	-1.20881547182375	3.33976241777764
852	0.851	-1.30257604084304	2.08406666144425
853	0.852	-1.33382956383469	0.765863859105382
854	0.853	-1.36508308681895	-0.583592466221435
855	0.854	-1.47447041720585	-2.00336921823383
856	0.855	-1.49009717868233	-3.48565301617792
857	0.856	-1.55260422456993	-5.00700371780406
858	0.857	-1.56823098603725	-6.56742132310765
859	0.858	-1.61511127042821	-8.15909245134037
860	0.859	-1.66199155480271	-9.79764386395583
861	0.86	-1.66199155480271	-11.4596354187585
862	0.861	-1.58385774750273	-13.0825600699113
863	0.862	-1.59948450896638	-14.6742311981458
864	0.863	-1.56823098603725	-16.2580889456476
865	0.864	-1.58385774750273	-17.8341333124176
866	0.865	-1.49009717868233	-19.3711107755102
867	0.866	-1.5213507016298	-20.8768347156662
868	0.867	-1.45884365572752	-22.3669318943449
869	0.868	-1.41196337128152	-23.8023354078494
870	0.869	-1.36508308681895	-25.1908586368996
871	0.87	-1.27132251784401	-26.5090614392311
872	0.871	-1.24006899483758	-27.7647571955719
873	0.872	-1.17756194880252	-28.973572667392
874	0.873	-1.11505490273778	-30.1198810931621
875	0.874	-1.05254785664331	-31.2036824728527
876	0.875	-0.990040810519066	-32.2249768064338
877	0.876	-0.911907002821781	-33.1759507131043
878	0.877	-0.786892910408854	-34.0253506697196
879	0.878	-0.755639387286871	-34.7966168185674
880	0.879	-0.693132341020351	-35.5210026827211
881	0.88	-0.599371771564081	-36.1672547390133
882	0.881	-0.552491486810472	-36.7431863682005
883	0.882	-0.489984440445855	-37.2644243318287
884	0.883	-0.380597109234811	-37.699715106669
885	0.884	-0.349343586014565	-38.0646854542937
886	0.885	-0.22432949305741	-38.3515219938297
887	0.886	-0.146195684897154	-38.536784582807
888	0.887	-0.0211815917411605	-38.6204732211262
889	0.888	0.0569522165437528	-38.6025879087249
890	0.889	0.166339548223548	-38.4909420263412
891	0.89	0.244473356624211	-38.2855355739173
892	0.891	0.322607165073295	-38.0019953130686
893	0.892	0.463248020404031	-37.6090677203299
894	0.893	0.5413818289893	-37.1067527956332
895	0.894	0.635142399356117	-36.5184906814605
896	0.895	0.744529731539912	-35.8286546160125
897	0.896	0.838290302059822	-35.0372445992127
898	0.897	0.916424110880618	-34.1598873927424
899	0.898	1.01018468153079	-33.1965829965367
900	0.899	1.08831849046041	-32.1473314105411
901	0.9	1.16645229943967	-31.0199460155911
902	0.901	1.22895934665891	-29.8222401925418
903	0.902	1.27583963209427	-28.5698407031652
904	0.903	1.36960020301893	-27.2471207856086
905	0.904	1.40085372667649	-25.8618938207609
906	0.905	1.44773401217786	-24.4375999513337
907	0.906	1.4946142976973	-22.9664257963961
908	0.907	1.47898753585548	-21.4796248796198
909	0.908	1.52586782138696	-19.9771972009985
910	0.909	1.55712134508468	-18.4357026177627
911	0.91	1.54149458323482	-16.886394653603
912	0.911	1.52586782138696	-15.3527134512921
913	0.912	1.51024105954113	-13.834659010828
914	0.913	1.4946142976973	-12.3322313322088
915	0.914	1.44773401217786	-10.8610571772713
916	0.915	1.38522696484671	-9.44457668875897
917	0.916	1.38522696484671	-8.05934972391226
918	0.917	1.3227199175476	-6.70537628271511
919	0.918	1.29146639391005	-5.39828312698628
920	0.919	1.21333258485111	-4.1458836376057
921	0.92	1.16645229943967	-2.95599119546031
922	0.921	1.15082553763984	-1.79735227692055
923	0.922	1.07269172867052	-0.685593643765373
924	0.923	0.978931157972816	0.340217799556293
925	0.924	0.978931157972816	1.31914895752911
926	0.925	0.900797349112511	2.25901321107177
927	0.926	0.80703677854531	3.11293027490068
928	0.927	0.76015649328831	3.89652691081749
929	0.928	0.682022684565968	4.61761649974463
930	0.929	0.619515637623421	5.26838566083933
931	0.93	0.5413818289893	5.84883439414569
932	0.931	0.478874782117182	6.35896269969893
933	0.932	0.400740973570914	6.79877057754297
934	0.933	0.338233926768932	7.1682580277129
935	0.934	0.228846594940208	7.45179828856747
936	0.935	0.150712786549216	7.64157797931218
937	0.936	0.119459263206346	7.77666400418996
938	0.937	-0.00555483008802438	7.83361622074912
939	0.938	-0.068061876689044	7.79680786736059
940	0.939	-0.177449208166993	7.67405232493257
941	0.94	-0.286836539551235	7.44190945107346
942	0.941	-0.349343586014565	7.12381938829056
943	0.942	-0.458730917252184	6.71978213665718
944	0.943	-0.521237963631948	6.22979769621512
945	0.944	-0.6618788178758	5.63823930546124
946	0.945	-0.724385864157372	4.94510696444466
947	0.946	-0.833773195077754	4.16602743482709
948	0.947	-0.927533764364974	3.28537395510573
949	0.948	-1.00566757205292	2.31877328689678
950	0.949	-1.11505490273778	1.25841204950143
951	0.95	-1.17756194880252	0.112103623731282
952	0.951	-1.25569575634172	-1.10452522884084
953	0.952	-1.36508308681895	-2.41491465042117
954	0.953	-1.41196337128152	-3.80343787947141
955	0.954	-1.49009717868233	-5.25446815445333
956	0.955	-1.50572394015699	-6.75237871387299
957	0.956	-1.5213507016298	-8.26591603476639
958	0.957	-1.56823098603725	-9.81070687859991
959	0.958	-1.59948450896638	-11.3945646261017
960	0.959	-1.6307380318882	-13.009675896529
961	0.96	-1.61511127042821	-14.6326005476872
962	0.961	-1.59948450896638	-16.2398984373845
963	0.962	-1.58385774750273	-17.8315695656191
964	0.963	-1.58385774750273	-19.4154273131218
965	0.964	-1.56823098603725	-20.9914716798918
966	0.965	-1.5213507016298	-22.5362625237253
967	0.966	-1.49009717868233	-24.0419864638814
968	0.967	-1.42759013276536	-25.5008301196052
969	0.968	-1.42759013276536	-26.9284202523706
970	0.969	-1.34945632532774	-28.3169434814171
971	0.97	-1.28694927934445	-29.6351462837532
972	0.971	-1.17756194880252	-30.8674018978267
973	0.972	-1.24006899483758	-32.0762173696468
974	0.973	-1.08380137969427	-33.2381525569127
975	0.974	-1.06817461816972	-34.3141405558447
976	0.975	-0.990040810519066	-35.3432482701891
977	0.976	-0.911907002821781	-36.2942221768595
978	0.977	-0.849399956630304	-37.1748756565856
979	0.978	-0.740012625723061	-37.9695819477622
980	0.979	-0.677505579449017	-38.6783410503483
981	0.98	-0.614998533144841	-39.3245931066452
982	0.981	-0.505611202039848	-39.8848979742376
983	0.982	-0.474357678849967	-40.3748824146825
984	0.983	-0.364970347625639	-40.7945464279203
985	0.984	-0.318090062786708	-41.1360766331264
986	0.985	-0.208702731429182	-41.3994730302344
987	0.986	-0.130568923259364	-41.5691088575786
988	0.987	-0.068061876689044	-41.6684242575529
989	0.988	0.0569522165437528	-41.6739790876255
990	0.989	0.166339548223548	-41.5623332052418
991	0.99	0.228846594940208	-41.36474013366
992	0.991	0.353860688466512	-41.0733864919566
993	0.992	0.44762125869283	-40.6726455183769
994	0.993	0.525755067268341	-40.1859573553964
995	0.994	0.635142399356117	-39.6055086220841
996	0.995	0.744529731539912	-38.9156725566361
997	0.996	0.80703677854531	-38.1398893015935
998	0.997	0.900797349112511	-37.2859722377646
999	0.998	0.947677634422762	-36.3617347459969
1000	0.999	1.04143820509669	-35.3671768262372
