0	0
0.0008	0.42687806487083435
0.0016	0.8912150263786316
0.0024000000000000002	1.3509398698806763
0.0032	1.7643193006515503
0.004	2.094369411468506
0.0048000000000000004	2.3117306232452393
0.0056	2.3975048065185547
0.0064	2.3438680171966553
0.007200000000000001	2.1555445194244385
0.008	1.849220633506775
0.0088	1.4520933628082275
0.009600000000000001	1.0003089904785156
0.010400000000000001	0.5340511798858643
0.0112	0.09520307183265686
0.012	-0.2764393091201782
0.0128	-0.5468418598175049
0.013600000000000001	-0.691132128238678
0.014400000000000001	-0.6963613033294678
0.0152	-0.5618293881416321
0.016	-0.2995101511478424
0.016800000000000002	0.06641139090061188
0.0176	0.502263605594635
0.0184	0.9687628149986267
0.019200000000000002	1.4237256050109863
0.02	1.8261561393737793
0.020800000000000003	2.139470338821411
0.0216	2.335846185684204
0.0224	2.3985726833343506
0.023200000000000002	2.3217005729675293
0.024	2.112191915512085
0.024800000000000003	1.7887197732925415
0.0256	1.3797310590744019
0.0264	0.9223223328590393
0.027200000000000002	0.457464337348938
0.028	0.027065381407737732
0.028800000000000003	-0.3298409879207611
0.0296	-0.5805705189704895
0.0304	-0.7021880149841309
0.031200000000000002	-0.6837320923805237
0.032	-0.5265899300575256
0.0328	-0.24512258172035217
0.033600000000000005	0.1349850744009018
0.0344	0.5788614749908447
0.0352	1.0463480949401855
0.036000000000000004	1.4953365325927734
0.0368	1.8853431940078735
0.0376	2.1810340881347656
0.038400000000000004	2.3561995029449463
0.0392	2.395840883255005
0.04	2.2961461544036865
0.0408	2.0663020610809326
0.041600000000000005	1.72654390335083
0.0424	1.3067939281463623
0.0432	0.845098078250885
0.044000000000000004	0.3828648030757904
0.0448	-0.037722643464803696
0.0456	-0.37886810302734375
0.046400000000000004	-0.6094121336936951
0.0472	-0.708031952381134
0.048	-0.6659283638000488
0.0488	-0.4867009222507477
0.049600000000000005	-0.1867353916168213
0.0504	0.2066209614276886
0.0512	0.6573716998100281
0.052000000000000005	1.124695897102356
0.0528	1.5660350322723389
0.0536	1.9420180320739746
0.054400000000000004	2.218960762023926
0.055200000000000006	2.3721532821655273
0.056	2.388359546661377
0.0568	2.2659671306610107
0.057600000000000005	2.016324996948242
0.0584	1.6610684394836426
0.0592	1.2317818403244019
0.060000000000000005	0.7670488953590393
0.0608	0.30887770652770996
0.0616	-0.10072334855794907
0.062400000000000004	-0.425370454788208
0.0632	-0.635029137134552
0.064	-0.7103387713432312
0.0648	-0.6447625160217285
0.0656	-0.4439246952533722
0.0664	-0.12604844570159912
0.06720000000000001	0.2796066999435425
0.068	0.7362693548202515
0.0688	1.2022186517715454
0.06960000000000001	1.6347836256027222
0.0704	1.9959807395935059
0.0712	2.253450393676758
0.07200000000000001	2.3842825889587402
0.0728	2.377053737640381
0.0736	2.2322134971618652
0.07440000000000001	1.9629483222961426
0.0752	1.5926557779312134
0.076	1.1546576023101807
0.07680000000000001	0.6883122324943542
0.0776	0.23566552996635437
0.0784	-0.1621367186307907
0.0792	-0.46943557262420654
0.08	-0.6577214002609253
0.08080000000000001	-0.7097958922386169
0.0816	-0.6209969520568848
0.0824	-0.39904868602752686
0.08320000000000001	-0.06416161358356476
0.084	0.3528299331665039
0.0848	0.8140296936035156
0.08560000000000001	1.2773292064666748
0.0864	1.7006325721740723
0.0872	2.0464437007904053
0.08800000000000001	2.284015417098999
0.0888	2.3924124240875244
0.0896	2.361860752105713
0.09040000000000001	2.195035219192505
0.0912	1.9068593978881836
0.092	1.5224683284759521
0.09280000000000001	1.0769208669662476
0.0936	0.610213041305542
0.0944	0.16406568884849548
0.0952	-0.22102533280849457
0.096	-0.5102260112762451
0.09680000000000001	-0.6766890287399292
0.0976	-0.7053033709526062
0.0984	-0.5934692025184631
0.09920000000000001	-0.35089802742004395
0.1	0.00019998107745777816
0.1008	0.42729052901268005
0.10160000000000001	0.8916899561882019
0.1024	1.3513648509979248
0.1032	1.764631748199463
0.10400000000000001	2.0945193767547607
0.1048	2.311692953109741
0.1056	2.397254705429077
0.10640000000000001	2.343442916870117
0.1072	2.1549572944641113
0.108	1.8484582901000977
0.10880000000000001	1.4510809183120728
0.1096	0.9990841746330261
0.11040000000000001	0.53282630443573
0.11120000000000001	0.09415317326784134
0.112	-0.2773142158985138
0.11280000000000001	-0.5475543141365051
0.1136	-0.6915945410728455
0.1144	-0.6965487599372864
0.11520000000000001	-0.5617668628692627
0.116	-0.2992226779460907
0.1168	0.06687384843826294
0.11760000000000001	0.5028010606765747
0.1184	0.9692877531051636
0.1192	1.424138069152832
0.12000000000000001	1.8263936042785645
0.1208	2.1395578384399414
0.1216	2.335721015930176
0.12240000000000001	2.3981852531433105
0.1232	2.3211381435394287
0.124	2.111417055130005
0.12480000000000001	1.7876948118209839
0.12560000000000002	1.378556251525879
0.1264	0.9210724830627441
0.1272	0.4562769830226898
0.128	0.02602798491716385
0.1288	-0.3307783901691437
0.1296	-0.5813329219818115
0.13040000000000002	-0.7026504874229431
0.1312	-0.6838445663452148
0.132	-0.5264024138450623
0.1328	-0.24464762210845947
0.1336	0.13569751381874084
0.13440000000000002	0.5796614289283752
0.13520000000000001	1.0470980405807495
0.136	1.4959490299224854
0.1368	1.8858431577682495
0.1376	2.181396722793579
0.1384	2.3563244342803955
0.13920000000000002	2.3956782817840576
0.14	2.295696258544922
0.1408	2.065589666366577
0.1416	1.7257065773010254
0.1424	1.3059065341949463
0.1432	0.844210684299469
0.14400000000000002	0.3820149004459381
0.1448	-0.03854756057262421
0.1456	-0.3795805275440216
0.1464	-0.6098746061325073
0.1472	-0.7082194685935974
0.14800000000000002	-0.6658658981323242
0.14880000000000002	-0.48637595772743225
0.1496	-0.18621045351028442
0.1504	0.20724590122699738
0.1512	0.6579716801643372
0.152	1.125183343887329
0.15280000000000002	1.5664725303649902
0.15360000000000001	1.9423805475234985
0.1544	2.219085931777954
0.1552	2.371990919113159
0.156	2.3879597187042236
0.1568	2.26531720161438
0.15760000000000002	2.015425205230713
0.1584	1.659968614578247
0.1592	1.2306444644927979
0.16	0.7660239934921265
0.1608	0.30792781710624695
0.16160000000000002	-0.10154826939105988
0.16240000000000002	-0.42595788836479187
0.1632	-0.6353541016578674
0.164	-0.7104512453079224
0.1648	-0.6446624994277954
0.1656	-0.44359973073005676
0.16640000000000002	-0.12561099231243134
0.16720000000000002	0.28004416823387146
0.168	0.7366193532943726
0.1688	1.2025060653686523
0.1696	1.6349836587905884
0.1704	1.9959931373596191
0.17120000000000002	2.2532753944396973
0.17200000000000001	2.3838951587677
0.1728	2.3764536380767822
0.1736	2.231438636779785
0.1744	1.9620859622955322
0.1752	1.5917683839797974
0.17600000000000002	1.1537702083587646
0.1768	0.687462329864502
0.1776	0.23489060997962952
0.1784	-0.16281165182590485
0.1792	-0.4699855148792267
0.18000000000000002	-0.6580463647842407
0.18080000000000002	-0.7098583579063416
0.1816	-0.6208844184875488
0.1824	-0.39876124262809753
0.1832	-0.0637616515159607
0.184	0.3532298803329468
0.18480000000000002	0.8144671320915222
0.18560000000000001	1.2777916193008423
0.1864	1.7009700536727905
0.1872	2.0465686321258545
0.188	2.283902883529663
0.1888	2.3919999599456787
0.18960000000000002	2.361173152923584
0.1904	2.1940853595733643
0.1912	1.9056720733642578
0.192	1.5211434364318848
0.1928	1.0754960775375366
0.19360000000000002	0.608688235282898
0.19440000000000002	0.1624908447265625
0.1952	-0.22251269221305847
0.196	-0.5114508867263794
0.1968	-0.6775764226913452
0.1976	-0.7058907747268677
0.19840000000000002	-0.5937941670417786
0.19920000000000002	-0.3510355055332184
