0	0
0.0008	0.4169749319553375
0.0016	0.881482720375061
0.0024000000000000002	1.351140022277832
0.0032	1.783600926399231
0.004	2.1400692462921143
0.0048000000000000004	2.3883984088897705
0.0056	2.507115125656128
0.0064	2.4859085083007812
0.007200000000000001	2.326340675354004
0.008	2.04291033744812
0.0088	1.6605149507522583
0.009600000000000001	1.2133885622024536
0.010400000000000001	0.7414771914482117
0.0112	0.2872390151023865
0.012	-0.10725516080856323
0.0128	-0.4064714312553406
0.013600000000000001	-0.5833500027656555
0.014400000000000001	-0.6216924786567688
0.0152	-0.5176616311073303
0.016	-0.28063151240348816
0.016800000000000002	0.06762516498565674
0.0176	0.49531155824661255
0.0184	0.9635815024375916
0.019200000000000002	1.4297891855239868
0.02	1.8518636226654053
0.020800000000000003	2.192171096801758
0.0216	2.4200146198272705
0.0224	2.515721321105957
0.023200000000000002	2.470954418182373
0.024	2.289463758468628
0.024800000000000003	1.9874603748321533
0.0256	1.5914913415908813
0.0264	1.1371281147003174
0.027200000000000002	0.6648792624473572
0.028	0.21770288050174713
0.028800000000000003	-0.1632176786661148
0.0296	-0.4437108337879181
0.0304	-0.5982166528701782
0.031200000000000002	-0.6127240061759949
0.032	-0.4855079650878906
0.0328	-0.22802986204624176
0.033600000000000005	0.1361752450466156
0.0344	0.57364821434021
0.0352	1.0446304082870483
0.036000000000000004	1.506050944328308
0.0368	1.916601538658142
0.0376	2.2400856018066406
0.038400000000000004	2.447031259536743
0.0392	2.5195651054382324
0.04	2.4513256549835205
0.0408	2.2482247352600098
0.041600000000000005	1.92827308177948
0.0424	1.5195178985595703
0.0432	1.0588303804397583
0.044000000000000004	0.5878063440322876
0.0448	0.14904163777828217
0.0456	-0.2174803614616394
0.046400000000000004	-0.47856295108795166
0.0472	-0.6103460788726807
0.048	-0.6009057760238647
0.0488	-0.4509045481681824
0.049600000000000005	-0.17384086549282074
0.0504	0.20520028471946716
0.0512	0.6512598991394043
0.052000000000000005	1.1236668825149536
0.0528	1.5794756412506104
0.0536	1.977914810180664
0.054400000000000004	2.2838006019592285
0.055200000000000006	2.469385862350464
0.056	2.518672227859497
0.0568	2.4273226261138916
0.057600000000000005	2.2032487392425537
0.0584	1.8661612272262573
0.0592	1.4456696510314941
0.060000000000000005	0.9802325963973999
0.0608	0.5119958519935608
0.0616	0.08283016085624695
0.062400000000000004	-0.2683558762073517
0.0632	-0.5094404816627502
0.064	-0.6182258725166321
0.0648	-0.5849255323410034
0.0656	-0.4125014841556549
0.0664	-0.11657717823982239
0.06720000000000001	0.27631261944770813
0.068	0.7297714948654175
0.0688	1.2024284601211548
0.06960000000000001	1.651050329208374
0.0704	2.0358283519744873
0.0712	2.323228597640991
0.07200000000000001	2.4867911338806152
0.0728	2.5123796463012695
0.0736	2.397782325744629
0.07440000000000001	2.1531355381011963
0.0752	1.7996997833251953
0.076	1.3683342933654785
0.07680000000000001	0.8990351557731628
0.0776	0.43456050753593445
0.0784	0.016031235456466675
0.0792	-0.3188314437866211
0.08	-0.5391306281089783
0.08080000000000001	-0.624505877494812
0.0816	-0.5674204230308533
0.0824	-0.3729110658168793
0.08320000000000001	-0.058563556522130966
0.084	0.34700000286102295
0.0848	0.8065958023071289
0.08560000000000001	1.278377890586853
0.0864	1.7197754383087158
0.0872	2.091204881668091
0.08800000000000001	2.3592443466186523
0.0888	2.5003089904785156
0.0896	2.502274990081787
0.09040000000000001	2.3648176193237305
0.0912	2.1001977920532227
0.092	1.7317135334014893
0.09280000000000001	1.2917488813400269
0.0936	0.8203374147415161
0.0944	0.3604623079299927
0.0952	-0.046630602329969406
0.096	-0.36414504051208496
0.09680000000000001	-0.5628713965415955
0.0976	-0.6246615052223206
0.0984	-0.5438908934593201
0.09920000000000001	-0.3275837004184723
0.1	0.004324582405388355
0.1008	0.42147451639175415
0.10160000000000001	0.8860948085784912
0.1024	1.355764627456665
0.1032	1.7882505655288696
0.10400000000000001	2.144681453704834
0.1048	2.3927979469299316
0.1056	2.5112648010253906
0.10640000000000001	2.48978328704834
0.1072	2.329927921295166
0.108	2.0461976528167725
0.10880000000000001	1.6634646654129028
0.1096	1.2160007953643799
0.11040000000000001	0.7439144849777222
0.11120000000000001	0.28957632184028625
0.112	-0.1049678698182106
0.11280000000000001	-0.40409666299819946
0.1136	-0.5808252096176147
0.1144	-0.6189302206039429
0.11520000000000001	-0.5146118998527527
0.116	-0.2772943079471588
0.1168	0.071249820291996
0.11760000000000001	0.49911120533943176
0.1184	0.9674186110496521
0.1192	1.4311765432357788
0.12000000000000001	1.8507511615753174
0.1208	2.1909337043762207
0.1216	2.4186272621154785
0.12240000000000001	2.5141212940216064
0.1232	2.469029664993286
0.124	2.2872390747070312
0.12480000000000001	1.9850106239318848
0.12560000000000002	1.588879108428955
0.1264	1.134415864944458
0.1272	0.6620920300483704
0.128	0.21484066545963287
0.1288	-0.1660548895597458
0.1296	-0.4463605582714081
0.13040000000000002	-0.6005789041519165
0.1312	-0.614723801612854
0.132	-0.48719528317451477
0.1328	-0.2294922024011612
0.1336	0.13487538695335388
0.13440000000000002	0.5723482966423035
0.13520000000000001	1.0433180332183838
0.136	1.5032262802124023
0.1368	1.912089467048645
0.1376	2.235361099243164
0.1384	2.4421067237854004
0.13920000000000002	2.5143656730651855
0.14	2.445826292037964
0.1408	2.242450475692749
0.1416	1.922223687171936
0.1424	1.513493537902832
0.1432	1.0528934001922607
0.14400000000000002	0.5817444920539856
0.1448	0.14299224317073822
0.1456	-0.22339226305484772
0.1464	-0.48421239852905273
0.1472	-0.6156830191612244
0.14800000000000002	-0.6059553027153015
0.14880000000000002	-0.45560407638549805
0.1496	-0.17829042673110962
0.1504	0.20086321234703064
0.1512	0.6470853090286255
0.152	1.1196423768997192
0.15280000000000002	1.5751010179519653
0.15360000000000001	1.9730528593063354
0.1544	2.2786386013031006
0.1552	2.463848829269409
0.156	2.512697696685791
0.1568	2.420898199081421
0.15760000000000002	2.196474313735962
0.1584	1.8591244220733643
0.1592	1.4388453960418701
0.16	0.9736832976341248
0.1608	0.5053964853286743
0.16160000000000002	0.07628080993890762
0.16240000000000002	-0.2747177481651306
0.1632	-0.5155273675918579
0.164	-0.6240253448486328
0.1648	-0.5904374718666077
0.1656	-0.4176759719848633
0.16640000000000002	-0.12142669409513474
0.16720000000000002	0.27170059084892273
0.168	0.7253219485282898
0.1688	1.1983164548873901
0.1696	1.645263433456421
0.1704	2.027954339981079
0.17120000000000002	2.315042018890381
0.17200000000000001	2.478266954421997
0.1728	2.5035431385040283
0.1736	2.388645648956299
0.1744	2.1437740325927734
0.1752	1.7902506589889526
0.17600000000000002	1.3598476648330688
0.1768	0.8915608525276184
0.1776	0.4271487295627594
0.1784	0.008731952868402004
0.1792	-0.32593074440956116
0.18000000000000002	-0.5459674596786499
0.18080000000000002	-0.6310427784919739
0.1816	-0.5736322999000549
0.1824	-0.3788229823112488
0.1832	-0.06427549570798874
0.184	0.3414505422115326
0.18480000000000002	0.8011338114738464
0.18560000000000001	1.2728159427642822
0.1864	1.7139760255813599
0.1872	2.085192918777466
0.188	2.353057622909546
0.1888	2.4938971996307373
0.18960000000000002	2.4956257343292236
0.1904	2.3579680919647217
0.1912	2.093198537826538
0.192	1.7244641780853271
0.1928	1.2850120067596436
0.19360000000000002	0.8143129944801331
0.19440000000000002	0.3545379042625427
0.1952	-0.05236754193902016
0.196	-0.36964449286460876
0.1968	-0.5680834054946899
0.1976	-0.6295985579490662
0.19840000000000002	-0.5485029220581055
0.19920000000000002	-0.33189576864242554
