0	-1387.6576755400747
0.0008	-12.50139238673728
0.0016	1300.147777173319
0.0024000000000000002	2675.304039802111
0.0032	3425.3892695588875
0.004	4300.48870035616
0.0048000000000000004	4362.9958023946965
0.0056	4300.48870035616
0.0064	3862.9389854844194
0.007200000000000001	3050.3466550684534
0.008	2112.7401154458057
0.0088	737.5838485333952
0.009600000000000001	-512.5582214051974
0.010400000000000001	-1887.7145083933137
0.0112	-3262.8708059536293
0.012	-3950.44895871036
0.0128	-4387.998693666188
0.013600000000000001	-4575.520008977037
0.014400000000000001	-4262.984483568929
0.0152	-3637.9134344009217
0.016	-2637.7997602949617
0.016800000000000002	-1075.1221557159442
0.0176	300.0341250432539
0.0184	1675.1903952918947
0.019200000000000002	2737.811142400489
0.02	3550.4034742166987
0.020800000000000003	4050.460291986994
0.0216	4488.010006407392
0.0224	4175.474496214592
0.023200000000000002	3800.431883273879
0.024	3050.3466550684534
0.024800000000000003	1800.2046011582133
0.0256	487.55543524067616
0.0264	-637.572428877349
0.027200000000000002	-2262.757133950654
0.028	-3387.8850153483218
0.028800000000000003	-3762.927644058771
0.0296	-4450.505798747821
0.0304	-4575.520008977037
0.031200000000000002	-4012.95606363815
0.032	-3325.3779106400325
0.0328	-2325.264238286647
0.033600000000000005	-950.1079479387845
0.0344	300.0341250432539
0.0352	1800.2046011582133
0.036000000000000004	3050.3466550684534
0.0368	3362.8821671975893
0.0376	4175.474496214592
0.038400000000000004	4488.010006407392
0.0392	4237.981598296028
0.04	3737.92478104186
0.0408	2862.8253475323436
0.041600000000000005	1737.6974982358515
0.0424	300.0341250432539
0.0432	-1200.1363635802409
0.044000000000000004	-2450.2784470243496
0.0448	-3450.392120078497
0.0456	-3887.941853804514
0.046400000000000004	-4450.505798747821
0.0472	-4387.998693666188
0.048	-4012.95606363815
0.0488	-3450.392120078497
0.049600000000000005	-2075.235821073584
0.0504	-825.093740248878
0.0512	550.062538596394
0.052000000000000005	2112.7401154458057
0.0528	3175.360859984765
0.0536	3800.431883273879
0.054400000000000004	4175.474496214592
0.055200000000000006	4300.48870035616
0.056	4112.967394111503
0.0568	3675.4176787883043
0.057600000000000005	2550.2898345406866
0.0584	1300.147777173319
0.0592	50.00571114273043
0.060000000000000005	-1450.1647795703611
0.0608	-2700.3068647623295
0.0616	-3575.406329604739
0.062400000000000004	-4137.970273559506
0.0632	-4638.027114124678
0.064	-4325.491588606616
0.0648	-3950.44895871036
0.0656	-3012.842387427343
0.0664	-1637.6860917920712
0.06720000000000001	-512.5582214051974
0.068	987.6122614789638
0.0688	2800.3182449771557
0.06960000000000001	3237.867962410557
0.0704	3800.431883273879
0.0712	4300.48870035616
0.07200000000000001	4488.010006407392
0.0728	3987.953189841064
0.0736	3362.8821671975893
0.07440000000000001	2362.7685264868196
0.0752	1112.6264678217121
0.076	-262.52980672201375
0.07680000000000001	-1387.6576755400747
0.0776	-2825.321073762607
0.0784	-3825.4347489206702
0.0792	-4262.984483568929
0.08	-4575.520008977037
0.08080000000000001	-4325.491588606616
0.0816	-3825.4347489206702
0.0824	-2950.3352828504285
0.08320000000000001	-1575.1789876964176
0.084	-75.00849593803287
0.0848	1050.1193646611064
0.08560000000000001	2175.247218238481
0.0864	3112.8537575373775
0.0872	4050.460291986994
0.08800000000000001	4362.9958023946965
0.0888	4488.010006407392
0.0896	3925.4460876735393
0.09040000000000001	3300.3750648148707
0.0912	2237.7543210095027
0.092	862.598055049486
0.09280000000000001	-450.051117701747
0.0936	-1700.193195909611
0.0944	-2887.8281782955746
0.0952	-3825.4347489206702
0.096	-4575.520008977037
0.09680000000000001	-4700.534219294321
0.0976	-4325.491588606616
0.0984	-3887.941853804514
0.09920000000000001	-2700.3068647623295
0.1	-1450.1647795703611
0.1008	175.01991813647328
0.10160000000000001	1175.1335709606064
0.1024	2550.2898345406866
0.1032	3487.8963718985324
0.10400000000000001	4237.981598296028
0.1048	4300.48870035616
0.1056	4237.981598296028
0.10640000000000001	4112.967394111503
0.1072	3175.360859984765
0.108	2175.247218238481
0.10880000000000001	675.0767452428117
0.1096	-762.5866364366375
0.11040000000000001	-2012.7287168250768
0.11120000000000001	-3200.363701289112
0.112	-3950.44895871036
0.11280000000000001	-4200.477378553245
0.1136	-4575.520008977037
0.1144	-4200.477378553245
0.11520000000000001	-3512.899224830733
0.116	-2325.264238286647
0.1168	-1012.6150518165086
0.11760000000000001	175.01991813647328
0.1184	1675.1903952918947
0.1192	2800.3182449771557
0.12000000000000001	3612.9105765132117
0.1208	4175.474496214592
0.1216	4488.010006407392
0.12240000000000001	4237.981598296028
0.1232	3675.4176787883043
0.124	2987.8395525779924
0.12480000000000001	2050.2330126314773
0.12560000000000002	425.04833186318865
0.1264	-950.1079479387845
0.1272	-2200.2500296364306
0.128	-3450.392120078497
0.1288	-3950.44895871036
0.1296	-4325.491588606616
0.13040000000000002	-4262.984483568929
0.1312	-3825.4347489206702
0.132	-3450.392120078497
0.1328	-2450.2784470243496
0.1336	-950.1079479387845
0.13440000000000002	425.04833186318865
0.13520000000000001	1800.2046011582133
0.136	2925.332450065878
0.1368	3612.9105765132117
0.1376	4175.474496214592
0.1384	4425.502904411755
0.13920000000000002	4050.460291986994
0.14	3550.4034742166987
0.1408	2925.332450065878
0.1416	1612.6832923261682
0.1424	112.51281465048669
0.1432	-1012.6150518165086
0.14400000000000002	-2387.7713426445844
0.1448	-3512.899224830733
0.1456	-4200.477378553245
0.1464	-4575.520008977037
0.1472	-4575.520008977037
0.14800000000000002	-3887.941853804514
0.14880000000000002	-3012.842387427343
0.1496	-1950.2216125983396
0.1504	-387.54401402006624
0.1512	675.0767452428117
0.152	1987.725909795554
0.15280000000000002	2925.332450065878
0.15360000000000001	3737.92478104186
0.1544	4300.48870035616
0.1552	4488.010006407392
0.156	4175.474496214592
0.1568	3425.3892695588875
0.15760000000000002	2612.7969371822546
0.1584	1300.147777173319
0.1592	-12.50139238673728
0.16	-1262.6434675450437
0.1608	-2575.2926558495965
0.16160000000000002	-3387.8850153483218
0.16240000000000002	-4325.491588606616
0.1632	-4638.027114124678
0.164	-4450.505798747821
0.1648	-3825.4347489206702
0.1656	-3137.8565966465976
0.16640000000000002	-1825.2074042102904
0.16720000000000002	-450.051117701747
0.168	550.062538596394
0.1688	2112.7401154458057
0.1696	3175.360859984765
0.1704	3675.4176787883043
0.17120000000000002	4488.010006407392
0.17200000000000001	4550.517108381493
0.1728	3987.953189841064
0.1736	3425.3892695588875
0.1744	2362.7685264868196
0.1752	1112.6264678217121
0.17600000000000002	-200.02270310552558
0.1768	-1512.6718836224754
0.1776	-2637.7997602949617
0.1784	-3762.927644058771
0.1792	-4262.984483568929
0.18000000000000002	-4513.012903851399
0.18080000000000002	-4387.998693666188
0.1816	-3825.4347489206702
0.1824	-2887.8281782955746
0.1832	-1700.193195909611
0.184	-262.52980672201375
0.18480000000000002	1112.6264678217121
0.18560000000000001	2425.275629192998
0.1864	3300.3750648148707
0.1872	3987.953189841064
0.188	4300.48870035616
0.1888	4675.531312265375
0.18960000000000002	3862.9389854844194
0.1904	3175.360859984765
0.1912	2362.7685264868196
0.192	925.1051582751097
0.1928	-325.03691036015516
0.19360000000000002	-1887.7145083933137
0.19440000000000002	-3012.842387427343
0.1952	-3762.927644058771
0.196	-4450.505798747821
0.1968	-4513.012903851399
0.1976	-4262.984483568929
0.19840000000000002	-3825.4347489206702
0.19920000000000002	-2762.813969251525
