0	-1210.1375004621223
0.0008	165.0187817334081
0.0016	1477.6679503823398
0.0024000000000000002	2852.824212060077
0.0032	3602.90944129962
0.004	4102.966259069915
0.0048000000000000004	4165.473361194425
0.0056	4290.4875653789495
0.0064	3727.9236458712257
0.007200000000000001	3227.8668270676862
0.008	1665.1892594090896
0.0088	415.0471955470275
0.009600000000000001	-897.6019808558631
0.010400000000000001	-2022.7298539906624
0.0112	-3335.3790482654003
0.012	-3960.450096555229
0.0128	-4460.506936768477
0.013600000000000001	-4585.521147041756
0.014400000000000001	-4210.478516486008
0.0152	-3397.8861529955757
0.016	-2210.2511668677325
0.016800000000000002	-960.1090847335872
0.0176	540.0614023235976
0.0184	1727.696362374816
0.019200000000000002	2790.3171094834106
0.02	3665.416543596133
0.020800000000000003	4227.980463297514
0.0216	4415.501769477618
0.0224	4352.994667439081
0.023200000000000002	3540.402338981454
0.024	2852.824212060077
0.024800000000000003	1790.203465318773
0.0256	165.0187817334081
0.0264	-1022.6161886330228
0.027200000000000002	-2460.2795843431377
0.028	-3585.4074673180003
0.028800000000000003	-4085.464306476584
0.0296	-4397.9998316649
0.0304	-4523.0140418941155
0.031200000000000002	-4022.9572015049635
0.032	-3022.843524943106
0.0328	-2147.744062553509
0.033600000000000005	-772.5877731659566
0.0344	727.5827123257332
0.0352	2040.2318768784753
0.036000000000000004	3102.852622151375
0.0368	3852.9378503568005
0.0376	4227.980463297514
0.038400000000000004	4415.501769477618
0.0392	4040.4591569239856
0.04	3665.416543596133
0.0408	2665.302904265176
0.041600000000000005	1290.146641160769
0.0424	102.51167822565185
0.0432	-1272.6446044486947
0.044000000000000004	-2647.800897679408
0.0448	-3585.4074673180003
0.0456	-4210.478516486008
0.046400000000000004	-4710.535357402987
0.0472	-4460.506936768477
0.048	-3897.9429916274385
0.0488	-3147.857734206191
0.049600000000000005	-1835.2085413103923
0.0504	-397.5451506188256
0.0512	915.1040221324074
0.052000000000000005	2102.7389797143987
0.0528	3290.3739294934785
0.0536	3665.416543596133
0.054400000000000004	4352.994667439081
0.055200000000000006	4227.980463297514
0.056	4102.966259069915
0.0568	3415.3881342805107
0.057600000000000005	2415.274493569741
0.0584	1102.6253317440278
0.0592	-210.02383963909233
0.060000000000000005	-1272.6446044486947
0.0608	-2710.3080021686037
0.0616	-3460.3932577478117
0.062400000000000004	-4397.9998316649
0.0632	-4585.521147041756
0.064	-4335.492726583267
0.0648	-4022.9572015049635
0.0656	-2772.8151066796854
0.0664	-1647.6872288266895
0.06720000000000001	-147.51673602260416
0.068	977.6111253580311
0.0688	2352.767390841851
0.06960000000000001	3540.402338981454
0.0704	3915.444952567341
0.0712	4415.501769477618
0.07200000000000001	4352.994667439081
0.0728	3977.9520547564607
0.0736	3352.881031897792
0.07440000000000001	2290.260288092424
0.0752	915.1040221324074
0.076	-460.052254322276
0.07680000000000001	-1710.1943329661735
0.0776	-2897.829315767507
0.0784	-3585.4074673180003
0.0792	-4648.028252211399
0.08	-4710.535357402987
0.08080000000000001	-4272.985621523694
0.0816	-3585.4074673180003
0.0824	-2522.786688766675
0.08320000000000001	-1522.6730206134962
0.084	165.0187817334081
0.0848	1352.6537442562403
0.08560000000000001	2477.7815962759196
0.0864	3540.402338981454
0.0872	4102.966259069915
0.08800000000000001	4290.4875653789495
0.0888	4352.994667439081
0.0896	3790.4307481247815
0.09040000000000001	3227.8668270676862
0.0912	1977.724774021015
0.092	602.5685056793154
0.09280000000000001	-585.0664617944276
0.0936	-2022.7298539906624
0.0944	-3210.364838870708
0.0952	-3835.4358867215924
0.096	-4397.9998316649
0.09680000000000001	-4460.506936768477
0.0976	-4272.985621523694
0.0984	-3647.9145721358946
0.09920000000000001	-2585.2937932120403
0.1	-1085.123292554228
0.1008	352.5400921261753
0.10160000000000001	1477.6679503823398
0.1024	2790.3171094834106
0.1032	3602.90944129962
0.10400000000000001	4102.966259069915
0.1048	4540.515973490314
0.1056	4290.4875653789495
0.10640000000000001	3790.4307481247815
0.1072	3227.8668270676862
0.108	1727.696362374816
0.10880000000000001	477.55429894611007
0.1096	-835.0948770001414
0.11040000000000001	-2210.2511668677325
0.11120000000000001	-3335.3790482654003
0.112	-3960.450096555229
0.11280000000000001	-4397.9998316649
0.1136	-4585.521147041756
0.1144	-4147.971411470324
0.11520000000000001	-3397.8861529955757
0.116	-2272.7582712037256
0.1168	-897.6019808558631
0.11760000000000001	477.55429894611007
0.1184	1790.203465318773
0.1192	2852.824212060077
0.12000000000000001	3602.90944129962
0.1208	4165.473361194425
0.1216	4540.515973490314
0.12240000000000001	4290.4875653789495
0.1232	3540.402338981454
0.124	2602.795801623608
0.12480000000000001	1602.682156421768
0.12560000000000002	290.0329886836698
0.1264	-1022.6161886330228
0.1272	-2335.265375561663
0.128	-3397.8861529955757
0.1288	-4085.464306476584
0.1296	-4523.0140418941155
0.13040000000000002	-4585.521147041756
0.1312	-4022.9572015049635
0.132	-3210.364838870708
0.1328	-2085.236958261172
0.1336	-897.6019808558631
0.13440000000000002	790.0898156163166
0.13520000000000001	2102.7389797143987
0.136	2977.8384171487996
0.1368	3790.4307481247815
0.1376	4352.994667439081
0.1384	4352.994667439081
0.13920000000000002	4040.4591569239856
0.14	3540.402338981454
0.1408	2602.795801623608
0.1416	1477.6679503823398
0.1424	40.004574696184136
0.1432	-1397.6588124874397
0.14400000000000002	-2647.800897679408
0.1448	-3647.9145721358946
0.1456	-4272.985621523694
0.1464	-4585.521147041756
0.1472	-4272.985621523694
0.14800000000000002	-3897.9429916274385
0.14880000000000002	-3147.857734206191
0.1496	-1835.2085413103923
0.1504	-147.51673602260416
0.1512	915.1040221324074
0.152	2040.2318768784753
0.15280000000000002	3165.359724620299
0.15360000000000001	4102.966259069915
0.1544	4540.515973490314
0.1552	4165.473361194425
0.156	4102.966259069915
0.1568	3477.895236641809
0.15760000000000002	2477.7815962759196
0.1584	977.6111253580311
0.1592	-397.5451506188256
0.16	-1522.6730206134962
0.1608	-2772.8151066796854
0.16160000000000002	-3835.4358867215924
0.16240000000000002	-4335.492726583267
0.1632	-4523.0140418941155
0.164	-4335.492726583267
0.1648	-3835.4358867215924
0.1656	-3022.843524943106
0.16640000000000002	-1647.6872288266895
0.16720000000000002	-272.53094327723375
0.168	1102.6253317440278
0.1688	2415.274493569741
0.1696	3665.416543596133
0.1704	4227.980463297514
0.17120000000000002	4290.4875653789495
0.17200000000000001	4415.501769477618
0.1728	4102.966259069915
0.1736	3290.3739294934785
0.1744	2102.7389797143987
0.1752	852.5969188852469
0.17600000000000002	-397.5451506188256
0.1768	-1772.701437127369
0.1776	-2897.829315767507
0.1784	-3772.928781837749
0.1792	-4210.478516486008
0.18000000000000002	-4397.9998316649
0.18080000000000002	-4272.985621523694
0.1816	-3710.4216769758496
0.1824	-2647.800897679408
0.1832	-1397.6588124874397
0.184	-147.51673602260416
0.18480000000000002	1352.6537442562403
0.18560000000000001	2602.795801623608
0.1864	3352.881031897792
0.1872	4102.966259069915
0.188	4603.023075464414
0.1888	4352.994667439081
0.18960000000000002	3852.9378503568005
0.1904	3165.359724620299
0.1912	2040.2318768784753
0.192	790.0898156163166
0.1928	-522.5593580474379
0.19360000000000002	-1897.7156455154181
0.19440000000000002	-3147.857734206191
0.1952	-3897.9429916274385
0.196	-4523.0140418941155
0.1968	-4585.521147041756
0.1976	-4210.478516486008
0.19840000000000002	-3647.9145721358946
0.19920000000000002	-2647.800897679408
