0	0
0.0008	0.4626449644565582
0.0016	0.9755600094795227
0.0024000000000000002	1.4920496940612793
0.0032	1.9652562141418457
0.004	2.3526084423065186
0.0048000000000000004	2.619835138320923
0.0056	2.7440383434295654
0.0064	2.713982105255127
0.007200000000000001	2.5322659015655518
0.008	2.215238332748413
0.0088	1.7904466390609741
0.009600000000000001	1.2958120107650757
0.010400000000000001	0.7758173942565918
0.0112	0.2775581181049347
0.012	-0.15350791811943054
0.0128	-0.47822216153144836
0.013600000000000001	-0.667025089263916
0.014400000000000001	-0.7027183175086975
0.0152	-0.5815772414207458
0.016	-0.31461313366889954
0.016800000000000002	0.07366407662630081
0.0176	0.5479204058647156
0.0184	1.0645476579666138
0.019200000000000002	1.5769627094268799
0.02	2.038832664489746
0.020800000000000003	2.4082744121551514
0.0216	2.652965545654297
0.0224	2.751871347427368
0.023200000000000002	2.6958301067352295
0.024	2.48996639251709
0.024800000000000003	2.152653455734253
0.0256	1.713213324546814
0.0264	1.2110793590545654
0.027200000000000002	0.6912847757339478
0.028	0.20114967226982117
0.028800000000000003	-0.2146679162979126
0.0296	-0.5184842348098755
0.0304	-0.6825396418571472
0.031200000000000002	-0.6918980479240417
0.032	-0.5453845262527466
0.0328	-0.25624755024909973
0.033600000000000005	0.14935295283794403
0.0344	0.6341082453727722
0.0352	1.153572678565979
0.036000000000000004	1.6607258319854736
0.0368	2.109834671020508
0.0376	2.4605655670166016
0.038400000000000004	2.682121515274048
0.0392	2.7554423809051514
0.04	2.673703670501709
0.0408	2.444429874420166
0.041600000000000005	2.08764386177063
0.0424	1.6345800161361694
0.0432	1.1259468793869019
0.044000000000000004	0.607602059841156
0.0448	0.12674100697040558
0.0456	-0.27304068207740784
0.046400000000000004	-0.5554091930389404
0.0472	-0.694567084312439
0.048	-0.6777530908584595
0.0488	-0.5064170360565186
0.049600000000000005	-0.19595716893672943
0.0504	0.22514183819293976
0.0512	0.718508780002594
0.052000000000000005	1.239210605621338
0.0528	1.7395644187927246
0.0536	2.1732122898101807
0.054400000000000004	2.5027451515197754
0.055200000000000006	2.700766086578369
0.056	2.748502016067505
0.0568	2.6414034366607666
0.057600000000000005	2.3893818855285645
0.0584	2.0141725540161133
0.0592	1.5486600399017334
0.060000000000000005	1.0350397825241089
0.0608	0.5197072625160217
0.0616	0.04949512332677841
0.062400000000000004	-0.33298832178115845
0.0632	-0.5931715369224548
0.064	-0.707069456577301
0.0648	-0.6640831232070923
0.0656	-0.468349426984787
0.0664	-0.1373291164636612
0.06720000000000001	0.2987559139728546
0.068	0.7996346354484558
0.0688	1.3199365139007568
0.06960000000000001	1.8125660419464111
0.0704	2.2330150604248047
0.0712	2.5436248779296875
0.07200000000000001	2.717473268508911
0.0728	2.7392992973327637
0.0736	2.607015609741211
0.07440000000000001	2.332758903503418
0.0752	1.9400639533996582
0.076	1.4636774063110352
0.07680000000000001	0.9467700123786926
0.0776	0.4359370172023773
0.0784	-0.022151323035359383
0.0792	-0.38619911670684814
0.08	-0.623147189617157
0.08080000000000001	-0.711010217666626
0.0816	-0.641739010810852
0.0824	-0.42163270711898804
0.08320000000000001	-0.07045187801122665
0.084	0.3795818090438843
0.0848	0.8869224190711975
0.08560000000000001	1.4057244062423706
0.0864	1.8888423442840576
0.0872	2.2928805351257324
0.08800000000000001	2.5819549560546875
0.0888	2.730930805206299
0.0896	2.7266719341278076
0.09040000000000001	2.5694282054901123
0.0912	2.273348569869995
0.092	1.864005446434021
0.09280000000000001	1.377869963645935
0.0936	0.8589501976966858
0.0944	0.3541540801525116
0.0952	-0.09087306261062622
0.096	-0.435735285282135
0.09680000000000001	-0.6486607789993286
0.0976	-0.7102389335632324
0.0984	-0.6150078177452087
0.09920000000000001	-0.3711663782596588
0.1	-0.000712419452611357
0.1008	0.46199503540992737
0.10160000000000001	0.9745476245880127
0.1024	1.4907498359680176
0.1032	1.963731288909912
0.10400000000000001	2.3507585525512695
0.1048	2.6177103519439697
0.1056	2.741626024246216
0.10640000000000001	2.711369752883911
0.1072	2.529428720474243
0.108	2.2119762897491455
0.10880000000000001	1.7868595123291016
0.1096	1.29212486743927
0.11040000000000001	0.7722427845001221
0.11120000000000001	0.2743459641933441
0.112	-0.15653261542320251
0.11280000000000001	-0.4811718761920929
0.1136	-0.6697248220443726
0.1144	-0.7051305770874023
0.11520000000000001	-0.5840395092964172
0.116	-0.3171628713607788
0.1168	0.0712893158197403
0.11760000000000001	0.545345664024353
0.1184	1.0616604089736938
0.1192	1.5739755630493164
0.12000000000000001	2.0354580879211426
0.1208	2.404437303543091
0.1216	2.6488659381866455
0.12240000000000001	2.747509479522705
0.1232	2.691305637359619
0.124	2.4852545261383057
0.12480000000000001	2.147716522216797
0.12560000000000002	1.708163857460022
0.1264	1.2060173749923706
0.1272	0.6862727999687195
0.128	0.19646264612674713
0.1288	-0.21899248659610748
0.1296	-0.5226338505744934
0.13040000000000002	-0.6864392757415771
0.1312	-0.6955227255821228
0.132	-0.5489591360092163
0.1328	-0.2598097026348114
0.1336	0.14565332233905792
0.13440000000000002	0.6298211812973022
0.13520000000000001	1.1488481760025024
0.136	1.6559138298034668
0.1368	2.1044600009918213
0.1376	2.454528570175171
0.1384	2.675872325897217
0.13920000000000002	2.7489681243896484
0.14	2.66702938079834
0.1408	2.437568187713623
0.1416	2.080857038497925
0.1424	1.6279932260513306
0.1432	1.1195974349975586
0.14400000000000002	0.6013776659965515
0.1448	0.12087909132242203
0.1456	-0.2784026563167572
0.1464	-0.5603961944580078
0.1472	-0.6990916728973389
0.14800000000000002	-0.6819401979446411
0.14880000000000002	-0.5103666186332703
0.1496	-0.19969430565834045
0.1504	0.22166717052459717
0.1512	0.7148841619491577
0.152	1.2353609800338745
0.15280000000000002	1.735627293586731
0.15360000000000001	2.1702375411987305
0.1544	2.5007078647613525
0.1552	2.6983914375305176
0.156	2.745814800262451
0.1568	2.638491153717041
0.15760000000000002	2.386244535446167
0.1584	2.0112855434417725
0.1592	1.5460478067398071
0.16	1.032652497291565
0.1608	0.5175949335098267
0.16160000000000002	0.04770779609680176
0.16240000000000002	-0.334300696849823
0.1632	-0.5938590168952942
0.164	-0.7070819735527039
0.1648	-0.663745641708374
0.1656	-0.4677245020866394
0.16640000000000002	-0.1364791989326477
0.16720000000000002	0.2998183071613312
0.168	0.8007470369338989
0.1688	1.3209489583969116
0.1696	1.8132034540176392
0.1704	2.2328150272369385
0.17120000000000002	2.5428125858306885
0.17200000000000001	2.71634840965271
0.1728	2.7377870082855225
0.1736	2.605240821838379
0.1744	2.3307840824127197
0.1752	1.9381141662597656
0.17600000000000002	1.4617526531219482
0.1768	0.9450076818466187
0.1776	0.4345121383666992
0.1784	-0.023401206359267235
0.1792	-0.38724902272224426
0.18000000000000002	-0.6237221360206604
0.18080000000000002	-0.7110352516174316
0.1816	-0.6415014863014221
0.1824	-0.4212077856063843
0.1832	-0.0698019489645958
0.184	0.3804692029953003
0.18480000000000002	0.8879348039627075
0.18560000000000001	1.406699299812317
0.1864	1.889779806137085
0.1872	2.293555498123169
0.188	2.5822675228118896
0.1888	2.7310433387756348
0.18960000000000002	2.7265093326568604
0.1904	2.5690534114837646
0.1912	2.2729861736297607
0.192	1.8635929822921753
0.1928	1.3773449659347534
0.19360000000000002	0.8584377765655518
0.19440000000000002	0.3537041246891022
0.1952	-0.09117304533720016
0.196	-0.4358227849006653
0.1968	-0.64847332239151
0.1976	-0.7097390294075012
0.19840000000000002	-0.6142578721046448
0.19920000000000002	-0.3703039586544037
