0	0
0.0008	0.4239655137062073
0.0016	0.9175242781639099
0.0024000000000000002	1.43556809425354
0.0032	1.9309892654418945
0.004	2.359266757965088
0.0048000000000000004	2.6822547912597656
0.0056	2.871643304824829
0.0064	2.910996913909912
0.007200000000000001	2.796290874481201
0.008	2.538224220275879
0.0088	2.1595070362091064
0.009600000000000001	1.6933739185333252
0.010400000000000001	1.1812703609466553
0.0112	0.6693292260169983
0.012	0.20499582588672638
0.0128	-0.16968409717082977
0.013600000000000001	-0.42102640867233276
0.014400000000000001	-0.5260209441184998
0.0152	-0.47485607862472534
0.016	-0.27234378457069397
0.016800000000000002	0.063280388712883
0.0176	0.5017820000648499
0.0184	1.002714991569519
0.019200000000000002	1.5204089879989624
0.02	2.0076558589935303
0.020800000000000003	2.4208598136901855
0.0216	2.723337411880493
0.0224	2.8885908126831055
0.023200000000000002	2.902221918106079
0.024	2.76261830329895
0.024800000000000003	2.481929063796997
0.0256	2.0853137969970703
0.0264	1.6083941459655762
0.027200000000000002	1.0930283069610596
0.028	0.5860117673873901
0.028800000000000003	0.13401460647583008
0.0296	-0.22226716578006744
0.0304	-0.4505118131637573
0.031200000000000002	-0.5298213958740234
0.032	-0.4526466429233551
0.0328	-0.22688664495944977
0.033600000000000005	0.12772317230701447
0.0344	0.5799234509468079
0.0352	1.08711838722229
0.036000000000000004	1.602912425994873
0.0368	2.0806727409362793
0.0376	2.477665901184082
0.038400000000000004	2.75877046585083
0.0392	2.899526357650757
0.04	2.887360095977783
0.0408	2.7230465412139893
0.041600000000000005	2.4216842651367188
0.0424	2.0094454288482666
0.0432	1.5229144096374512
0.044000000000000004	1.0058737993240356
0.0448	0.5051440596580505
0.0456	0.06665802747011185
0.046400000000000004	-0.2702881693840027
0.0472	-0.47489771246910095
0.048	-0.5281848907470703
0.0488	-0.4252002239227295
0.049600000000000005	-0.17529259622097015
0.0504	0.199015274643898
0.0512	0.6636268496513367
0.052000000000000005	1.17560875415802
0.0528	1.6881531476974487
0.0536	2.1551146507263184
0.054400000000000004	2.534959316253662
0.055200000000000006	2.794128656387329
0.056	2.9099745750427246
0.0568	2.8718857765197754
0.057600000000000005	2.683224678039551
0.0584	2.360852003097534
0.0592	1.9328649044036865
0.060000000000000005	1.4379096031188965
0.0608	0.9203815460205078
0.0616	0.4269760549068451
0.062400000000000004	0.002913594013080001
0.0632	-0.313847154378891
0.064	-0.49415910243988037
0.0648	-0.5212114453315735
0.0656	-0.39265429973602295
0.0664	-0.12001142650842667
0.06720000000000001	0.2721947133541107
0.068	0.7478426694869995
0.0688	1.2631868124008179
0.06960000000000001	1.7713066339492798
0.0704	2.226544141769409
0.0712	2.588465690612793
0.07200000000000001	2.8249995708465576
0.0728	2.9155356884002686
0.0736	2.85172438621521
0.07440000000000001	2.6392407417297363
0.0752	2.2970449924468994
0.076	1.855534315109253
0.07680000000000001	1.353917121887207
0.0776	0.8369390964508057
0.0784	0.3519577383995056
0.0792	-0.0567062571644783
0.08	-0.3522816300392151
0.08080000000000001	-0.5077335834503174
0.0816	-0.508663535118103
0.0824	-0.3549463748931885
0.08320000000000001	-0.06041817367076874
0.084	0.3482113480567932
0.0848	0.8334333896636963
0.08560000000000001	1.3506648540496826
0.0864	1.8528852462768555
0.0872	2.295161485671997
0.08800000000000001	2.637860059738159
0.0888	2.850858688354492
0.0896	2.915759801864624
0.09040000000000001	2.8262887001037598
0.0912	2.5905072689056396
0.092	2.229438543319702
0.09280000000000001	1.775091528892517
0.0936	1.267687439918518
0.0944	0.7526466846466064
0.0952	0.27741438150405884
0.096	-0.11468877643346786
0.09680000000000001	-0.3883788585662842
0.0976	-0.5186208486557007
0.0984	-0.4933159053325653
0.09920000000000001	-0.3148012161254883
0.1	0.000712428183760494
0.1008	0.42477795481681824
0.10160000000000001	0.9183241724967957
0.1024	1.4362056255340576
0.1032	1.931489109992981
0.10400000000000001	2.359616756439209
0.1048	2.6822922229766846
0.1056	2.871368408203125
0.10640000000000001	2.9104719161987305
0.1072	2.7955408096313477
0.108	2.5370867252349854
0.10880000000000001	2.1579198837280273
0.1096	1.691611647605896
0.11040000000000001	1.1795204877853394
0.11120000000000001	0.6676169037818909
0.112	0.20333348214626312
0.11280000000000001	-0.17119644582271576
0.1136	-0.4222638010978699
0.1144	-0.5269083380699158
0.11520000000000001	-0.4754435420036316
0.116	-0.2726687490940094
0.1168	0.06318040192127228
0.11760000000000001	0.5018819570541382
0.1184	1.0029025077819824
0.1192	1.5206339359283447
0.12000000000000001	2.007830858230591
0.1208	2.42083477973938
0.1216	2.7230372428894043
0.12240000000000001	2.887990951538086
0.1232	2.9013469219207764
0.124	2.761418581008911
0.12480000000000001	2.4808290004730225
0.12560000000000002	2.0843889713287354
0.1264	1.6073192358016968
0.1272	1.091940999031067
0.128	0.5850493311882019
0.1288	0.1332271844148636
0.1296	-0.22282961010932922
0.13040000000000002	-0.4507492780685425
0.1312	-0.5297089219093323
0.132	-0.45230919122695923
0.1328	-0.22564926743507385
0.1336	0.12983545660972595
0.13440000000000002	0.5820107460021973
0.13520000000000001	1.0891931056976318
0.136	1.6049622297286987
0.1368	2.082547664642334
0.1376	2.479365825653076
0.1384	2.760470151901245
0.13920000000000002	2.901151180267334
0.14	2.888672351837158
0.1408	2.724158763885498
0.1416	2.4223341941833496
0.1424	2.00972056388855
0.1432	1.5231393575668335
0.14400000000000002	1.0060611963272095
0.1448	0.5055189728736877
0.1456	0.06728296726942062
0.1464	-0.2693757712841034
0.1472	-0.4736728370189667
0.14800000000000002	-0.5266725420951843
0.14880000000000002	-0.42345038056373596
0.1496	-0.1733802855014801
0.1504	0.20104007422924042
0.1512	0.6657766103744507
0.152	1.177858591079712
0.15280000000000002	1.690377950668335
0.15360000000000001	2.1572518348693848
0.1544	2.536884069442749
0.1552	2.7958409786224365
0.156	2.9114742279052734
0.1568	2.873098134994507
0.15760000000000002	2.684237003326416
0.1584	2.3617517948150635
0.1592	1.9336522817611694
0.16	1.4385470151901245
0.1608	0.9209064841270447
0.16160000000000002	0.4275510013103485
0.16240000000000002	0.0036760172806680202
0.1632	-0.31285974383354187
0.164	-0.4929467439651489
0.1648	-0.519749104976654
0.1656	-0.39091697335243225
0.16640000000000002	-0.1180616170167923
0.16720000000000002	0.27423200011253357
0.168	0.7498549818992615
0.1688	1.2651616334915161
0.1696	1.7732189893722534
0.1704	2.2282938957214355
0.17120000000000002	2.590127944946289
0.17200000000000001	2.826749563217163
0.1728	2.917172908782959
0.1736	2.8530619144439697
0.1744	2.6404030323028564
0.1752	2.2980449199676514
0.17600000000000002	1.8559592962265015
0.1768	1.353879690170288
0.1776	0.8369515538215637
0.1784	0.35207024216651917
0.1792	-0.05651877447962761
0.18000000000000002	-0.35201916098594666
0.18080000000000002	-0.5073211193084717
0.1816	-0.5080136060714722
0.1824	-0.355058878660202
0.1832	-0.06123059242963791
0.184	0.34771138429641724
0.18480000000000002	0.8330584168434143
0.18560000000000001	1.3502899408340454
0.1864	1.852422833442688
0.1872	2.294624090194702
0.188	2.6374099254608154
0.1888	2.850358724594116
0.18960000000000002	2.914947271347046
0.1904	2.8252012729644775
0.1912	2.5891449451446533
0.192	2.227813720703125
0.1928	1.7730168104171753
0.19360000000000002	1.2652127742767334
0.19440000000000002	0.7501219511032104
0.1952	0.2748396396636963
0.196	-0.11725102365016937
0.1968	-0.3907786011695862
0.1976	-0.5207831263542175
0.19840000000000002	-0.49519070982933044
0.19920000000000002	-0.31598860025405884
