0	-394.2947812549537
0.0008	980.861494721903
0.0016	2043.4822462423472
0.0024000000000000002	3293.6242988573504
0.0032	4168.723730558297
0.004	4356.245036802953
0.0048000000000000004	4293.737934742821
0.0056	4043.7095262878574
0.0064	3418.6385036443826
0.007200000000000001	2418.524862933613
0.008	1168.3828042685054
0.0088	-144.2663666587323
0.009600000000000001	-1456.9155471756821
0.010400000000000001	-2894.578946403635
0.0112	-3707.1713076119777
0.012	-4207.228147122136
0.0128	-4832.299198488297
0.013600000000000001	-4394.749462301028
0.014400000000000001	-3832.1855173577205
0.0152	-2707.057632804732
0.016	-1456.9155471756821
0.016800000000000002	-206.77347027522046
0.0176	1168.3828042685054
0.0184	2418.524862933613
0.019200000000000002	3168.610093984171
0.02	3981.2024241203326
0.020800000000000003	4418.75213884149
0.0216	4481.259240858548
0.0224	4043.7095262878574
0.023200000000000002	3231.117196431558
0.024	2293.510657456296
0.024800000000000003	730.833081689605
0.0256	-519.308988683566
0.0264	-1706.9439636023017
0.027200000000000002	-2957.0860509805498
0.028	-3894.6926222635666
0.028800000000000003	-4332.242357219395
0.0296	-4519.763672530244
0.0304	-4332.242357219395
0.031200000000000002	-3769.678412473877
0.032	-2894.578946403635
0.0328	-1331.9013390932814
0.033600000000000005	-19.25215949123958
0.0344	1543.4254227767815
0.0352	2668.553273629048
0.036000000000000004	3356.131401261664
0.0368	4106.216628433787
0.0376	4356.245036802953
0.038400000000000004	4293.737934742821
0.0392	3856.1882197206724
0.04	3106.1029915152467
0.0408	1980.975143384887
0.041600000000000005	730.833081689605
0.0424	-1019.365819269151
0.0432	-2019.4794846267905
0.044000000000000004	-3144.607364842319
0.0448	-3957.199727191357
0.0456	-4207.228147122136
0.046400000000000004	-4582.270777677884
0.0472	-4269.735252159822
0.048	-3457.14288838394
0.0488	-2394.5221105775563
0.049600000000000005	-1144.3800271334476
0.0504	293.2833580475417
0.0512	1668.4396287729614
0.052000000000000005	2731.0603762489045
0.0528	3731.1740152350976
0.0536	4168.723730558297
0.054400000000000004	4356.245036802953
0.055200000000000006	4293.737934742821
0.056	3606.159810663492
0.0568	2981.0887865126715
0.057600000000000005	1855.9609376050066
0.0584	293.2833580475417
0.0592	-956.8587153697154
0.060000000000000005	-2144.4936931896373
0.0608	-3269.621574193239
0.0616	-4082.2139371127123
0.062400000000000004	-4582.270777677884
0.0632	-4332.242357219395
0.064	-4019.7068321410916
0.0648	-3457.14288838394
0.0656	-2144.4936931896373
0.0664	-894.3516114919912
0.06720000000000001	480.80466830998193
0.068	1730.946731738688
0.0688	3106.1029915152467
0.06960000000000001	3918.6953219312127
0.0704	4168.723730558297
0.0712	4231.230832661386
0.07200000000000001	4231.230832661386
0.0728	3543.6527083453257
0.0736	2793.5674788472825
0.07440000000000001	1543.4254227767815
0.0752	230.77625458326656
0.076	-1144.3800271334476
0.07680000000000001	-2457.029214979266
0.0776	-3519.6499931579456
0.0784	-4207.228147122136
0.0792	-4707.284988039115
0.08	-4519.763672530244
0.08080000000000001	-3957.199727191357
0.0816	-3019.593155579234
0.0824	-2081.9865888973
0.08320000000000001	-706.8302999898442
0.084	793.3401849801885
0.0848	2168.496451892599
0.08560000000000001	3106.1029915152467
0.0864	3606.159810663492
0.0872	4231.230832661386
0.08800000000000001	4543.7663428541855
0.0888	4106.216628433787
0.0896	3606.159810663492
0.09040000000000001	2668.553273629048
0.0912	1230.8899074073997
0.092	-81.759263064072
0.09280000000000001	-1394.4084431235678
0.0936	-2644.550528315536
0.0944	-3394.635783631704
0.0952	-4332.242357219395
0.096	-4644.7778828475275
0.09680000000000001	-4519.763672530244
0.0976	-3832.1855173577205
0.0984	-3019.593155579234
0.09920000000000001	-1831.9581719465205
0.1	-331.78767757327296
0.1008	980.861494721903
0.10160000000000001	2231.003554685274
0.1024	3106.1029915152467
0.1032	4106.216628433787
0.10400000000000001	4543.7663428541855
0.1048	4293.737934742821
0.1056	3981.2024241203326
0.10640000000000001	3293.6242988573504
0.1072	2481.0319656397915
0.108	1043.368597925757
0.10880000000000001	-206.77347027522046
0.1096	-1456.9155471756821
0.11040000000000001	-2707.057632804732
0.11120000000000001	-3769.678412473877
0.112	-4394.749462301028
0.11280000000000001	-4644.7778828475275
0.1136	-4457.256567404605
0.1144	-3769.678412473877
0.11520000000000001	-2957.0860509805498
0.116	-1519.4226512496243
0.1168	-144.2663666587323
0.11760000000000001	1168.3828042685054
0.1184	2293.510657456296
0.1192	3418.6385036443826
0.12000000000000001	4043.7095262878574
0.1208	4356.245036802953
0.1216	4168.723730558297
0.12240000000000001	3856.1882197206724
0.1232	3231.117196431558
0.124	2168.496451892599
0.12480000000000001	855.8472882491187
0.12560000000000002	-519.308988683566
0.1264	-1581.929755345278
0.1272	-2957.0860509805498
0.128	-3894.6926222635666
0.1288	-4332.242357219395
0.1296	-4457.256567404605
0.13040000000000002	-4207.228147122136
0.1312	-3707.1713076119777
0.132	-2644.550528315536
0.1328	-1269.3942350848229
0.1336	293.2833580475417
0.13440000000000002	1668.4396287729614
0.13520000000000001	2606.04617098748
0.136	3481.1456060056807
0.1368	4106.216628433787
0.1376	4481.259240858548
0.1384	4168.723730558297
0.13920000000000002	3731.1740152350976
0.14	3231.117196431558
0.1408	1918.4680405057734
0.1416	605.8188750431873
0.1424	-894.3516114919912
0.1432	-1706.9439636023017
0.14400000000000002	-2769.5647373158135
0.1448	-4019.7068321410916
0.1456	-4769.792093252705
0.1464	-4519.763672530244
0.1472	-4207.228147122136
0.14800000000000002	-3644.6642027720227
0.14880000000000002	-2519.536319402803
0.1496	-1081.8729231903562
0.1504	293.2833580475417
0.1512	1668.4396287729614
0.152	2668.553273629048
0.15280000000000002	3481.1456060056807
0.15360000000000001	4231.230832661386
0.1544	4356.245036802953
0.1552	4293.737934742821
0.156	3668.666912960005
0.1568	2856.074581423949
0.15760000000000002	1730.946731738688
0.1584	418.2975649108994
0.1592	-1206.8871310982504
0.16	-2207.0007975038607
0.1608	-3269.621574193239
0.16160000000000002	-4207.228147122136
0.16240000000000002	-4457.256567404605
0.1632	-4457.256567404605
0.164	-4019.7068321410916
0.1648	-3269.621574193239
0.1656	-2144.4936931896373
0.16640000000000002	-831.8445076362696
0.16720000000000002	418.2975649108994
0.168	1918.4680405057734
0.1688	3106.1029915152467
0.1696	3668.666912960005
0.1704	4293.737934742821
0.17120000000000002	4481.259240858548
0.17200000000000001	4231.230832661386
0.1728	3606.159810663492
0.1736	2856.074581423949
0.1744	1480.9183197462116
0.1752	105.76204758952372
0.17600000000000002	-1019.365819269151
0.1768	-2519.536319402803
0.1776	-3144.607364842319
0.1784	-4082.2139371127123
0.1792	-4644.7778828475275
0.18000000000000002	-4457.256567404605
0.18080000000000002	-4207.228147122136
0.1816	-3207.114469506836
0.1824	-2019.4794846267905
0.1832	-456.8018849584041
0.184	668.3259783771937
0.18480000000000002	2043.4822462423472
0.18560000000000001	3106.1029915152467
0.1864	3856.1882197206724
0.1872	4356.245036802953
0.188	4418.75213884149
0.1888	4106.216628433787
0.18960000000000002	3731.1740152350976
0.1904	2481.0319656397915
0.1912	1293.3970105246408
0.192	230.77625458326656
0.1928	-1456.9155471756821
0.19360000000000002	-2707.057632804732
0.19440000000000002	-3644.6642027720227
0.1952	-4082.2139371127123
0.196	-4644.7778828475275
0.1968	-4394.749462301028
0.1976	-4082.2139371127123
0.19840000000000002	-2957.0860509805498
0.19920000000000002	-1706.9439636023017
