0	0
0.0008	0.44708096981048584
0.0016	0.9491565823554993
0.0024000000000000002	1.4599063396453857
0.0032	1.9333847761154175
0.004	2.3272335529327393
0.0048000000000000004	2.60628080368042
0.0056	2.7463295459747314
0.0064	2.7351183891296387
0.007200000000000001	2.5732598304748535
0.008	2.2753772735595703
0.0088	1.8673559427261353
0.009600000000000001	1.3854795694351196
0.010400000000000001	0.8735561370849609
0.0112	0.37765613198280334
0.012	-0.05746251717209816
0.0128	-0.39226624369621277
0.013600000000000001	-0.595845639705658
0.014400000000000001	-0.6495651006698608
0.0152	-0.5485250353813171
0.016	-0.3019118905067444
0.016800000000000002	0.06836409121751785
0.0176	0.5281063318252563
0.0184	1.0346440076828003
0.019200000000000002	1.5424065589904785
0.02	2.0055110454559326
0.020800000000000003	2.3826239109039307
0.0216	2.6400983333587646
0.0224	2.7554244995117188
0.023200000000000002	2.7185909748077393
0.024	2.532609701156616
0.024800000000000003	2.2140917778015137
0.0256	1.7909594774246216
0.0264	1.301033854484558
0.027200000000000002	0.7885605692863464
0.028	0.29973480105400085
0.028800000000000003	-0.12128524482250214
0.0296	-0.43619096279144287
0.0304	-0.6157228350639343
0.031200000000000002	-0.6435073614120483
0.032	-0.5171447992324829
0.0328	-0.2480463683605194
0.033600000000000005	0.1397278904914856
0.0344	0.610119104385376
0.0352	1.1199064254760742
0.036000000000000004	1.6232445240020752
0.0368	2.074774980545044
0.0376	2.4341771602630615
0.038400000000000004	2.669241428375244
0.0392	2.759619951248169
0.04	2.6973013877868652
0.0408	2.487647533416748
0.041600000000000005	2.1493942737579346
0.0424	1.7123632431030273
0.0432	1.215500831604004
0.044000000000000004	0.7036524415016174
0.0448	0.22298838198184967
0.0456	-0.18282070755958557
0.046400000000000004	-0.4766785502433777
0.0472	-0.6317503452301025
0.048	-0.6337375044822693
0.0488	-0.48225241899490356
0.049600000000000005	-0.19121864438056946
0.0504	0.21299152076244354
0.0512	0.6930192708969116
0.052000000000000005	1.2050689458847046
0.0528	1.703144907951355
0.0536	2.1420891284942627
0.054400000000000004	2.482518196105957
0.055200000000000006	2.6944472789764404
0.056	2.7597033977508545
0.0568	2.6722123622894287
0.057600000000000005	2.439710855484009
0.0584	2.082796812057495
0.0592	1.6330546140670776
0.060000000000000005	1.1307177543640137
0.0608	0.6208565831184387
0.0616	0.14974159002304077
0.062400000000000004	-0.23948165774345398
0.0632	-0.5114542245864868
0.064	-0.6415035128593445
0.0648	-0.6174682378768921
0.0656	-0.4413481056690216
0.0664	-0.12925392389297485
0.06720000000000001	0.2904297113418579
0.068	0.7790191769599915
0.0688	1.2919561862945557
0.06960000000000001	1.783095359802246
0.0704	2.2079660892486572
0.0712	2.528484344482422
0.07200000000000001	2.716728448867798
0.0728	2.7564244270324707
0.0736	2.643723487854004
0.07440000000000001	2.3887617588043213
0.0752	2.0138494968414307
0.076	1.5522960424423218
0.07680000000000001	1.045509696006775
0.0776	0.5390231609344482
0.0784	0.07900705933570862
0.0792	-0.292667955160141
0.08	-0.5422427654266357
0.08080000000000001	-0.6469945907592773
0.0816	-0.5970494151115417
0.0824	-0.3967317044734955
0.08320000000000001	-0.06428950279951096
0.084	0.3699052333831787
0.0848	0.8659189343452454
0.08560000000000001	1.3784935474395752
0.0864	1.8612459897994995
0.0872	2.270880699157715
0.08800000000000001	2.570801019668579
0.0888	2.734909772872925
0.0896	2.7490336894989014
0.09040000000000001	2.611572504043579
0.0912	2.3348004817962646
0.092	1.9428150653839111
0.09280000000000001	1.4704251289367676
0.0936	0.9602765440940857
0.0944	0.4585021436214447
0.0952	0.010459799319505692
0.096	-0.34311702847480774
0.09680000000000001	-0.5697441697120667
0.0976	-0.6489110589027405
0.0984	-0.5732059478759766
0.09920000000000001	-0.34932804107666016
0.1	0.0022872656118124723
0.1008	0.4497556984424591
0.10160000000000001	0.9519312977790833
0.1024	1.4627560377120972
0.1032	1.9361845254898071
0.10400000000000001	2.3299331665039062
0.1048	2.6087806224823
0.1056	2.748516798019409
0.10640000000000001	2.7369933128356934
0.1072	2.574822187423706
0.108	2.2766647338867188
0.10880000000000001	1.8684684038162231
0.1096	1.386454463005066
0.11040000000000001	0.874443531036377
0.11120000000000001	0.3785310387611389
0.112	-0.05652511492371559
0.11280000000000001	-0.39111635088920593
0.1136	-0.5944458246231079
0.1144	-0.64790278673172
0.11520000000000001	-0.5465502142906189
0.116	-0.2996496260166168
0.1168	0.07075135409832001
0.11760000000000001	0.5306685566902161
0.1184	1.0376436710357666
0.1192	1.5457937717437744
0.12000000000000001	2.008910655975342
0.1208	2.3858485221862793
0.1216	2.643198013305664
0.12240000000000001	2.7583117485046387
0.1232	2.7211532592773438
0.124	2.5328221321105957
0.12480000000000001	2.2120420932769775
0.12560000000000002	1.7887097597122192
0.1264	1.2985966205596924
0.1272	0.7860357761383057
0.128	0.2971850633621216
0.1288	-0.12377249449491501
0.1296	-0.43852823972702026
0.13040000000000002	-0.6178476214408875
0.1312	-0.645307183265686
0.132	-0.5186071395874023
0.1328	-0.24923375248908997
0.1336	0.13876549899578094
0.13440000000000002	0.6093816757202148
0.13520000000000001	1.1192690134048462
0.136	1.6225320100784302
0.1368	2.0738751888275146
0.1376	2.4330272674560547
0.1384	2.667816400527954
0.13920000000000002	2.7578952312469482
0.14	2.6953392028808594
0.1408	2.4854977130889893
0.1416	2.1470069885253906
0.1424	1.7097384929656982
0.1432	1.2127010822296143
0.14400000000000002	0.7007651925086975
0.1448	0.2202136516571045
0.1456	-0.1854204386472702
0.1464	-0.4790533185005188
0.1472	-0.633812665939331
0.14800000000000002	-0.6354873180389404
0.14880000000000002	-0.48372724652290344
0.1496	-0.1924310177564621
0.1504	0.2120291143655777
0.1512	0.692206859588623
0.152	1.204393982887268
0.15280000000000002	1.702470064163208
0.15360000000000001	2.141251802444458
0.1544	2.4814932346343994
0.1552	2.6931474208831787
0.156	2.7580409049987793
0.1568	2.670224905014038
0.15760000000000002	2.4374234676361084
0.1584	2.0802221298217773
0.1592	1.6302423477172852
0.16	1.1276805400848389
0.1608	0.6177694201469421
0.16160000000000002	0.1467543989419937
0.16240000000000002	-0.24235637485980988
0.1632	-0.5141414403915405
0.164	-0.6439407467842102
0.1648	-0.6196430325508118
0.1656	-0.4431479275226593
0.16640000000000002	-0.1306287795305252
0.16720000000000002	0.28946733474731445
0.168	0.7782942056655884
0.1688	1.2911688089370728
0.1696	1.7822455167770386
0.1704	2.206991195678711
0.17120000000000002	2.5272345542907715
0.17200000000000001	2.715240955352783
0.1728	2.7546746730804443
0.1736	2.641686201095581
0.1744	2.386512041091919
0.1752	2.0114123821258545
0.17600000000000002	1.5497088432312012
0.1768	1.0428974628448486
0.1776	0.536410927772522
0.1784	0.07643231749534607
0.1792	-0.2950802147388458
0.18000000000000002	-0.5443800687789917
0.18080000000000002	-0.6488319039344788
0.1816	-0.5985992550849915
0.1824	-0.3979940712451935
0.1832	-0.06545188277959824
0.184	0.3688553273677826
0.18480000000000002	0.8650065660476685
0.18560000000000001	1.3775811195373535
0.1864	1.8603585958480835
0.1872	2.269930839538574
0.188	2.569638729095459
0.1888	2.733522415161133
0.18960000000000002	2.7473337650299072
0.1904	2.6088478565216064
0.1912	2.33137583732605
0.192	1.9394029378890991
0.1928	1.4668880701065063
0.19360000000000002	0.9566894173622131
0.19440000000000002	0.4549024999141693
0.1952	0.006985153071582317
0.196	-0.346354216337204
0.1968	-0.5727563500404358
0.1976	-0.6516232490539551
0.19840000000000002	-0.5755931735038757
0.19920000000000002	-0.35142782330513
