0	0
0.0008	0.47505390644073486
0.0016	1.0137641429901123
0.0024000000000000002	1.5668480396270752
0.0032	2.0840728282928467
0.004	2.5186681747436523
0.0048000000000000004	2.832475423812866
0.0056	2.9986345767974854
0.0064	3.0020852088928223
0.007200000000000001	2.842414379119873
0.008	2.534346103668213
0.0088	2.1041276454925537
0.009600000000000001	1.5897551774978638
0.010400000000000001	1.037711501121521
0.0112	0.4980665445327759
0.012	0.020352855324745178
0.0128	-0.35230889916419983
0.013600000000000001	-0.5863345861434937
0.014400000000000001	-0.6600639224052429
0.0152	-0.5664849281311035
0.016	-0.31422165036201477
0.016800000000000002	0.07387825101613998
0.0176	0.562630832195282
0.0184	1.1071280241012573
0.019200000000000002	1.6574121713638306
0.02	2.163675546646118
0.020800000000000003	2.580397605895996
0.0216	2.8709945678710938
0.0224	3.010631561279297
0.023200000000000002	2.986372232437134
0.024	2.800466775894165
0.024800000000000003	2.4697632789611816
0.0256	2.0224339962005615
0.0264	1.49818754196167
0.027200000000000002	0.9447814226150513
0.028	0.4122482240200043
0.028800000000000003	-0.05067946016788483
0.0296	-0.40205585956573486
0.0304	-0.6104466319084167
0.031200000000000002	-0.6563411951065063
0.032	-0.5352524518966675
0.0328	-0.2581791579723358
0.033600000000000005	0.1499812752008438
0.0344	0.6517575979232788
0.0352	1.2007293701171875
0.036000000000000004	1.7468763589859009
0.0368	2.2409534454345703
0.0376	2.6387648582458496
0.038400000000000004	2.905601739883423
0.0392	3.0183537006378174
0.04	2.9664597511291504
0.0408	2.7548317909240723
0.041600000000000005	2.402155637741089
0.0424	1.938690423965454
0.0432	1.4062073230743408
0.044000000000000004	0.8528512120246887
0.0448	0.3284671902656555
0.0456	-0.1187620684504509
0.046400000000000004	-0.4483031630516052
0.0472	-0.630509078502655
0.048	-0.6483564376831055
0.0488	-0.5000954270362854
0.049600000000000005	-0.1989869624376297
0.0504	0.2280341237783432
0.0512	0.7411343455314636
0.052000000000000005	1.2929558753967285
0.0528	1.8336409330368042
0.0536	2.314469337463379
0.054400000000000004	2.692695140838623
0.055200000000000006	2.9351468086242676
0.056	3.0207016468048096
0.0568	2.941422939300537
0.057600000000000005	2.704747438430786
0.0584	2.3311357498168945
0.0592	1.853222131729126
0.060000000000000005	1.3141770362854004
0.0608	0.7622583508491516
0.0616	0.24756087362766266
0.062400000000000004	-0.18285757303237915
0.0632	-0.4897134602069855
0.064	-0.6451470255851746
0.0648	-0.6349222660064697
0.0656	-0.4599013328552246
0.0664	-0.1356576830148697
0.06720000000000001	0.30863672494888306
0.068	0.8315359950065613
0.0688	1.3850947618484497
0.06960000000000001	1.9191679954528809
0.0704	2.3858351707458496
0.0712	2.7434756755828857
0.07200000000000001	2.960792303085327
0.0728	3.019012212753296
0.0736	2.9125237464904785
0.07440000000000001	2.6511008739471436
0.0752	2.257491111755371
0.076	1.7662913799285889
0.07680000000000001	1.2216594219207764
0.0776	0.6724404096603394
0.0784	0.16855435073375702
0.0792	-0.24386590719223022
0.08	-0.5271616578102112
0.08080000000000001	-0.6555979251861572
0.0816	-0.6174009442329407
0.0824	-0.4159826636314392
0.08320000000000001	-0.06960366666316986
0.084	0.3905642032623291
0.0848	0.9219626188278198
0.08560000000000001	1.4758714437484741
0.0864	2.002270460128784
0.0872	2.4535765647888184
0.08800000000000001	2.7895941734313965
0.0888	2.9814257621765137
0.0896	3.012186050415039
0.09040000000000001	2.8786628246307373
0.0912	2.5933046340942383
0.092	2.1807971000671387
0.09280000000000001	1.6773358583450317
0.0936	1.1283918619155884
0.0944	0.5832099318504333
0.0952	0.09164763987064362
0.096	-0.30141207575798035
0.09680000000000001	-0.5604102611541748
0.0976	-0.6615368127822876
0.0984	-0.5953925848007202
0.09920000000000001	-0.36818933486938477
0.1	-0.00046245421981438994
0.1008	0.47474145889282227
0.10160000000000001	1.0134391784667969
0.1024	1.5664355754852295
0.1032	2.083622932434082
0.10400000000000001	2.518118143081665
0.1048	2.831700563430786
0.1056	2.9975597858428955
0.10640000000000001	3.000722885131836
0.1072	2.8407397270202637
0.108	2.5323715209960938
0.10880000000000001	2.101902961730957
0.1096	1.5874054431915283
0.11040000000000001	1.0353991985321045
0.11120000000000001	0.4957667887210846
0.112	0.018128076568245888
0.11280000000000001	-0.3543837070465088
0.1136	-0.5881969332695007
0.1144	-0.6616637110710144
0.11520000000000001	-0.5677972435951233
0.116	-0.3152465522289276
0.1168	0.07310332357883453
0.11760000000000001	0.561993420124054
0.1184	1.106540560722351
0.1192	1.6569496393203735
0.12000000000000001	2.1632256507873535
0.1208	2.57981014251709
0.1216	2.8701696395874023
0.12240000000000001	3.0095441341400146
0.1232	2.9850473403930664
0.124	2.798879384994507
0.12480000000000001	2.4679884910583496
0.12560000000000002	2.0205841064453125
0.1264	1.496337652206421
0.1272	0.9428941011428833
0.128	0.4103859066963196
0.1288	-0.05234179273247719
0.1296	-0.4034307301044464
0.13040000000000002	-0.6114840507507324
0.1312	-0.6570786237716675
0.132	-0.5357149243354797
0.1328	-0.2583916187286377
0.1336	0.1498187929391861
0.13440000000000002	0.6515326499938965
0.13520000000000001	1.200554370880127
0.136	1.746726393699646
0.1368	2.240715980529785
0.1376	2.638352394104004
0.1384	2.904914379119873
0.13920000000000002	3.017366409301758
0.14	2.9651973247528076
0.1408	2.7533445358276367
0.1416	2.400505781173706
0.1424	1.9369655847549438
0.1432	1.404444932937622
0.14400000000000002	0.8511138558387756
0.1448	0.32689234614372253
0.1456	-0.12008693814277649
0.1464	-0.4493030607700348
0.1472	-0.6312090158462524
0.14800000000000002	-0.6487439274787903
0.14880000000000002	-0.5001704096794128
0.1496	-0.19896197319030762
0.1504	0.22807163000106812
0.1512	0.7412843108177185
0.152	1.2932558059692383
0.15280000000000002	1.8339533805847168
0.15360000000000001	2.314594268798828
0.1544	2.692545175552368
0.1552	2.934734344482422
0.156	3.0200390815734863
0.1568	2.9404854774475098
0.15760000000000002	2.703547477722168
0.1584	2.3296608924865723
0.1592	1.8515472412109375
0.16	1.3124521970748901
0.1608	0.7605584859848022
0.16160000000000002	0.24598602950572968
0.16240000000000002	-0.18421994149684906
0.1632	-0.4908508360385895
0.164	-0.6460844874382019
0.1648	-0.6356346607208252
0.1656	-0.46036380529403687
0.16640000000000002	-0.13595765829086304
0.16720000000000002	0.3084867298603058
0.168	0.8315234780311584
0.1688	1.3851072788238525
0.1696	1.919055461883545
0.1704	2.3854727745056152
0.17120000000000002	2.7428882122039795
0.17200000000000001	2.959979772567749
0.1728	3.0179123878479004
0.1736	2.911161422729492
0.1744	2.6495509147644043
0.1752	2.2557413578033447
0.17600000000000002	1.7643790245056152
0.1768	1.2197096347808838
0.1776	0.6706030964851379
0.1784	0.16692951321601868
0.1792	-0.24525326490402222
0.18000000000000002	-0.5282865166664124
0.18080000000000002	-0.6564478874206543
0.1816	-0.6179508566856384
0.1824	-0.4162951111793518
0.1832	-0.06964116543531418
0.184	0.3908766508102417
0.18480000000000002	0.9225125908851624
0.18560000000000001	1.4764463901519775
0.1864	2.0027077198028564
0.1872	2.453901529312134
0.188	2.7897565364837646
0.1888	2.981288433074951
0.18960000000000002	3.01176118850708
0.1904	2.8779752254486084
0.1912	2.5923547744750977
0.192	2.179622173309326
0.1928	1.675998568534851
0.19360000000000002	1.1269919872283936
0.19440000000000002	0.581885039806366
0.1952	0.09043525904417038
0.196	-0.30242446064949036
0.1968	-0.5610976815223694
0.1976	-0.6619492769241333
0.19840000000000002	-0.5954550504684448
0.19920000000000002	-0.3678268790245056
