0	0
0.0008	0.4856360852718353
0.0016	1.0234920978546143
0.0024000000000000002	1.5648102760314941
0.0032	2.061145305633545
0.004	2.467876672744751
0.0048000000000000004	2.748807668685913
0.0056	2.8798787593841553
0.0064	2.8490657806396484
0.007200000000000001	2.6592063903808594
0.008	2.3273487091064453
0.0088	1.8819025754928589
0.009600000000000001	1.3625386953353882
0.010400000000000001	0.8167275786399841
0.0112	0.2936141788959503
0.012	-0.16023121774196625
0.0128	-0.503250241279602
0.013600000000000001	-0.7032211422920227
0.014400000000000001	-0.7415958046913147
0.0152	-0.6147493720054626
0.016	-0.3340182602405548
0.016800000000000002	0.07521278411149979
0.0176	0.5748600363731384
0.0184	1.1192654371261597
0.019200000000000002	1.6592212915420532
0.02	2.1460697650909424
0.020800000000000003	2.536177635192871
0.0216	2.7947983741760254
0.0224	2.899784564971924
0.023200000000000002	2.841686964035034
0.024	2.6258676052093506
0.024800000000000003	2.2711997032165527
0.0256	1.8086426258087158
0.0264	1.2798672914505005
0.027200000000000002	0.7324563264846802
0.028	0.21586725115776062
0.028800000000000003	-0.22287966310977936
0.0296	-0.5439258813858032
0.0304	-0.7179244160652161
0.031200000000000002	-0.7286767959594727
0.032	-0.5749080777168274
0.0328	-0.2706792652606964
0.033600000000000005	0.15638752281665802
0.0344	0.666746199131012
0.0352	1.2136389017105103
0.036000000000000004	1.747920274734497
0.0368	2.2212700843811035
0.0376	2.5911548137664795
0.038400000000000004	2.825228214263916
0.0392	2.9033544063568115
0.04	2.8181469440460205
0.0408	2.5776052474975586
0.041600000000000005	2.202676773071289
0.0424	1.7261587381362915
0.0432	1.1910964250564575
0.044000000000000004	0.6452603340148926
0.0448	0.1381703019142151
0.0456	-0.28362831473350525
0.046400000000000004	-0.5819393396377563
0.0472	-0.72952800989151
0.048	-0.7125082015991211
0.0488	-0.5323795676231384
0.049600000000000005	-0.2056654542684555
0.0504	0.23801222443580627
0.0512	0.7576075196266174
0.052000000000000005	1.3058249950408936
0.0528	1.8330446481704712
0.0536	2.291508436203003
0.054400000000000004	2.6404452323913574
0.055200000000000006	2.849471092224121
0.056	2.9004499912261963
0.0568	2.788370132446289
0.057600000000000005	2.5235683917999268
0.0584	2.1289045810699463
0.0592	1.6391751766204834
0.060000000000000005	1.0984760522842407
0.0608	0.555539608001709
0.0616	0.05988592654466629
0.062400000000000004	-0.34362703561782837
0.0632	-0.6183029413223267
0.064	-0.738869309425354
0.0648	-0.6940022706985474
0.0656	-0.4879387319087982
0.0664	-0.13941426575183868
0.06720000000000001	0.31996187567710876
0.068	0.8479313850402832
0.0688	1.3963863849639893
0.06960000000000001	1.9154067039489746
0.0704	2.358222007751465
0.0712	2.6855859756469727
0.07200000000000001	2.869114398956299
0.0728	2.892683506011963
0.0736	2.7539689540863037
0.07440000000000001	2.465519428253174
0.0752	2.051995038986206
0.076	1.5500669479370117
0.07680000000000001	1.004993200302124
0.0776	0.4662938416004181
0.0784	-0.01681111566722393
0.0792	-0.4010635018348694
0.08	-0.6514543294906616
0.08080000000000001	-0.744798481464386
0.0816	-0.6723841428756714
0.0824	-0.4408356547355652
0.08320000000000001	-0.07123824208974838
0.084	0.40296146273612976
0.0848	0.9380552768707275
0.08560000000000001	1.485085368156433
0.0864	1.9947441816329956
0.0872	2.4210734367370605
0.08800000000000001	2.7262022495269775
0.0888	2.8838956356048584
0.0896	2.880155086517334
0.09040000000000001	2.715268135070801
0.0912	2.4039459228515625
0.092	1.972573161125183
0.09280000000000001	1.4599586725234985
0.0936	0.9124727249145508
0.0944	0.3796103000640869
0.0952	-0.08960854262113571
0.096	-0.4534754753112793
0.09680000000000001	-0.6789313554763794
0.0976	-0.7447282075881958
0.0984	-0.6448041796684265
0.09920000000000001	-0.3882456123828888
0.1	0.0018372898921370506
0.1008	0.48959818482398987
0.10160000000000001	1.0301539897918701
0.1024	1.57435941696167
0.1032	2.073131561279297
0.10400000000000001	2.4818127155303955
0.1048	2.763918876647949
0.1056	2.8951897621154785
0.10640000000000001	2.8640267848968506
0.1072	2.673305034637451
0.108	2.3397600650787354
0.10880000000000001	1.89198899269104
0.1096	1.3705004453659058
0.11040000000000001	0.822264552116394
0.11120000000000001	0.296863853931427
0.112	-0.15764394402503967
0.11280000000000001	-0.5004380345344543
0.1136	-0.7002214193344116
0.1144	-0.7383835911750793
0.11520000000000001	-0.6112872362136841
0.116	-0.3303436040878296
0.1168	0.07908741384744644
0.11760000000000001	0.5788971185684204
0.1184	1.1233775615692139
0.1192	1.663283348083496
0.12000000000000001	2.1499693393707275
0.1208	2.5399022102355957
0.1216	2.798335552215576
0.12240000000000001	2.9030966758728027
0.1232	2.844724178314209
0.124	2.628654718399048
0.12480000000000001	2.2737369537353516
0.12560000000000002	1.8109924793243408
0.1264	1.2821545600891113
0.1272	0.7344186305999756
0.128	0.21751710772514343
0.1288	-0.22119230031967163
0.1296	-0.5420385599136353
0.13040000000000002	-0.7157745957374573
0.1312	-0.7262645363807678
0.132	-0.5722583532333374
0.1328	-0.26775455474853516
0.1336	0.15956223011016846
0.13440000000000002	0.6700584292411804
0.13520000000000001	1.217063546180725
0.136	1.7512824535369873
0.1368	2.2244696617126465
0.1376	2.5941672325134277
0.1384	2.8279905319213867
0.13920000000000002	2.9058542251586914
0.14	2.820359230041504
0.1408	2.579517364501953
0.1416	2.204326629638672
0.1424	1.7275460958480835
0.1432	1.1922963857650757
0.14400000000000002	0.646085262298584
0.1448	0.13813284039497375
0.1456	-0.28412821888923645
0.1464	-0.5822142958641052
0.1472	-0.7295029759407043
0.14800000000000002	-0.7121956944465637
0.14880000000000002	-0.5317546129226685
0.1496	-0.20476552844047546
0.1504	0.2390996366739273
0.1512	0.7588449120521545
0.152	1.3071249723434448
0.15280000000000002	1.834344506263733
0.15360000000000001	2.29274582862854
0.1544	2.641507625579834
0.1552	2.8503334522247314
0.156	2.901087522506714
0.1568	2.788682699203491
0.15760000000000002	2.5235683917999268
0.1584	2.1287169456481934
0.1592	1.6388877630233765
0.16	1.0981636047363281
0.1608	0.5548772215843201
0.16160000000000002	0.058948542922735214
0.16240000000000002	-0.3444144129753113
0.1632	-0.6188903450965881
0.164	-0.7392192482948303
0.1648	-0.6941022276878357
0.1656	-0.48776373267173767
0.16640000000000002	-0.13905176520347595
0.16720000000000002	0.3204493522644043
0.168	0.8484563231468201
0.1688	1.3969613313674927
0.1696	1.9160691499710083
0.1704	2.35884690284729
0.17120000000000002	2.685986042022705
0.17200000000000001	2.8692142963409424
0.1728	2.8925836086273193
0.1736	2.7536189556121826
0.1744	2.4648818969726562
0.1752	2.0511200428009033
0.17600000000000002	1.5491169691085815
0.1768	1.003968358039856
0.1776	0.4651564657688141
0.1784	-0.017898481339216232
0.1792	-0.40200087428092957
0.18000000000000002	-0.6521917581558228
0.18080000000000002	-0.74531090259552
0.1816	-0.6725841164588928
0.1824	-0.4406856596469879
0.1832	-0.07081326097249985
0.184	0.4035114347934723
0.18480000000000002	0.9387677311897278
0.18560000000000001	1.4859977960586548
0.1864	1.9956566095352173
0.1872	2.4218485355377197
0.188	2.726764678955078
0.1888	2.884195566177368
0.18960000000000002	2.880155086517334
0.1904	2.7149555683135986
0.1912	2.403345823287964
0.192	1.971835732460022
0.1928	1.4590837955474854
0.19360000000000002	0.9114603400230408
0.19440000000000002	0.37792298197746277
0.1952	-0.09194578230381012
0.196	-0.45566272735595703
0.1968	-0.6808686256408691
0.1976	-0.7464030385017395
0.19840000000000002	-0.6461914777755737
0.19920000000000002	-0.38933297991752625
