0	-536.81097701611
0.0008	463.3026785868569
0.0016	1900.966048789851
0.0024000000000000002	3088.600998158916
0.0032	3838.686225331039
0.004	4276.235939751437
0.0048000000000000004	4463.75724560942
0.0056	4151.221735738742
0.0064	3463.6436121323495
0.007200000000000001	2651.051280876389
0.008	1338.4021226828918
0.0088	25.7529549447936
0.009600000000000001	-1286.896222371899
0.010400000000000001	-2724.559618082014
0.0112	-3662.166186734452
0.012	-3912.194605874771
0.0128	-4412.2514452092
0.013600000000000001	-4537.26565526257
0.014400000000000001	-4037.208815576625
0.0152	-3162.1093495063833
0.016	-1911.9672625655658
0.016800000000000002	-536.81097701611
0.0176	963.3595043046516
0.0184	2338.5157678847318
0.019200000000000002	3276.1223052425776
0.02	3963.7004295586376
0.020800000000000003	4276.235939751437
0.0216	4526.264347519202
0.0224	4213.7288377558
0.023200000000000002	3213.6152029029327
0.024	2463.5299731461564
0.024800000000000003	1213.3879166434635
0.0256	-36.75414851948153
0.0264	-1599.4317421960295
0.027200000000000002	-2537.038304942602
0.028	-3662.166186734452
0.028800000000000003	-4037.208815576625
0.0296	-4662.279865403776
0.0304	-4537.26565526257
0.031200000000000002	-3974.701710714726
0.032	-2974.58803590748
0.0328	-1786.9530543523724
0.033600000000000005	-286.7825625939877
0.0344	1088.373710517364
0.0352	2338.5157678847318
0.036000000000000004	3276.1223052425776
0.0368	3963.7004295586376
0.0376	4526.264347519202
0.038400000000000004	4276.235939751437
0.0392	3963.7004295586376
0.04	3338.629407560744
0.0408	2463.5299731461564
0.041600000000000005	900.8524011657573
0.0424	-224.2754590426921
0.0432	-1724.4459502784302
0.044000000000000004	-2912.0809314182843
0.0448	-3849.6875010568765
0.0456	-4474.758550224884
0.046400000000000004	-4537.26565526257
0.0472	-4224.730130294105
0.048	-3662.166186734452
0.0488	-2849.5738269509166
0.049600000000000005	-1411.9104302361957
0.0504	-99.26125200546812
0.0512	1088.373710517364
0.052000000000000005	2401.0228705263
0.0528	3526.1507143859053
0.0536	4026.2075316400733
0.054400000000000004	4463.75724560942
0.055200000000000006	4526.264347519202
0.056	3776.1791231851093
0.0568	3026.0938957546023
0.057600000000000005	2276.008665221627
0.0584	650.8239883935312
0.0592	-599.318080676021
0.060000000000000005	-1974.4743667050498
0.0608	-2974.58803590748
0.0616	-3912.194605874771
0.062400000000000004	-4474.758550224884
0.0632	-4662.279865403776
0.064	-4162.223025366315
0.0648	-3599.6590820042766
0.0656	-2474.5312006066088
0.0664	-1161.8820145947393
0.06720000000000001	25.7529549447936
0.068	1525.9234315798967
0.0688	2776.0654859220376
0.06960000000000001	3588.6578166179243
0.0704	4026.2075316400733
0.0712	4276.235939751437
0.07200000000000001	4276.235939751437
0.0728	3776.1791231851093
0.0736	3026.0938957546023
0.07440000000000001	1713.4447402821388
0.0752	525.8097818774404
0.076	-724.3322880611522
0.07680000000000001	-2161.9956792542944
0.0776	-3412.137767945067
0.0784	-3974.701710714726
0.0792	-4474.758550224884
0.08	-4662.279865403776
0.08080000000000001	-4224.730130294105
0.0816	-3474.644872609584
0.0824	-2224.5027834810317
0.08320000000000001	-786.8393917863141
0.084	213.27426520723384
0.0848	1838.4589459755225
0.08560000000000001	2901.0796908814227
0.0864	3713.6720210175845
0.0872	4213.7288377558
0.08800000000000001	4463.75724560942
0.0888	4213.7288377558
0.0896	3526.1507143859053
0.09040000000000001	2776.0654859220376
0.0912	1588.4305345022585
0.092	525.8097818774404
0.09280000000000001	-1224.3891184724635
0.0936	-2599.545409300539
0.0944	-3162.1093495063833
0.0952	-4037.208815576625
0.096	-4599.772760322143
0.09680000000000001	-4412.2514452092
0.0976	-4037.208815576625
0.0984	-3224.616454083298
0.09920000000000001	-2036.9814708662452
0.1	-724.3322880611522
0.1008	588.3168851463706
0.10160000000000001	1900.966048789851
0.1024	3026.0938957546023
0.1032	3776.1791231851093
0.10400000000000001	4463.75724560942
0.1048	4151.221735738742
0.1056	4151.221735738742
0.10640000000000001	3588.6578166179243
0.1072	2776.0654859220376
0.108	1525.9234315798967
0.10880000000000001	25.7529549447936
0.1096	-1161.8820145947393
0.11040000000000001	-2474.5312006066088
0.11120000000000001	-3662.166186734452
0.112	-4162.223025366315
0.11280000000000001	-4474.758550224884
0.1136	-4474.758550224884
0.1144	-3662.166186734452
0.11520000000000001	-3162.1093495063833
0.116	-1849.460158448026
0.1168	-411.7967697614804
0.11760000000000001	775.838194823009
0.1184	2150.994459830865
0.1192	3151.1081005416345
0.12000000000000001	3963.7004295586376
0.1208	4213.7288377558
0.1216	4401.250143678277
0.12240000000000001	4026.2075316400733
0.1232	3401.136509857257
0.124	2588.544178321201
0.12480000000000001	1088.373710517364
0.12560000000000002	-224.2754590426921
0.1264	-1536.924638187571
0.1272	-2724.559618082014
0.128	-3724.673291486688
0.1288	-4412.2514452092
0.1296	-4474.758550224884
0.13040000000000002	-4537.26565526257
0.1312	-3787.1803962606937
0.132	-2974.58803590748
0.1328	-1661.938846226316
0.1336	-161.76835551322438
0.13440000000000002	1213.3879166434635
0.13520000000000001	2338.5157678847318
0.136	3213.6152029029327
0.1368	4276.235939751437
0.1376	4401.250143678277
0.1384	4401.250143678277
0.13920000000000002	4026.2075316400733
0.14	3151.1081005416345
0.1408	2338.5157678847318
0.1416	1025.8666074218927
0.1424	-411.7967697614804
0.1432	-1661.938846226316
0.14400000000000002	-2912.0809314182843
0.1448	-3662.166186734452
0.1456	-4224.730130294105
0.1464	-4412.2514452092
0.1472	-4349.74434021546
0.14800000000000002	-3724.673291486688
0.14880000000000002	-2662.0525136803044
0.1496	-1411.9104302361957
0.1504	-99.26125200546812
0.1512	1025.8666074218927
0.152	2651.051280876389
0.15280000000000002	3526.1507143859053
0.15360000000000001	4026.2075316400733
0.1544	4463.75724560942
0.1552	4463.75724560942
0.156	3776.1791231851093
0.1568	3088.600998158916
0.15760000000000002	2088.487357102975
0.1584	713.3310916191549
0.1592	-474.30387337796856
0.16	-1849.460158448026
0.1608	-2849.5738269509166
0.16160000000000002	-4037.208815576625
0.16240000000000002	-4412.2514452092
0.1632	-4662.279865403776
0.164	-4287.23723524384
0.1648	-3474.644872609584
0.1656	-2599.545409300539
0.16640000000000002	-1161.8820145947393
0.16720000000000002	275.78136858472135
0.168	1525.9234315798967
0.1688	2651.051280876389
0.1696	3776.1791231851093
0.1704	4338.743041725538
0.17120000000000002	4338.743041725538
0.17200000000000001	4213.7288377558
0.1728	3776.1791231851093
0.1736	3026.0938957546023
0.1744	1900.966048789851
0.1752	463.3026785868569
0.17600000000000002	-974.3607030925923
0.1768	-2099.4885750492685
0.1776	-3162.1093495063833
0.1784	-4162.223025366315
0.1792	-4537.26565526257
0.18000000000000002	-4537.26565526257
0.18080000000000002	-3849.6875010568765
0.1816	-3599.6590820042766
0.1824	-2537.038304942602
0.1832	-911.853599302005
0.184	463.3026785868569
0.18480000000000002	1713.4447402821388
0.18560000000000001	2838.5725884124986
0.1864	3588.6578166179243
0.1872	4213.7288377558
0.188	4588.771449407446
0.1888	4088.714633700205
0.18960000000000002	3588.6578166179243
0.1904	2838.5725884124986
0.1912	1463.4163286359399
0.192	25.7529549447936
0.1928	-1099.3749107390177
0.19360000000000002	-2224.5027834810317
0.19440000000000002	-3287.123558681982
0.1952	-4162.223025366315
0.196	-4412.2514452092
0.1968	-4224.730130294105
0.1976	-4037.208815576625
0.19840000000000002	-3287.123558681982
0.19920000000000002	-2036.9814708662452
