0	0
0.0008	0.4650352895259857
0.0016	1.0036134719848633
0.0024000000000000002	1.5666266679763794
0.0032	2.1031174659729004
0.004	2.5643656253814697
0.0048000000000000004	2.90975022315979
0.0056	3.1095614433288574
0.0064	3.145826578140259
0.007200000000000001	3.0150835514068604
0.008	2.7296183109283447
0.0088	2.3139662742614746
0.009600000000000001	1.8045486211776733
0.010400000000000001	1.2469733953475952
0.0112	0.6917853355407715
0.012	0.19031693041324615
0.0128	-0.21228641271591187
0.013600000000000001	-0.47971588373184204
0.014400000000000001	-0.587273895740509
0.0152	-0.5249363780021667
0.016	-0.29840269684791565
0.016800000000000002	0.07190433889627457
0.0176	0.5522381067276001
0.0184	1.0983530282974243
0.019200000000000002	1.6605664491653442
0.02	2.1877331733703613
0.020800000000000003	2.6321330070495605
0.0216	2.9548697471618652
0.0224	3.1282711029052734
0.023200000000000002	3.1364641189575195
0.024	2.9786109924316406
0.024800000000000003	2.6693859100341797
0.0256	2.235210657119751
0.0264	1.7141691446304321
0.027200000000000002	1.153319239616394
0.028	0.6038681268692017
0.028800000000000003	0.11616083234548569
0.0296	-0.2660945653915405
0.0304	-0.5083015561103821
0.031200000000000002	-0.5879498720169067
0.032	-0.4975026547908783
0.0328	-0.2452465146780014
0.033600000000000005	0.1461334526538849
0.0344	0.6407783627510071
0.0352	1.193080186843872
0.036000000000000004	1.7528812885284424
0.0368	2.2693240642547607
0.0376	2.69583797454834
0.038400000000000004	2.9952895641326904
0.0392	3.141918659210205
0.04	3.1221394538879395
0.0408	2.9377264976501465
0.041600000000000005	2.605578660964966
0.0424	2.1539676189422607
0.0432	1.6228147745132446
0.044000000000000004	1.0603774785995483
0.0448	0.5178632140159607
0.0456	0.0447794534265995
0.046400000000000004	-0.31645306944847107
0.0472	-0.5329126119613647
0.048	-0.5844887495040894
0.0488	-0.4662943184375763
0.049600000000000005	-0.18901564180850983
0.0504	0.22236236929893494
0.0512	0.7300810217857361
0.052000000000000005	1.2871198654174805
0.0528	1.8429713249206543
0.0536	2.347440242767334
0.054400000000000004	2.7551562786102295
0.055200000000000006	3.0306475162506104
0.056	3.1500167846679688
0.0568	3.102102756500244
0.057600000000000005	2.8914177417755127
0.0584	2.5367720127105713
0.0592	2.068537712097168
0.060000000000000005	1.5289231538772583
0.0608	0.966598391532898
0.0616	0.4322957694530487
0.062400000000000004	-0.025064582005143166
0.0632	-0.36422431468963623
0.064	-0.5540241003036499
0.0648	-0.57699054479599
0.0656	-0.4311113655567169
0.0664	-0.12923511862754822
0.06720000000000001	0.30151599645614624
0.068	0.8211084604263306
0.0688	1.3817470073699951
0.06960000000000001	1.9324740171432495
0.0704	2.4236690998077393
0.0712	2.8116869926452637
0.07200000000000001	3.062443256378174
0.0728	3.1541903018951416
0.0736	3.0783917903900146
0.07440000000000001	2.8419342041015625
0.0752	2.465465545654297
0.076	1.9817454814910889
0.07680000000000001	1.4346566200256348
0.0776	0.8734191656112671
0.0784	0.34856563806533813
0.0792	-0.09192141890525818
0.08	-0.40780848264694214
0.08080000000000001	-0.5703234672546387
0.0816	-0.5647303462028503
0.0824	-0.3914288580417633
0.08320000000000001	-0.06567995995283127
0.084	0.3829694092273712
0.0848	0.9127984046936035
0.08560000000000001	1.4753742218017578
0.0864	2.0195517539978027
0.0872	2.4963860511779785
0.08800000000000001	2.8635432720184326
0.0888	3.088914632797241
0.0896	3.1528520584106445
0.09040000000000001	3.049318552017212
0.0912	2.7878384590148926
0.092	2.391284465789795
0.09280000000000001	1.8940532207489014
0.0936	1.3409899473190308
0.0944	0.7822272777557373
0.0952	0.26829764246940613
0.096	-0.15382874011993408
0.09680000000000001	-0.44564324617385864
0.0976	-0.580610990524292
0.0984	-0.5463832020759583
0.09920000000000001	-0.34592193365097046
0.1	0.002787215169519186
0.1008	0.4680224657058716
0.10160000000000001	1.0067380666732788
0.1024	1.5697638988494873
0.1032	2.1062047481536865
0.10400000000000001	2.56742787361145
0.1048	2.912674903869629
0.1056	3.1122238636016846
0.10640000000000001	3.148176431655884
0.1072	3.017120838165283
0.108	2.731293201446533
0.10880000000000001	2.3154284954071045
0.1096	1.8057235479354858
0.11040000000000001	1.2480982542037964
0.11120000000000001	0.6931102275848389
0.112	0.19170428812503815
0.11280000000000001	-0.21069908142089844
0.1136	-0.47785356640815735
0.1144	-0.5850366353988647
0.11520000000000001	-0.5222991704940796
0.116	-0.29536551237106323
0.1168	0.07529149204492569
0.11760000000000001	0.5558627843856812
0.1184	1.1020526885986328
0.1192	1.6642659902572632
0.12000000000000001	2.1914453506469727
0.1208	2.6357576847076416
0.1216	2.9582817554473877
0.12240000000000001	3.1313958168029785
0.1232	3.139251232147217
0.124	2.9810733795166016
0.12480000000000001	2.671360492706299
0.12560000000000002	2.2368228435516357
0.1264	1.7154815196990967
0.1272	1.154219150543213
0.128	0.6046555638313293
0.1288	0.11703574657440186
0.1296	-0.2650696635246277
0.13040000000000002	-0.507064163684845
0.1312	-0.5863625407218933
0.132	-0.4955403506755829
0.1328	-0.24295924603939056
0.1336	0.14868319034576416
0.13440000000000002	0.643453061580658
0.13520000000000001	1.1959048509597778
0.136	1.755818486213684
0.1368	2.272186279296875
0.1376	2.6985127925872803
0.1384	2.9977142810821533
0.13920000000000002	3.144043445587158
0.14	3.1239142417907715
0.1408	2.939176559448242
0.1416	2.6063036918640137
0.1424	2.1541426181793213
0.1432	1.6225773096084595
0.14400000000000002	1.0596400499343872
0.1448	0.5170382857322693
0.1456	0.04397953301668167
0.1464	-0.31704050302505493
0.1472	-0.5332251191139221
0.14800000000000002	-0.5845262408256531
0.14880000000000002	-0.46596935391426086
0.1496	-0.18836571276187897
0.1504	0.2231747806072235
0.1512	0.7310433983802795
0.152	1.2883071899414062
0.15280000000000002	1.8442836999893188
0.15360000000000001	2.348665237426758
0.1544	2.756131172180176
0.1552	3.0313849449157715
0.156	3.1505541801452637
0.1568	3.102402925491333
0.15760000000000002	2.8914051055908203
0.1584	2.536221981048584
0.1592	2.0675504207611084
0.16	1.527410864830017
0.1608	0.9646110534667969
0.16160000000000002	0.4302959740161896
0.16240000000000002	-0.0269393939524889
0.1632	-0.3658866584300995
0.164	-0.5554739236831665
0.1648	-0.5781904458999634
0.1656	-0.4319862723350525
0.16640000000000002	-0.12981006503105164
0.16720000000000002	0.30120351910591125
0.168	0.8210210204124451
0.1688	1.3817344903945923
0.1696	1.9324489831924438
0.1704	2.4235317707061768
0.17120000000000002	2.8113744258880615
0.17200000000000001	3.061905860900879
0.1728	3.1533279418945312
0.1736	3.077179193496704
0.1744	2.840409278869629
0.1752	2.4636783599853516
0.17600000000000002	1.9784207344055176
0.1768	1.429694652557373
0.1776	0.8681697249412537
0.1784	0.34335365891456604
0.1792	-0.09702090173959732
0.18000000000000002	-0.4128204882144928
0.18080000000000002	-0.5751479864120483
0.1816	-0.5692048668861389
0.1824	-0.3955909311771393
0.1832	-0.06955456733703613
0.184	0.37944477796554565
0.18480000000000002	0.9094987511634827
0.18560000000000001	1.472199559211731
0.1864	2.0163772106170654
0.1872	2.493136405944824
0.188	2.8602311611175537
0.1888	3.085402488708496
0.18960000000000002	3.1490023136138916
0.1904	3.0451314449310303
0.1912	2.7832515239715576
0.192	2.386272430419922
0.1928	1.8894286155700684
0.19360000000000002	1.33706533908844
0.19440000000000002	0.7784401774406433
0.1952	0.2644980251789093
0.196	-0.15757836401462555
0.1968	-0.4491928815841675
0.1976	-0.5839231610298157
0.19840000000000002	-0.5494328737258911
0.19920000000000002	-0.34869664907455444
