0	0
0.0008	0.4583508372306824
0.0016	0.9912819266319275
0.0024000000000000002	1.5501480102539062
0.0032	2.084416389465332
0.004	2.545642137527466
0.0048000000000000004	2.892491340637207
0.0056	3.095492124557495
0.0064	3.136909246444702
0.007200000000000001	3.0124053955078125
0.008	2.733729362487793
0.0088	2.3249166011810303
0.009600000000000001	1.8214632272720337
0.010400000000000001	1.2690647840499878
0.0112	0.7173289060592651
0.012	0.21670028567314148
0.0128	-0.1868380606174469
0.013600000000000001	-0.4570273458957672
0.014400000000000001	-0.5692324638366699
0.0152	-0.5129544734954834
0.016	-0.29333019256591797
0.016800000000000002	0.06996742635965347
0.0176	0.5442292094230652
0.0184	1.0854345560073853
0.019200000000000002	1.6439756155014038
0.02	2.1692700386047363
0.020800000000000003	2.614122152328491
0.0216	2.9389610290527344
0.0224	3.1159770488739014
0.023200000000000002	3.1295716762542725
0.024	2.978208065032959
0.024800000000000003	2.6758594512939453
0.0256	2.2484235763549805
0.0264	1.7332963943481445
0.027200000000000002	1.1772733926773071
0.028	0.6305994391441345
0.028800000000000003	0.14305704832077026
0.0296	-0.2406708002090454
0.0304	-0.4858875870704651
0.031200000000000002	-0.5702705383300781
0.032	-0.48600780963897705
0.0328	-0.24072356522083282
0.033600000000000005	0.1435595005750656
0.0344	0.6323198676109314
0.0352	1.1800870895385742
0.036000000000000004	1.7364283800125122
0.0368	2.251298666000366
0.0376	2.678527593612671
0.038400000000000004	2.980393648147583
0.0392	3.130937337875366
0.04	3.116572380065918
0.0408	2.9384114742279053
0.041600000000000005	2.6127028465270996
0.0424	2.1672685146331787
0.0432	1.641717553138733
0.044000000000000004	1.0838446617126465
0.0448	0.543707549571991
0.0456	0.07057617604732513
0.046400000000000004	-0.2922287881374359
0.0472	-0.5117731094360352
0.048	-0.567971408367157
0.0488	-0.45569896697998047
0.049600000000000005	-0.1851172149181366
0.0504	0.21946385502815247
0.0512	0.7214354276657104
0.052000000000000005	1.274002194404602
0.0528	1.82668137550354
0.0536	2.32981538772583
0.054400000000000004	2.7382586002349854
0.055200000000000006	3.0163769721984863
0.056	3.1399734020233154
0.0568	3.0976736545562744
0.057600000000000005	2.8936402797698975
0.0584	2.545546293258667
0.0592	2.0832014083862305
0.060000000000000005	1.5488511323928833
0.0608	0.9905783534049988
0.0616	0.4584529399871826
0.062400000000000004	0.000995020498521626
0.0632	-0.33999961614608765
0.064	-0.5333966016769409
0.0648	-0.561497688293457
0.0656	-0.4217654764652252
0.0664	-0.12666115164756775
0.06720000000000001	0.2971680462360382
0.068	0.8107010126113892
0.0688	1.366517424583435
0.06960000000000001	1.914322018623352
0.0704	2.404669761657715
0.0712	2.7934274673461914
0.07200000000000001	3.047010898590088
0.0728	3.1433849334716797
0.0736	3.0735254287719727
0.07440000000000001	2.8440945148468018
0.0752	2.474627733230591
0.076	1.997221827507019
0.07680000000000001	1.4557348489761353
0.0776	0.8985244631767273
0.0784	0.37576061487197876
0.0792	-0.06474902480840683
0.08	-0.3828209936618805
0.08080000000000001	-0.5495206713676453
0.0816	-0.5495620369911194
0.0824	-0.38274499773979187
0.08320000000000001	-0.06399301439523697
0.084	0.3776719570159912
0.0848	0.9014539122581482
0.08560000000000001	1.4592450857162476
0.0864	2.000837802886963
0.0872	2.477224349975586
0.08800000000000001	2.8452465534210205
0.0888	3.0735950469970703
0.0896	3.1424593925476074
0.09040000000000001	3.0450026988983154
0.0912	2.7904744148254395
0.092	2.400784492492676
0.09280000000000001	1.909754991531372
0.0936	1.362343668937683
0.0944	0.8073830008506775
0.0952	0.29513055086135864
0.096	-0.12723089754581451
0.09680000000000001	-0.42159274220466614
0.0976	-0.5611326098442078
0.0984	-0.532826840877533
0.09920000000000001	-0.3391624987125397
0.1	0.0024247586261481047
0.1008	0.4609755873680115
0.10160000000000001	0.9940066337585449
0.1024	1.5526102781295776
0.1032	2.086641311645508
0.10400000000000001	2.547804355621338
0.1048	2.8944036960601807
0.1056	3.0970921516418457
0.10640000000000001	3.138209104537964
0.1072	3.0134050846099854
0.108	2.734466791152954
0.10880000000000001	2.3253915309906006
0.1096	1.8217006921768188
0.11040000000000001	1.2692523002624512
0.11120000000000001	0.7175663709640503
0.112	0.21703775227069855
0.11280000000000001	-0.18628811836242676
0.1136	-0.45618993043899536
0.1144	-0.568070113658905
0.11520000000000001	-0.5114421248435974
0.116	-0.29149287939071655
0.1168	0.07205472141504288
0.11760000000000001	0.546391487121582
0.1184	1.087484359741211
0.1192	1.6455879211425781
0.12000000000000001	2.1704697608947754
0.1208	2.615147113800049
0.1216	2.939748525619507
0.12240000000000001	3.1164770126342773
0.1232	3.1297593116760254
0.124	2.9780831336975098
0.12480000000000001	2.675384521484375
0.12560000000000002	2.247673749923706
0.1264	1.732446551322937
0.1272	1.1763734817504883
0.128	0.6296870112419128
0.1288	0.1422446221113205
0.1296	-0.2412707507610321
0.13040000000000002	-0.48618754744529724
0.1312	-0.5702580213546753
0.132	-0.48569533228874207
0.1328	-0.24007362127304077
0.1336	0.14448441565036774
0.13440000000000002	0.6333447694778442
0.13520000000000001	1.1811994314193726
0.136	1.737578272819519
0.1368	2.2523486614227295
0.1376	2.679414987564087
0.1384	2.9810187816619873
0.13920000000000002	3.1312623023986816
0.14	3.116609811782837
0.1408	2.937986373901367
0.1416	2.611877918243408
0.1424	2.1663312911987305
0.1432	1.6406426429748535
0.14400000000000002	1.0826448202133179
0.1448	0.5425326228141785
0.1456	0.06955127418041229
0.1464	-0.29292869567871094
0.1472	-0.5121356248855591
0.14800000000000002	-0.5680838823318481
0.14880000000000002	-0.4555864632129669
0.1496	-0.1847422569990158
0.1504	0.22006379067897797
0.1512	0.7222478985786438
0.152	1.2750145196914673
0.15280000000000002	1.8276562690734863
0.15360000000000001	2.330627679824829
0.1544	2.738895893096924
0.1552	3.0167770385742188
0.156	3.140073299407959
0.1568	3.097423791885376
0.15760000000000002	2.8930277824401855
0.1584	2.5446839332580566
0.1592	2.0821139812469482
0.16	1.547626256942749
0.1608	0.9893785119056702
0.16160000000000002	0.45732805132865906
0.16240000000000002	0.00012010570208076388
0.1632	-0.3405495882034302
0.164	-0.5336465835571289
0.1648	-0.5614227056503296
0.1656	-0.42140302062034607
0.16640000000000002	-0.12609872221946716
0.16720000000000002	0.2979804575443268
0.168	0.8116884231567383
0.1688	1.367554783821106
0.1696	1.9153969287872314
0.1704	2.4055070877075195
0.17120000000000002	2.7939398288726807
0.17200000000000001	3.0472607612609863
0.1728	3.1433348655700684
0.1736	3.0731630325317383
0.1744	2.8414697647094727
0.1752	2.469778299331665
0.17600000000000002	1.9921473264694214
0.1768	1.4505853652954102
0.1776	0.8934249877929688
0.1784	0.3708485960960388
0.1792	-0.0693860650062561
0.18000000000000002	-0.38715803623199463
0.18080000000000002	-0.5534827709197998
0.1816	-0.5530616641044617
0.1824	-0.38584470748901367
0.1832	-0.06681773066520691
0.184	0.37512218952178955
0.18480000000000002	0.8990291953086853
0.18560000000000001	1.45675790309906
0.1864	1.998163104057312
0.1872	2.474287271499634
0.188	2.842059373855591
0.1888	3.070107936859131
0.18960000000000002	3.1386096477508545
0.1904	3.0408780574798584
0.1912	2.786412239074707
0.192	2.396747589111328
0.1928	1.9055554866790771
0.19360000000000002	1.3580690622329712
0.19440000000000002	0.8031584024429321
0.1952	0.2910184860229492
0.196	-0.13116800785064697
0.1968	-0.4251798689365387
0.1976	-0.5643073320388794
0.19840000000000002	-0.5356265306472778
0.19920000000000002	-0.3416372537612915
