0	-367.79176903213374
0.0008	944.8574005279224
0.0016	2132.492355232185
0.0024000000000000002	3132.605995253136
0.0032	3632.6628131956677
0.004	4257.733833688835
0.0048000000000000004	4382.74803752976
0.0056	4320.240935619979
0.0064	3257.6201998678152
0.007200000000000001	2382.5207657550927
0.008	1319.9000186464982
0.0088	-117.76335504464805
0.009600000000000001	-1430.4125323613407
0.010400000000000001	-2868.0759280714556
0.0112	-3618.161182599026
0.012	-4243.23223044991
0.0128	-4493.260650204902
0.013600000000000001	-4618.274860214326
0.014400000000000001	-3868.1896014761296
0.0152	-2930.583032494993
0.016	-1555.4267402256373
0.016800000000000002	-367.79176903213374
0.0176	944.8574005279224
0.0184	2570.0420734204818
0.019200000000000002	3570.155711028143
0.02	3882.6912216506316
0.020800000000000003	4445.255139418005
0.0216	4320.240935619979
0.0224	3882.6912216506316
0.023200000000000002	3132.605995253136
0.024	2320.0136631567148
0.024800000000000003	944.8574005279224
0.0256	-492.80597615626175
0.0264	-1680.4409481770126
0.027200000000000002	-2680.5546149320435
0.028	-3868.1896014761296
0.028800000000000003	-4493.260650204902
0.0296	-4555.767755198642
0.0304	-4305.739335355756
0.031200000000000002	-3680.668287285429
0.032	-2618.0475105960504
0.0328	-1430.4125323613407
0.033600000000000005	257.27926528500393
0.0344	1132.3787096845917
0.0352	2445.0278683317592
0.036000000000000004	3507.648608839023
0.0368	3820.184119569196
0.0376	4257.733833688835
0.038400000000000004	4257.733833688835
0.0392	3820.184119569196
0.04	3132.605995253136
0.0408	2069.9852525476017
0.041600000000000005	507.30767840408953
0.0424	-617.8201833674102
0.0432	-1867.962260267872
0.044000000000000004	-3055.597241407726
0.0448	-3868.1896014761296
0.0456	-4368.246440283547
0.046400000000000004	-4555.767755198642
0.0472	-4180.725125566067
0.048	-3618.161182599026
0.0488	-2430.5261977189803
0.049600000000000005	-1055.3699092914467
0.0504	69.75795521779219
0.0512	1507.4213274135836
0.052000000000000005	2820.0704833393684
0.0528	3507.648608839023
0.0536	3945.1983237107634
0.054400000000000004	4257.733833688835
0.055200000000000006	4257.733833688835
0.056	3820.184119569196
0.0568	2882.5775857651606
0.057600000000000005	2007.4781498414231
0.0584	444.80057515692897
0.0592	-680.3272870055516
0.060000000000000005	-1992.9764684374677
0.0608	-3243.118554940971
0.0616	-3868.1896014761296
0.062400000000000004	-4368.246440283547
0.0632	-4555.767755198642
0.064	-4118.218020704167
0.0648	-3243.118554940971
0.0656	-2368.0190934704733
0.0664	-867.8485980505939
0.06720000000000001	694.8289880157099
0.068	1569.9284302926972
0.0688	2820.0704833393684
0.06960000000000001	3695.1699153415975
0.0704	4257.733833688835
0.0712	4257.733833688835
0.07200000000000001	4007.7054257493
0.0728	3695.1699153415975
0.0736	2945.0846881694742
0.07440000000000001	1632.4355331501574
0.0752	194.77216195099754
0.076	-1180.3841168942745
0.07680000000000001	-2555.540406281827
0.0776	-3430.6398686714238
0.0784	-3868.1896014761296
0.0792	-4430.753545233281
0.08	-4430.753545233281
0.08080000000000001	-3930.6967062501353
0.0816	-3368.1327640727395
0.0824	-2117.9906766944914
0.08320000000000001	-617.8201833674102
0.084	632.3218848335673
0.0848	1819.9568415930844
0.08560000000000001	3195.113097571302
0.0864	3820.184119569196
0.0872	4007.7054257493
0.08800000000000001	4382.74803752976
0.0888	4132.719629761996
0.0896	3882.6912216506316
0.09040000000000001	2445.0278683317592
0.0912	1507.4213274135836
0.092	-55.256251602142584
0.09280000000000001	-1180.3841168942745
0.0936	-2680.5546149320435
0.0944	-3618.161182599026
0.0952	-4055.7109158642124
0.096	-4493.260650204902
0.09680000000000001	-4368.246440283547
0.0976	-3868.1896014761296
0.0984	-3180.6114504080033
0.09920000000000001	-1867.962260267872
0.1	-492.80597615626175
0.1008	882.350297432451
0.10160000000000001	2194.99945789529
0.1024	3070.098892913491
0.1032	3882.6912216506316
0.10400000000000001	4320.240935619979
0.1048	4445.255139418005
0.1056	4070.212527766358
0.10640000000000001	3320.127302142908
0.1072	2507.534970886947
0.108	1132.3787096845917
0.10880000000000001	-180.27045850892318
0.1096	-1430.4125323613407
0.11040000000000001	-2680.5546149320435
0.11120000000000001	-3555.6540779345087
0.112	-4243.23223044991
0.11280000000000001	-4555.767755198642
0.1136	-4368.246440283547
0.1144	-3555.6540779345087
0.11520000000000001	-2868.0759280714556
0.116	-1617.9338441904401
0.1168	-180.27045850892318
0.11760000000000001	944.8574005279224
0.1184	2445.0278683317592
0.1192	3445.1415066284826
0.12000000000000001	3945.1983237107634
0.1208	4195.226731736097
0.1216	4257.733833688835
0.12240000000000001	3882.6912216506316
0.1232	3195.113097571302
0.124	2320.0136631567148
0.12480000000000001	944.8574005279224
0.12560000000000002	-305.28466550266603
0.1264	-1617.9338441904401
0.1272	-2930.583032494993
0.128	-3805.6824967238936
0.1288	-4305.739335355756
0.1296	-4618.274860214326
0.13040000000000002	-4243.23223044991
0.1312	-3618.161182599026
0.132	-2493.0333019894897
0.1328	-1430.4125323613407
0.1336	-117.76335504464805
0.13440000000000002	1507.4213274135836
0.13520000000000001	2507.534970886947
0.136	3507.648608839023
0.1368	4132.719629761996
0.1376	4320.240935619979
0.1384	4320.240935619979
0.13920000000000002	3882.6912216506316
0.14	3132.605995253136
0.1408	2132.492355232185
0.1416	757.3360911763157
0.1424	-680.3272870055516
0.1432	-1867.962260267872
0.14400000000000002	-3055.597241407726
0.1448	-3930.6967062501353
0.1456	-4430.753545233281
0.1464	-4493.260650204902
0.1472	-4430.753545233281
0.14800000000000002	-3743.175391993718
0.14880000000000002	-2555.540406281827
0.1496	-1180.3841168942745
0.1504	194.77216195099754
0.1512	1569.9284302926972
0.152	2695.056278423057
0.15280000000000002	3570.155711028143
0.15360000000000001	3945.1983237107634
0.1544	4570.269343130232
0.1552	4320.240935619979
0.156	3695.1699153415975
0.1568	3007.591790552193
0.15760000000000002	1632.4355331501574
0.1584	444.80057515692897
0.1592	-805.3414943471435
0.16	-1992.9764684374677
0.1608	-3243.118554940971
0.16160000000000002	-3993.203811046318
0.16240000000000002	-4305.739335355756
0.1632	-4555.767755198642
0.164	-4243.23223044991
0.1648	-3368.1327640727395
0.1656	-2117.9906766944914
0.16640000000000002	-1117.877013082034
0.16720000000000002	382.29347188799875
0.168	1694.9426359860809
0.1688	3195.113097571302
0.1696	3632.6628131956677
0.1704	3945.1983237107634
0.17120000000000002	4382.74803752976
0.17200000000000001	4195.226731736097
0.1728	3820.184119569196
0.1736	2695.056278423057
0.1744	1632.4355331501574
0.1752	319.7863685974153
0.17600000000000002	-867.8485980505939
0.1768	-2368.0190934704733
0.1776	-3243.118554940971
0.1784	-4055.7109158642124
0.1792	-4493.260650204902
0.18000000000000002	-4555.767755198642
0.18080000000000002	-3930.6967062501353
0.1816	-3243.118554940971
0.1824	-2180.497780855687
0.1832	-680.3272870055516
0.184	757.3360911763157
0.18480000000000002	1944.9710471135331
0.18560000000000001	3007.591790552193
0.1864	3757.677017466107
0.1872	4070.212527766358
0.188	4320.240935619979
0.1888	3945.1983237107634
0.18960000000000002	3570.155711028143
0.1904	2757.563380891981
0.1912	1069.871606654022
0.192	69.75795521779219
0.1928	-1055.3699092914467
0.19360000000000002	-2555.540406281827
0.19440000000000002	-3680.668287285429
0.1952	-4180.725125566067
0.196	-4368.246440283547
0.1968	-4430.753545233281
0.1976	-3868.1896014761296
0.19840000000000002	-2993.090136940358
0.19920000000000002	-1930.469364341814
