0	0
0.0008	0.5127888917922974
0.0016	1.0874344110488892
0.0024000000000000002	1.6716164350509644
0.0032	2.2124900817871094
0.004	2.6611602306365967
0.0048000000000000004	2.9782931804656982
0.0056	3.1370294094085693
0.0064	3.1225578784942627
0.007200000000000001	2.935753583908081
0.008	2.593440055847168
0.0088	2.1244516372680664
0.009600000000000001	1.5705716609954834
0.010400000000000001	0.982445240020752
0.0112	0.4127294421195984
0.012	-0.08638093620538712
0.0128	-0.469078004360199
0.013600000000000001	-0.7011277675628662
0.014400000000000001	-0.7611697316169739
0.0152	-0.643279492855072
0.016	-0.35838082432746887
0.016800000000000002	0.06779152899980545
0.0176	0.5967413783073425
0.0184	1.1793485879898071
0.019200000000000002	1.7620432376861572
0.02	2.292742967605591
0.020800000000000003	2.723727226257324
0.0216	3.017275094985962
0.0224	3.1482014656066895
0.023200000000000002	3.1043953895568848
0.024	2.889956474304199
0.024800000000000003	2.524007558822632
0.0256	2.0374209880828857
0.0264	1.4740296602249146
0.027200000000000002	0.8853907585144043
0.028	0.3240616023540497
0.028800000000000003	-0.15841294825077057
0.0296	-0.5179873704910278
0.0304	-0.7223898768424988
0.031200000000000002	-0.752647340297699
0.032	-0.6057850122451782
0.0328	-0.2950763404369354
0.033600000000000005	0.15156900882720947
0.0344	0.6929301619529724
0.0352	1.279086947441101
0.036000000000000004	1.8566946983337402
0.0368	2.37375807762146
0.0376	2.7841570377349854
0.038400000000000004	3.0520823001861572
0.0392	3.154299259185791
0.04	3.081383466720581
0.0408	2.8399596214294434
0.041600000000000005	2.45115065574646
0.0424	1.9485782384872437
0.0432	1.3775250911712646
0.044000000000000004	0.7897861003875732
0.0448	0.2384684532880783
0.0456	-0.2262328863143921
0.046400000000000004	-0.5619221925735474
0.0472	-0.7381025552749634
0.048	-0.7385380268096924
0.0488	-0.563090980052948
0.049600000000000005	-0.2273222953081131
0.0504	0.23855867981910706
0.0512	0.7909437417984009
0.052000000000000005	1.379362940788269
0.0528	1.9505962133407593
0.0536	2.452960968017578
0.054400000000000004	2.840524673461914
0.055200000000000006	3.0807278156280518
0.056	3.153822422027588
0.0568	3.05183482170105
0.057600000000000005	2.783851146697998
0.0584	2.3731443881988525
0.0592	1.8558732271194458
0.060000000000000005	1.2785083055496216
0.0608	0.6931190490722656
0.0616	0.15282529592514038
0.062400000000000004	-0.29309043288230896
0.0632	-0.6039822101593018
0.064	-0.7516154646873474
0.0648	-0.7222039103507996
0.0656	-0.5185471773147583
0.0664	-0.15885582566261292
0.06720000000000001	0.32461094856262207
0.068	0.8867450952529907
0.0688	1.4760640859603882
0.06960000000000001	2.0396230220794678
0.0704	2.526089668273926
0.0712	2.8916053771972656
0.07200000000000001	3.1055610179901123
0.0728	3.149458646774292
0.0736	3.018561363220215
0.07440000000000001	2.724867820739746
0.0752	2.2936506271362305
0.076	1.7629683017730713
0.07680000000000001	1.1806788444519043
0.0776	0.5988892316818237
0.0784	0.07086928188800812
0.0792	-0.35499846935272217
0.08	-0.640380322933197
0.08080000000000001	-0.759166419506073
0.0816	-0.7000953555107117
0.0824	-0.46876636147499084
0.08320000000000001	-0.0860147699713707
0.084	0.41397538781166077
0.0848	0.9845462441444397
0.08560000000000001	1.5733402967453003
0.0864	2.1275877952575684
0.0872	2.5966434478759766
0.08800000000000001	2.9389865398406982
0.0888	3.125882387161255
0.0896	3.140582799911499
0.09040000000000001	2.981550693511963
0.0912	2.663297176361084
0.092	2.212707042694092
0.09280000000000001	1.6699384450912476
0.0936	1.0841617584228516
0.0944	0.5076091885566711
0.0952	-0.00658718217164278
0.096	-0.411357045173645
0.09680000000000001	-0.6703415513038635
0.0976	-0.759705662727356
0.0984	-0.6709625124931335
0.09920000000000001	-0.4124487042427063
0.1	-0.007499276660382748
0.1008	0.5075769424438477
0.10160000000000001	1.084984540939331
0.1024	1.671566367149353
0.1032	2.214639902114868
0.10400000000000001	2.6650848388671875
0.1048	2.9833178520202637
0.1056	3.1423540115356445
0.10640000000000001	3.1276698112487793
0.1072	2.9405531883239746
0.108	2.597952127456665
0.10880000000000001	2.1287386417388916
0.1096	1.5747838020324707
0.11040000000000001	0.9866448044776917
0.11120000000000001	0.41691654920578003
0.112	-0.08208134770393372
0.11280000000000001	-0.46455344557762146
0.1136	-0.6963282227516174
0.1144	-0.7560952305793762
0.11520000000000001	-0.6379175186157227
0.116	-0.3527313470840454
0.1168	0.07362846285104752
0.11760000000000001	0.6026158332824707
0.1184	1.1853355169296265
0.1192	1.7680801153182983
0.12000000000000001	2.2986674308776855
0.1208	2.7294766902923584
0.1216	3.0228371620178223
0.12240000000000001	3.1535885334014893
0.1232	3.109532356262207
0.124	2.894805908203125
0.12480000000000001	2.528607130050659
0.12560000000000002	2.0418829917907715
0.1264	1.4783416986465454
0.1272	0.889590322971344
0.128	0.32832369208335876
0.1288	-0.1539633721113205
0.1296	-0.5132502913475037
0.13040000000000002	-0.7173778414726257
0.1312	-0.7473978400230408
0.132	-0.6002355217933655
0.1328	-0.28923940658569336
0.1336	0.15755592286586761
0.13440000000000002	0.6991170644760132
0.13520000000000001	1.2854489088058472
0.136	1.8630315065383911
0.1368	2.379957675933838
0.1376	2.7901315689086914
0.1384	3.057844400405884
0.13920000000000002	3.159848690032959
0.14	3.0866329669952393
0.1408	2.844846725463867
0.1416	2.455700397491455
0.1424	1.9527653455734253
0.1432	1.3814246654510498
0.14400000000000002	0.7935607433319092
0.1448	0.2422305941581726
0.1456	-0.22224576771259308
0.1464	-0.5576351284980774
0.1472	-0.7335404753684998
0.14800000000000002	-0.7336260080337524
0.14880000000000002	-0.5578290224075317
0.1496	-0.2218228280544281
0.1504	0.2442331314086914
0.1512	0.7968056797981262
0.152	1.3853248357772827
0.15280000000000002	1.9565455913543701
0.15360000000000001	2.4587855339050293
0.1544	2.847311496734619
0.1552	3.088489532470703
0.156	3.1613717079162598
0.1568	3.059083938598633
0.15760000000000002	2.7908003330230713
0.1584	2.3798062801361084
0.1592	1.8622851371765137
0.16	1.2847826480865479
0.1608	0.699355959892273
0.16160000000000002	0.15919968485832214
0.16240000000000002	-0.28650355339050293
0.1632	-0.5971828699111938
0.164	-0.7445536255836487
0.1648	-0.7148545980453491
0.1656	-0.5108854174613953
0.16640000000000002	-0.15084409713745117
0.16720000000000002	0.3329601287841797
0.168	0.8953192830085754
0.1688	1.484750747680664
0.1696	2.04829740524292
0.1704	2.534651279449463
0.17120000000000002	2.900291919708252
0.17200000000000001	3.1142477989196777
0.1728	3.157820463180542
0.1736	3.0266730785369873
0.1744	2.7326669692993164
0.1752	2.3010997772216797
0.17600000000000002	1.770180106163025
0.1768	1.187740683555603
0.1776	0.6059510707855225
0.1784	0.07798109948635101
0.1792	-0.3478241562843323
0.18000000000000002	-0.6329310536384583
0.18080000000000002	-0.751379668712616
0.1816	-0.6919836401939392
0.1824	-0.4602796733379364
0.1832	-0.0772281214594841
0.184	0.42294952273368835
0.18480000000000002	0.9936453700065613
0.18560000000000001	1.5824018716812134
0.1864	2.136561870574951
0.1872	2.6055049896240234
0.188	2.9476230144500732
0.1888	3.134206533432007
0.18960000000000002	3.148519515991211
0.1904	2.989025115966797
0.1912	2.6703341007232666
0.192	2.219381332397461
0.1928	1.6762878894805908
0.19360000000000002	1.0903736352920532
0.19440000000000002	0.513771116733551
0.1952	-0.0003752752672880888
0.196	-0.40488266944885254
0.1968	-0.6635422110557556
0.1976	-0.7525688409805298
0.19840000000000002	-0.663388192653656
0.19920000000000002	-0.40439945459365845
