0	0
0.0008	0.5004328489303589
0.0016	1.0663968324661255
0.0024000000000000002	1.6467844247817993
0.0032	2.1885383129119873
0.004	2.6422882080078125
0.0048000000000000004	2.9684505462646484
0.0056	3.139353036880493
0.0064	3.139585256576538
0.007200000000000001	2.968947172164917
0.008	2.643062114715576
0.0088	2.189502239227295
0.009600000000000001	1.6483137607574463
0.010400000000000001	1.068629264831543
0.0112	0.5024433135986328
0.012	0.0021382581908255816
0.0128	-0.3865030109882355
0.013600000000000001	-0.628971517086029
0.014400000000000001	-0.7028068900108337
0.0152	-0.6008973717689514
0.016	-0.33266681432724
0.016800000000000002	0.07773727178573608
0.0176	0.5925936698913574
0.0184	1.164682149887085
0.019200000000000002	1.742307424545288
0.02	2.2723748683929443
0.020800000000000003	2.7070515155792236
0.0216	3.0088412761688232
0.0224	3.1519718170166016
0.023200000000000002	3.123119354248047
0.024	2.925083875656128
0.024800000000000003	2.5756261348724365
0.0256	2.1043431758880615
0.0264	1.5530933141708374
0.027200000000000002	0.9721338748931885
0.028	0.4138721525669098
0.028800000000000003	-0.07045949995517731
0.0296	-0.4366530478000641
0.0304	-0.6521117091178894
0.031200000000000002	-0.6966500878334045
0.032	-0.5659183859825134
0.0328	-0.2719403803348541
0.033600000000000005	0.15906168520450592
0.0344	0.687354326248169
0.0352	1.264054775238037
0.036000000000000004	1.836893081665039
0.0368	2.353811740875244
0.0376	2.7684528827667236
0.038400000000000004	3.0452327728271484
0.0392	3.1602909564971924
0.04	3.10257887840271
0.0408	2.877721071243286
0.041600000000000005	2.505453109741211
0.0424	2.0172719955444336
0.0432	1.4572354555130005
0.044000000000000004	0.8766009211540222
0.0448	0.3275007903575897
0.0456	-0.1398075819015503
0.046400000000000004	-0.4827534556388855
0.0472	-0.670652449131012
0.048	-0.685768723487854
0.0488	-0.5265898704528809
0.049600000000000005	-0.2076893150806427
0.0504	0.24279837310314178
0.0512	0.7829898595809937
0.052000000000000005	1.3625149726867676
0.0528	1.9292789697647095
0.0536	2.4321115016937256
0.054400000000000004	2.826017141342163
0.055200000000000006	3.0772368907928467
0.056	3.163785457611084
0.0568	3.077251434326172
0.057600000000000005	2.8260836601257324
0.0584	2.4317681789398193
0.0592	1.927863359451294
0.060000000000000005	1.3607900142669678
0.0608	0.7820678949356079
0.0616	0.24321669340133667
0.062400000000000004	-0.2062559723854065
0.0632	-0.5253292322158813
0.064	-0.6852560043334961
0.0648	-0.6709627509117126
0.0656	-0.48377418518066406
0.0664	-0.14061349630355835
0.06720000000000001	0.32808491587638855
0.068	0.8784629106521606
0.0688	1.4595879316329956
0.06960000000000001	2.019315004348755
0.0704	2.507136583328247
0.0712	2.8795318603515625
0.07200000000000001	3.1044416427612305
0.0728	3.1622555255889893
0.0736	3.047311782836914
0.07440000000000001	2.7704718112945557
0.0752	2.355095624923706
0.076	1.8372299671173096
0.07680000000000001	1.2632323503494263
0.0776	0.6855475306510925
0.0784	0.1577577292919159
0.0792	-0.2727043330669403
0.08	-0.5670176148414612
0.08080000000000001	-0.6985097527503967
0.0816	-0.6548693776130676
0.0824	-0.44013354182243347
0.08320000000000001	-0.07363767176866531
0.084	0.41150912642478943
0.0848	0.9702863097190857
0.08560000000000001	1.5517113208770752
0.0864	2.1031391620635986
0.0872	2.5746872425079346
0.08800000000000001	2.9244349002838135
0.0888	3.1225099563598633
0.0896	3.1515016555786133
0.09040000000000001	3.00838565826416
0.0912	2.706623077392578
0.092	2.271674156188965
0.09280000000000001	1.7415469884872437
0.0936	1.1647621393203735
0.0944	0.5927767753601074
0.0952	0.07791069895029068
0.096	-0.33217841386795044
0.09680000000000001	-0.6007192730903625
0.0976	-0.7033643126487732
0.0984	-0.6303768754005432
0.09920000000000001	-0.3884187340736389
0.1	0.0005874429480172694
0.1008	0.5010702610015869
0.10160000000000001	1.0670092105865479
0.1024	1.6472468376159668
0.1032	2.1888132095336914
0.10400000000000001	2.642425537109375
0.1048	2.9683380126953125
0.1056	3.13895320892334
0.10640000000000001	3.1389102935791016
0.1072	2.9679596424102783
0.108	2.6418495178222656
0.10880000000000001	2.18818998336792
0.1096	1.6469389200210571
0.11040000000000001	1.067341923713684
0.11120000000000001	0.5013183951377869
0.112	0.001150856725871563
0.11280000000000001	-0.3872654438018799
0.1136	-0.6294589638710022
0.1144	-0.7030819058418274
0.11520000000000001	-0.6009223461151123
0.116	-0.332416832447052
0.1168	0.07822471857070923
0.11760000000000001	0.5932061076164246
0.1184	1.1651945114135742
0.1192	1.7427324056625366
0.12000000000000001	2.272712469100952
0.1208	2.7071142196655273
0.1216	3.008591413497925
0.12240000000000001	3.1514718532562256
0.1232	3.12235689163208
0.124	2.924046516418457
0.12480000000000001	2.5743138790130615
0.12560000000000002	2.102780818939209
0.1264	1.5514559745788574
0.1272	0.9703715443611145
0.128	0.41205984354019165
0.1288	-0.07208433747291565
0.1296	-0.43802788853645325
0.13040000000000002	-0.6532366275787354
0.1312	-0.6975374817848206
0.132	-0.5665683150291443
0.1328	-0.2724153399467468
0.1336	0.15872421860694885
0.13440000000000002	0.6870043277740479
0.13520000000000001	1.2636548280715942
0.136	1.8364181518554688
0.1368	2.3531744480133057
0.1376	2.7675905227661133
0.1384	3.0440828800201416
0.13920000000000002	3.158890962600708
0.14	3.100954055786133
0.1408	2.8758962154388428
0.1416	2.503453493118286
0.1424	2.0152597427368164
0.1432	1.455060601234436
0.14400000000000002	0.8740012049674988
0.1448	0.3247760534286499
0.1456	-0.14238233864307404
0.1464	-0.4850907325744629
0.1472	-0.6727522015571594
0.14800000000000002	-0.6876435279846191
0.14880000000000002	-0.5282022356987
0.1496	-0.2090766727924347
0.1504	0.24154849350452423
0.1512	0.7818899750709534
0.152	1.3615151643753052
0.15280000000000002	1.92820405960083
0.15360000000000001	2.430899143218994
0.1544	2.824554920196533
0.1552	3.0754871368408203
0.156	3.1618356704711914
0.1568	3.075064182281494
0.15760000000000002	2.823633909225464
0.1584	2.429168224334717
0.1592	1.9251761436462402
0.16	1.357615351676941
0.1608	0.7780932784080505
0.16160000000000002	0.23900461196899414
0.16240000000000002	-0.21016807854175568
0.1632	-0.5289413928985596
0.164	-0.6886056661605835
0.1648	-0.6739749312400818
0.1656	-0.4864739179611206
0.16640000000000002	-0.14316324889659882
0.16720000000000002	0.32563516497612
0.168	0.8760631084442139
0.1688	1.4571881294250488
0.1696	2.0168027877807617
0.1704	2.504399299621582
0.17120000000000002	2.8766322135925293
0.17200000000000001	3.1014294624328613
0.1728	3.1590309143066406
0.1736	3.043799638748169
0.1744	2.76678466796875
0.1752	2.351158618927002
0.17600000000000002	1.833030343055725
0.1768	1.260045051574707
0.1776	0.6834726929664612
0.1784	0.1558329164981842
0.1792	-0.2744666635990143
0.18000000000000002	-0.5685799717903137
0.18080000000000002	-0.6998096108436584
0.1816	-0.6558818221092224
0.1824	-0.4408334791660309
0.1832	-0.07406263053417206
0.184	0.41133415699005127
0.18480000000000002	0.9702363014221191
0.18560000000000001	1.5516488552093506
0.1864	2.1029891967773438
0.1872	2.5744497776031494
0.188	2.924034833908081
0.1888	3.1218349933624268
0.18960000000000002	3.1505517959594727
0.1904	3.0072107315063477
0.1912	2.7052109241485596
0.192	2.2699618339538574
0.1928	1.73963463306427
0.19360000000000002	1.1627998352050781
0.19440000000000002	0.5908519625663757
0.1952	0.07609837502241135
0.196	-0.33382827043533325
0.1968	-0.6021691560745239
0.1976	-0.7045766711235046
0.19840000000000002	-0.6313267946243286
0.19920000000000002	-0.3890811800956726
