0	0
0.0008	0.4723852574825287
0.0016	1.0261001586914062
0.0024000000000000002	1.6098995208740234
0.0032	2.17146372795105
0.004	2.660097360610962
0.0048000000000000004	3.032054901123047
0.0056	3.255439519882202
0.0064	3.310641050338745
0.007200000000000001	3.192272186279297
0.008	2.9116322994232178
0.0088	2.4924938678741455
0.009600000000000001	1.9711905717849731
0.010400000000000001	1.3955177068710327
0.0112	0.8174201846122742
0.012	0.28884267807006836
0.0128	-0.14156968891620636
0.013600000000000001	-0.43475836515426636
0.014400000000000001	-0.5642009973526001
0.0152	-0.5174238085746765
0.016	-0.2989136278629303
0.016800000000000002	0.07183154672384262
0.0176	0.5612776279449463
0.0184	1.1235542297363281
0.019200000000000002	1.7072786092758179
0.02	2.26003098487854
0.020800000000000003	2.731966495513916
0.0216	3.0809762477874756
0.0224	3.2771260738372803
0.023200000000000002	3.3032052516937256
0.024	3.1566269397735596
0.024800000000000003	2.8508894443511963
0.0256	2.4118404388427734
0.0264	1.8781135082244873
0.027200000000000002	1.2982912063598633
0.028	0.7247681617736816
0.028800000000000003	0.2094143182039261
0.0296	-0.2004251331090927
0.0304	-0.46752893924713135
0.031200000000000002	-0.5678369998931885
0.032	-0.4916627109050751
0.0328	-0.24610520899295807
0.033600000000000005	0.14705026149749756
0.0344	0.6520073413848877
0.0352	1.2215956449508667
0.036000000000000004	1.804032802581787
0.0368	2.3468360900878906
0.0376	2.800823211669922
0.038400000000000004	3.1259102821350098
0.0392	3.2945504188537598
0.04	3.2915451526641846
0.0408	3.116969585418701
0.041600000000000005	2.786684513092041
0.0424	2.328774929046631
0.0432	1.78382408618927
0.044000000000000004	1.201264500617981
0.0448	0.633653461933136
0.0456	0.13286066055297852
0.046400000000000004	-0.25523099303245544
0.0472	-0.49566248059272766
0.048	-0.5666109919548035
0.0488	-0.46110209822654724
0.049600000000000005	-0.1889222264289856
0.0504	0.2256186455488205
0.0512	0.7447243332862854
0.052000000000000005	1.3202121257781982
0.0528	1.8999744653701782
0.0536	2.43135404586792
0.054400000000000004	2.8661179542541504
0.055200000000000006	3.166569948196411
0.056	3.307300329208374
0.0568	3.275122880935669
0.057600000000000005	3.073087692260742
0.0584	2.7193050384521484
0.0592	2.2437472343444824
0.060000000000000005	1.6890223026275635
0.0608	1.1052753925323486
0.0616	0.5445135831832886
0.062400000000000004	0.05899422615766525
0.0632	-0.3065621852874756
0.064	-0.5199838876724243
0.0648	-0.5614603161811829
0.0656	-0.4269043505191803
0.0664	-0.12896452844142914
0.06720000000000001	0.3058243691921234
0.068	0.837666392326355
0.0688	1.4174537658691406
0.06960000000000001	1.9927040338516235
0.0704	2.5109221935272217
0.0712	2.9254631996154785
0.07200000000000001	3.200655221939087
0.0728	3.313025951385498
0.0736	3.251788854598999
0.07440000000000001	3.022806406021118
0.0752	2.6462135314941406
0.076	2.1540699005126953
0.07680000000000001	1.5908458232879639
0.0776	1.007636308670044
0.0784	0.45687350630760193
0.0792	-0.010847608558833599
0.08	-0.3529938757419586
0.08080000000000001	-0.5388808250427246
0.0816	-0.5508977174758911
0.0824	-0.3877320885658264
0.08320000000000001	-0.06464474648237228
0.084	0.3894047737121582
0.0848	0.9327831268310547
0.08560000000000001	1.5152827501296997
0.0864	2.084196090698242
0.0872	2.5879783630371094
0.08800000000000001	2.981383800506592
0.0888	3.2307658195495605
0.0896	3.3144893646240234
0.09040000000000001	3.2243428230285645
0.0912	2.968900442123413
0.092	2.570359706878662
0.09280000000000001	2.063005208969116
0.0936	1.4927818775177002
0.0944	0.9115220904350281
0.0952	0.37134575843811035
0.096	-0.07816470414400101
0.09680000000000001	-0.39617589116096497
0.0976	-0.5540031790733337
0.0984	-0.5364355444908142
0.09920000000000001	-0.34514766931533813
0.1	0.0022872809786349535
0.1008	0.47477251291275024
0.10160000000000001	1.0284624099731445
0.1024	1.6121368408203125
0.1032	2.173475980758667
0.10400000000000001	2.6617846488952637
0.1048	3.0333797931671143
0.1056	3.256476879119873
0.10640000000000001	3.3113784790039062
0.1072	3.1927847862243652
0.108	2.9116573333740234
0.10880000000000001	2.492006301879883
0.1096	1.9705406427383423
0.11040000000000001	1.394830346107483
0.11120000000000001	0.8168202638626099
0.112	0.2883802354335785
0.11280000000000001	-0.14179466664791107
0.1136	-0.4347083866596222
0.1144	-0.5638510584831238
0.11520000000000001	-0.5167863368988037
0.116	-0.29807621240615845
0.1168	0.0717940554022789
0.11760000000000001	0.5603527426719666
0.1184	1.1227167844772339
0.1192	1.7065162658691406
0.12000000000000001	2.2592687606811523
0.1208	2.731041431427002
0.1216	3.0799012184143066
0.12240000000000001	3.275926113128662
0.1232	3.3018054962158203
0.124	3.154952049255371
0.12480000000000001	2.8486897945404053
0.12560000000000002	2.4091908931732178
0.1264	1.875388741493225
0.1272	1.2953789234161377
0.128	0.7216809391975403
0.1288	0.20643961429595947
0.1296	-0.2031998485326767
0.13040000000000002	-0.47002869844436646
0.1312	-0.5699992775917053
0.132	-0.4935000240802765
0.1328	-0.24765504896640778
0.1336	0.1456378996372223
0.13440000000000002	0.6506074666976929
0.13520000000000001	1.220045804977417
0.136	1.8022578954696655
0.1368	2.344886302947998
0.1376	2.7987234592437744
0.1384	3.123648166656494
0.13920000000000002	3.2920258045196533
0.14	3.2887203693389893
0.1408	3.113882303237915
0.1416	2.783297538757324
0.1424	2.325112819671631
0.1432	1.7800495624542236
0.14400000000000002	1.1977523565292358
0.1448	0.63050377368927
0.1456	0.12964847683906555
0.1464	-0.2583431601524353
0.1472	-0.4984246790409088
0.14800000000000002	-0.5690732002258301
0.14880000000000002	-0.4632393717765808
0.1496	-0.19067205488681793
0.1504	0.22421878576278687
0.1512	0.743511974811554
0.152	1.3187748193740845
0.15280000000000002	1.8979371786117554
0.15360000000000001	2.4290168285369873
0.1544	2.863668203353882
0.1552	3.1638827323913574
0.156	3.3042757511138916
0.1568	3.2717108726501465
0.15760000000000002	3.0692756175994873
0.1584	2.715055465698242
0.1592	2.2391600608825684
0.16	1.6842353343963623
0.1608	1.1006507873535156
0.16160000000000002	0.5407514572143555
0.16240000000000002	0.05593203008174896
0.1632	-0.30926191806793213
0.164	-0.522296130657196
0.1648	-0.5635351538658142
0.1656	-0.42875415086746216
0.16640000000000002	-0.13047687709331512
0.16720000000000002	0.3047744929790497
0.168	0.8369789123535156
0.1688	1.416578769683838
0.1696	1.991141676902771
0.1704	2.5088601112365723
0.17120000000000002	2.9231009483337402
0.17200000000000001	3.1980180740356445
0.1728	3.310088634490967
0.1736	3.2484893798828125
0.1744	3.0191690921783447
0.1752	2.64228892326355
0.17600000000000002	2.149970293045044
0.1768	1.586683750152588
0.1776	1.003361701965332
0.1784	0.45273643732070923
0.1792	-0.014684731140732765
0.18000000000000002	-0.356343537569046
0.18080000000000002	-0.5416305661201477
0.1816	-0.5532349944114685
0.1824	-0.38993188738822937
0.1832	-0.06693202257156372
0.184	0.3872925043106079
0.18480000000000002	0.9309583306312561
0.18560000000000001	1.5135704278945923
0.1864	2.0821588039398193
0.1872	2.5855159759521484
0.188	2.9787089824676514
0.1888	3.2277536392211914
0.18960000000000002	3.3110897541046143
0.1904	3.220655679702759
0.1912	2.9651131629943848
0.192	2.5664851665496826
0.1928	2.058880567550659
0.19360000000000002	1.4884697198867798
0.19440000000000002	0.9071225523948669
0.1952	0.36727115511894226
0.196	-0.08175185322761536
0.1968	-0.39913809299468994
0.1976	-0.5563404560089111
0.19840000000000002	-0.5384603142738342
0.19920000000000002	-0.3471599817276001
