0	-1302.6480122710927
0.0008	197.52247530804016
0.0016	1635.1858475038316
0.0024000000000000002	2760.313696022844
0.0032	3635.413128929271
0.004	4260.484149852244
0.0048000000000000004	4448.005455710227
0.0056	4260.484149852244
0.0064	3760.4273332859157
0.007200000000000001	2885.327900982229
0.008	1885.2142588906572
0.0088	572.5650952471769
0.009600000000000001	-552.5627669153037
0.010400000000000001	-2052.733260765439
0.0112	-3115.354034850723
0.012	-3740.4250813858816
0.0128	-4490.510340124078
0.013600000000000001	-4490.510340124078
0.014400000000000001	-4177.974815265508
0.0152	-3490.396662508778
0.016	-2427.775886191579
0.016800000000000002	-1052.6195968040265
0.0176	447.55088868766325
0.0184	1510.171641680703
0.019200000000000002	2947.8350034296163
0.02	3760.4273332859157
0.020800000000000003	4072.9628438010113
0.0216	4385.498353779083
0.0224	4197.977047856606
0.023200000000000002	3760.4273332859157
0.024	2885.327900982229
0.024800000000000003	1697.6929503829451
0.0256	197.52247530804016
0.0264	-927.6053892011987
0.027200000000000002	-2177.747469153488
0.028	-3490.396662508778
0.028800000000000003	-4052.9606054758187
0.0296	-4553.017445161764
0.0304	-4615.5245502213365
0.031200000000000002	-4052.9606054758187
0.032	-3302.875348581176
0.0328	-2115.2403649484622
0.033600000000000005	-677.5769742568955
0.0344	635.0721984943375
0.0352	1947.7213616833324
0.036000000000000004	3260.370515343384
0.0368	4010.4557417408796
0.0376	4260.484149852244
0.038400000000000004	4385.498353779083
0.0392	4135.469945839548
0.04	3385.384719958063
0.0408	2697.8065935107297
0.041600000000000005	1322.650332783698
0.0424	322.5366820412455
0.0432	-1490.1693241001922
0.044000000000000004	-2552.7900948417955
0.0448	-3552.903767195181
0.0456	-4115.467710359662
0.046400000000000004	-4678.03165530297
0.0472	-4365.496130114654
0.048	-3802.9321861598874
0.0488	-3302.875348581176
0.049600000000000005	-1865.2119483472197
0.0504	-365.0414560660138
0.0512	572.5650952471769
0.052000000000000005	2260.256875322433
0.0528	3260.370515343384
0.0536	4010.4557417408796
0.054400000000000004	4385.498353779083
0.055200000000000006	4698.03386322048
0.056	3947.948639659444
0.0568	3510.3989244867116
0.057600000000000005	2697.8065935107297
0.0584	1260.1432297748397
0.0592	10.001165045599919
0.060000000000000005	-1365.155116192298
0.0608	-2740.3114079812076
0.0616	-3677.9179766336456
0.062400000000000004	-4177.974815265508
0.0632	-4615.5245502213365
0.064	-4490.510340124078
0.0648	-3740.4250813858816
0.0656	-3115.354034850723
0.0664	-1615.1835320952232
0.06720000000000001	-365.0414560660138
0.068	1010.114817522699
0.0688	2197.7497726378497
0.06960000000000001	3322.87761766155
0.0704	4072.9628438010113
0.0712	4260.484149852244
0.07200000000000001	4510.512557620008
0.0728	3885.441537556355
0.0736	3260.370515343384
0.07440000000000001	2572.792388422007
0.0752	947.607714405458
0.076	-302.53435249318136
0.07680000000000001	-1552.6764280867646
0.0776	-2802.818512404745
0.0784	-3740.4250813858816
0.0792	-4240.481920193299
0.08	-4803.045865532185
0.08080000000000001	-4240.481920193299
0.0816	-3740.4250813858816
0.0824	-2740.3114079812076
0.08320000000000001	-1552.6764280867646
0.084	10.001165045599919
0.0848	1260.1432297748397
0.08560000000000001	2697.8065935107297
0.0864	3260.370515343384
0.0872	4197.977047856606
0.08800000000000001	4385.498353779083
0.0888	4197.977047856606
0.0896	4010.4557417408796
0.09040000000000001	3260.370515343384
0.0912	1885.2142588906572
0.092	885.1006112665636
0.09280000000000001	-615.0698705752147
0.0936	-1802.704844251566
0.0944	-3240.3682439824915
0.0952	-3552.903767195181
0.096	-4490.510340124078
0.09680000000000001	-4678.03165530297
0.0976	-4177.974815265508
0.0984	-3615.4108719034703
0.09920000000000001	-2490.2829905058024
0.1	-1177.633804493933
0.1008	72.50826848810539
0.10160000000000001	1697.6929503829451
0.1024	2885.327900982229
0.1032	3572.9060267187306
0.10400000000000001	3822.9344354318455
0.1048	4448.005455710227
0.1056	4135.469945839548
0.10640000000000001	3822.9344354318455
0.1072	2947.8350034296163
0.108	2010.2284644543543
0.10880000000000001	572.5650952471769
0.1096	-740.0840779603459
0.11040000000000001	-2177.747469153488
0.11120000000000001	-3240.3682439824915
0.112	-3927.9463957739645
0.11280000000000001	-4428.003235108394
0.1136	-4615.5245502213365
0.1144	-4302.989025143033
0.11520000000000001	-3427.8895578442607
0.116	-2427.775886191579
0.1168	-1115.1267006382113
0.11760000000000001	385.0437853752519
0.1184	1697.6929503829451
0.1192	2760.313696022844
0.12000000000000001	3822.9344354318455
0.1208	4135.469945839548
0.1216	4385.498353779083
0.12240000000000001	4260.484149852244
0.1232	3635.413128929271
0.124	2822.820798513305
0.12480000000000001	1697.6929503829451
0.12560000000000002	322.5366820412455
0.1264	-1177.633804493933
0.1272	-2365.2687818992417
0.128	-3302.875348581176
0.1288	-3865.43929095607
0.1296	-4740.538760406547
0.13040000000000002	-4553.017445161764
0.1312	-3990.4535006139195
0.132	-3177.861139405577
0.1328	-2115.2403649484622
0.1336	-865.0982854324975
0.13440000000000002	572.5650952471769
0.13520000000000001	1947.7213616833324
0.136	3010.3421058554086
0.1368	3822.9344354318455
0.1376	4322.9912518263445
0.1384	4385.498353779083
0.13920000000000002	4260.484149852244
0.14	3447.891822233156
0.1408	2635.299490977195
0.1416	1447.6645387367462
0.1424	135.0153719089576
0.1432	-1552.6764280867646
0.14400000000000002	-2615.297199199733
0.1448	-3552.903767195181
0.1456	-4115.467710359662
0.1464	-4615.5245502213365
0.1472	-4615.5245502213365
0.14800000000000002	-4052.9606054758187
0.14880000000000002	-3052.8469303177553
0.1496	-1927.7190524647594
0.1504	-615.0698705752147
0.1512	1010.114817522699
0.152	2260.256875322433
0.15280000000000002	3260.370515343384
0.15360000000000001	3822.9344354318455
0.1544	4385.498353779083
0.1552	4448.005455710227
0.156	3885.441537556355
0.1568	3510.3989244867116
0.15760000000000002	2572.792388422007
0.1584	1197.6361267442699
0.1592	-115.0130419046618
0.16	-1365.155116192298
0.1608	-2740.3114079812076
0.16160000000000002	-3802.9321861598874
0.16240000000000002	-4240.481920193299
0.1632	-4553.017445161764
0.164	-4428.003235108394
0.1648	-3865.43929095607
0.1656	-2990.3398258066736
0.16640000000000002	-1740.197740177624
0.16720000000000002	-365.0414560660138
0.168	697.5793017199612
0.1688	2385.271080627106
0.1696	3260.370515343384
0.1704	3947.948639659444
0.17120000000000002	4197.977047856606
0.17200000000000001	4573.0196595082525
0.1728	3947.948639659444
0.1736	3197.863413003739
0.1744	2260.256875322433
0.1752	1072.6219206181704
0.17600000000000002	-302.53435249318136
0.1768	-1740.197740177624
0.1776	-2927.832721317478
0.1784	-3927.9463957739645
0.1792	-4365.496130114654
0.18000000000000002	-4553.017445161764
0.18080000000000002	-4365.496130114654
0.1816	-3615.4108719034703
0.1824	-2927.832721317478
0.1832	-1615.1835320952232
0.184	10.001165045599919
0.18480000000000002	1260.1432297748397
0.18560000000000001	2447.7781832469627
0.1864	3385.384719958063
0.1872	4197.977047856606
0.188	4135.469945839548
0.1888	4260.484149852244
0.18960000000000002	3885.441537556355
0.1904	3385.384719958063
0.1912	2072.735567203781
0.192	947.607714405458
0.1928	-490.05566327716224
0.19360000000000002	-1802.704844251566
0.19440000000000002	-3052.8469303177553
0.1952	-3927.9463957739645
0.196	-4428.003235108394
0.1968	-4740.538760406547
0.1976	-4302.989025143033
0.19840000000000002	-3615.4108719034703
0.19920000000000002	-2427.775886191579
