0	-729.5828844624339
0.0008	583.066288745089
0.0016	1895.7154523885692
0.0024000000000000002	3083.3504017576342
0.0032	3770.9285267838277
0.004	4521.01375111792
0.0048000000000000004	4333.492445324257
0.0056	4083.4640372989234
0.0064	3895.942731054267
0.007200000000000001	2583.2935819199192
0.008	1458.1657322346582
0.0088	83.00946198601741
0.009600000000000001	-1292.1468187731807
0.010400000000000001	-2417.274692693667
0.0112	-3417.3883643463487
0.012	-3979.9523071160074
0.0128	-4605.0233567234245
0.013600000000000001	-4542.516251663852
0.014400000000000001	-4104.96651686175
0.0152	-3167.359945907665
0.016	-1792.203650753654
0.016800000000000002	-792.0899881875957
0.0176	708.0804952178732
0.0184	2083.236760701693
0.019200000000000002	3270.871708841296
0.02	4208.478241354518
0.020800000000000003	4208.478241354518
0.0216	4395.999547276995
0.0224	4208.478241354518
0.023200000000000002	3583.4072202166426
0.024	2645.800684475107
0.024800000000000003	1270.6444232727517
0.0256	-104.51184840674978
0.0264	-1417.1610266374773
0.027200000000000002	-2729.8102144832956
0.028	-3479.895469010866
0.028800000000000003	-4229.980726695387
0.0296	-4417.502041610482
0.0304	-4354.994936616742
0.031200000000000002	-3854.938097458158
0.032	-3042.3457368198433
0.0328	-1854.7107548493077
0.033600000000000005	-479.5544697792502
0.0344	1083.1231141160824
0.0352	2333.26517148345
0.036000000000000004	3520.9001179846236
0.0368	3958.449833157356
0.0376	4458.506649208139
0.038400000000000004	4458.506649208139
0.0392	4270.985343350156
0.04	3270.871708841296
0.0408	2270.758068820345
0.041600000000000005	1083.1231141160824
0.0424	-292.03315899526933
0.0432	-1667.1894426275976
0.044000000000000004	-2979.8386323087616
0.0448	-3604.909678405558
0.0456	-4417.502041610482
0.046400000000000004	-4480.009146626166
0.0472	-4480.009146626166
0.048	-3667.4167831357336
0.0488	-2854.824423352198
0.049600000000000005	-1479.6681306022801
0.0504	-229.52605544397375
0.0512	1270.6444232727517
0.052000000000000005	2458.2793767448748
0.0528	3208.364606501651
0.0536	4020.9569352387916
0.054400000000000004	4458.506649208139
0.055200000000000006	4395.999547276995
0.056	3833.4356289297575
0.0568	3208.364606501651
0.057600000000000005	2270.758068820345
0.0584	708.0804952178732
0.0592	-604.5686770773027
0.060000000000000005	-1854.7107548493077
0.0608	-3042.3457368198433
0.0616	-4042.4594119779067
0.062400000000000004	-4480.009146626166
0.0632	-4667.530461805058
0.064	-4292.487831645121
0.0648	-3542.402573697269
0.0656	-2667.303110081586
0.0664	-1417.1610266374773
0.06720000000000001	145.51656540686963
0.068	1458.1657322346582
0.0688	2895.829094480141
0.06960000000000001	3395.8859134559752
0.0704	4020.9569352387916
0.0712	4458.506649208139
0.07200000000000001	4270.985343350156
0.0728	4020.9569352387916
0.0736	2958.3361969275284
0.07440000000000001	1958.2225551812444
0.0752	645.5733919922495
0.076	-854.5970919345855
0.07680000000000001	-2042.2320672675269
0.0776	-3167.359945907665
0.0784	-3667.4167831357336
0.0792	-4417.502041610482
0.08	-4605.0233567234245
0.08080000000000001	-4042.4594119779067
0.0816	-3354.881259703834
0.0824	-2479.7817970078904
0.08320000000000001	-1042.1184033061145
0.084	333.03787553915754
0.0848	1833.2083495742409
0.08560000000000001	3083.3504017576342
0.0864	3645.914322427183
0.0872	4083.4640372989234
0.08800000000000001	4458.506649208139
0.0888	4270.985343350156
0.0896	3645.914322427183
0.09040000000000001	2895.829094480141
0.0912	1833.2083495742409
0.092	333.03787553915754
0.09280000000000001	-979.611299493874
0.0936	-2292.2604841308203
0.0944	-3604.909678405558
0.0952	-4167.473621767596
0.096	-4542.516251663852
0.09680000000000001	-4354.994936616742
0.0976	-4167.473621767596
0.0984	-3354.881259703834
0.09920000000000001	-2229.7533798823133
0.1	-854.5970919345855
0.1008	583.066288745089
0.10160000000000001	2020.7296579522663
0.1024	3083.3504017576342
0.1032	3645.914322427183
0.10400000000000001	4270.985343350156
0.1048	4458.506649208139
0.1056	4145.97113933746
0.10640000000000001	3458.393015731068
0.1072	2645.800684475107
0.108	1458.1657322346582
0.10880000000000001	145.51656540686963
0.1096	-917.1041957032867
0.11040000000000001	-2479.7817970078904
0.11120000000000001	-3542.402573697269
0.112	-4104.96651686175
0.11280000000000001	-4542.516251663852
0.1136	-4480.009146626166
0.1144	-3917.4452022760524
0.11520000000000001	-3417.3883643463487
0.116	-1979.7249631063314
0.1168	-542.0615734173916
0.11760000000000001	708.0804952178732
0.1184	2083.236760701693
0.1192	3270.871708841296
0.12000000000000001	3833.4356289297575
0.1208	4395.999547276995
0.1216	4458.506649208139
0.12240000000000001	3958.449833157356
0.1232	3520.9001179846236
0.124	2708.3077870086418
0.12480000000000001	1333.1515262816101
0.12560000000000002	-42.00474492076319
0.1264	-1417.1610266374773
0.1272	-2854.824423352198
0.128	-3792.4309926619753
0.1288	-4167.473621767596
0.1296	-4542.516251663852
0.13040000000000002	-4354.994936616742
0.1312	-3979.9523071160074
0.132	-2979.8386323087616
0.1328	-1729.696546679712
0.1336	-542.0615734173916
0.13440000000000002	958.10890790337
0.13520000000000001	2270.758068820345
0.136	3145.857504140353
0.1368	3895.942731054267
0.1376	4395.999547276995
0.1384	4458.506649208139
0.13920000000000002	4020.9569352387916
0.14	3208.364606501651
0.1408	2270.758068820345
0.1416	1145.6302171899588
0.1424	-292.03315899526933
0.1432	-1729.696546679712
0.14400000000000002	-2917.331527819566
0.1448	-3792.4309926619753
0.1456	-4167.473621767596
0.1464	-4542.516251663852
0.1472	-4292.487831645121
0.14800000000000002	-3792.4309926619753
0.14880000000000002	-2729.8102144832956
0.1496	-1667.1894426275976
0.1504	83.00946198601741
0.1512	1270.6444232727517
0.152	2520.7864793432527
0.15280000000000002	3458.393015731068
0.15360000000000001	4083.4640372989234
0.1544	4646.02795487293
0.1552	4333.492445324257
0.156	3895.942731054267
0.1568	3083.3504017576342
0.15760000000000002	2083.236760701693
0.1584	770.5875984217273
0.1592	-667.0757807589835
0.16	-1979.7249631063314
0.1608	-3042.3457368198433
0.16160000000000002	-3792.4309926619753
0.16240000000000002	-4542.516251663852
0.1632	-4667.530461805058
0.164	-4292.487831645121
0.1648	-3729.9238878879696
0.1656	-2604.796005701821
0.16640000000000002	-1167.132610996021
0.16720000000000002	-104.51184840674978
0.168	1520.672835178615
0.1688	2645.800684475107
0.1696	3583.4072202166426
0.1704	4208.478241354518
0.17120000000000002	4395.999547276995
0.17200000000000001	4521.01375111792
0.1728	3708.421424616303
0.1736	3083.3504017576342
0.1744	1958.2225551812444
0.1752	395.5449788731639
0.17600000000000002	-729.5828844624339
0.1768	-1979.7249631063314
0.1776	-3229.8670504845795
0.1784	-3979.9523071160074
0.1792	-4480.009146626166
0.18000000000000002	-4417.502041610482
0.18080000000000002	-4167.473621767596
0.1816	-3542.402573697269
0.1824	-2292.2604841308203
0.1832	-979.611299493874
0.184	208.02366880595218
0.18480000000000002	1645.6870410017436
0.18560000000000001	2895.829094480141
0.1864	3895.942731054267
0.1872	3895.942731054267
0.188	4395.999547276995
0.1888	4208.478241354518
0.18960000000000002	3645.914322427183
0.1904	3083.3504017576342
0.1912	1520.672835178615
0.192	395.5449788731639
0.1928	-979.611299493874
0.19360000000000002	-2417.274692693667
0.19440000000000002	-3417.3883643463487
0.1952	-3917.4452022760524
0.196	-4417.502041610482
0.1968	-4855.051777181914
0.1976	-4104.96651686175
0.19840000000000002	-3292.3741550832638
0.19920000000000002	-2229.7533798823133
