0	0
0.0008	0.4704870283603668
0.0016	1.0294405221939087
0.0024000000000000002	1.625402808189392
0.0032	2.2045419216156006
0.004	2.714125156402588
0.0048000000000000004	3.1088318824768066
0.0056	3.3549160957336426
0.0064	3.4310169219970703
0.007200000000000001	3.3298604488372803
0.008	3.0610084533691406
0.0088	2.647346019744873
0.009600000000000001	2.1244444847106934
0.010400000000000001	1.539674162864685
0.0112	0.9461048245429993
0.012	0.3974933922290802
0.0128	-0.055702611804008484
0.013600000000000001	-0.3723248541355133
0.014400000000000001	-0.5240511894226074
0.0152	-0.49652042984962463
0.016	-0.29229477047920227
0.016800000000000002	0.07027778774499893
0.0176	0.5590255260467529
0.0184	1.1284029483795166
0.019200000000000002	1.7256027460098267
0.02	2.296642541885376
0.020800000000000003	2.789952278137207
0.0216	3.1619739532470703
0.0224	3.380923271179199
0.023200000000000002	3.4273269176483154
0.024	3.2969110012054443
0.024800000000000003	3.0018491744995117
0.0256	2.5668888092041016
0.0264	2.029726266860962
0.027200000000000002	1.4396439790725708
0.028	0.850124180316925
0.028800000000000003	0.31431150436401367
0.0296	-0.11871153861284256
0.0304	-0.40959885716438293
0.031200000000000002	-0.5319656133651733
0.032	-0.47422540187835693
0.0328	-0.2417900264263153
0.033600000000000005	0.1446176916360855
0.0344	0.6502887606620789
0.0352	1.2278029918670654
0.036000000000000004	1.824215292930603
0.0368	2.3857433795928955
0.0376	2.8616549968719482
0.038400000000000004	3.210216522216797
0.0392	3.401455879211426
0.04	3.418212652206421
0.0408	3.2589495182037354
0.041600000000000005	2.9382152557373047
0.0424	2.4830570220947266
0.0432	1.9333581924438477
0.044000000000000004	1.3396012783050537
0.0448	0.7554684281349182
0.0456	0.23372933268547058
0.046400000000000004	-0.1778833568096161
0.0472	-0.442023366689682
0.048	-0.5345181226730347
0.0488	-0.4466683864593506
0.049600000000000005	-0.18661075830459595
0.0504	0.2226572185754776
0.0512	0.7437268495559692
0.052000000000000005	1.32782781124115
0.0528	1.9220154285430908
0.0536	2.4726321697235107
0.054400000000000004	2.9299705028533936
0.055200000000000006	3.2539594173431396
0.056	3.4168765544891357
0.0568	3.4039487838745117
0.057600000000000005	3.216226100921631
0.0584	2.8704442977905273
0.0592	2.3962879180908203
0.060000000000000005	1.8357151746749878
0.0608	1.23974609375
0.0616	0.6622500419616699
0.062400000000000004	0.1556469202041626
0.0632	-0.23351801931858063
0.064	-0.47019830346107483
0.0648	-0.5326960682868958
0.0656	-0.41507428884506226
0.0664	-0.12809431552886963
0.06720000000000001	0.30280905961990356
0.068	0.8378648161888123
0.0688	1.4272903203964233
0.06960000000000001	2.017915725708008
0.0704	2.556471109390259
0.0712	2.9940989017486572
0.07200000000000001	3.2926526069641113
0.0728	3.4268603324890137
0.0736	3.3842356204986572
0.07440000000000001	3.168590784072876
0.0752	2.798898696899414
0.076	2.307081699371338
0.07680000000000001	1.7370848655700684
0.0776	1.140340805053711
0.0784	0.5707814693450928
0.0792	0.08082668483257294
0.08	-0.28485313057899475
0.08080000000000001	-0.493673712015152
0.0816	-0.526199460029602
0.0824	-0.3791806399822235
0.08320000000000001	-0.06617820262908936
0.084	0.385135680437088
0.0848	0.9330776929855347
0.08560000000000001	1.5267152786254883
0.0864	2.1126160621643066
0.0872	2.6374728679656982
0.08800000000000001	3.0539400577545166
0.0888	3.3264214992523193
0.0896	3.4316070079803467
0.09040000000000001	3.3594603538513184
0.0912	3.1168806552886963
0.092	2.724591016769409
0.09280000000000001	2.216550588607788
0.0936	1.638704538345337
0.0944	1.042672872543335
0.0952	0.4827750623226166
0.096	0.010743467137217522
0.09680000000000001	-0.3308012783527374
0.0976	-0.5111622214317322
0.0984	-0.5134409666061401
0.09920000000000001	-0.3374750316143036
0.1	0.000812413461972028
0.1008	0.4714869260787964
0.10160000000000001	1.0308278799057007
0.1024	1.627152681350708
0.1032	2.2063167095184326
0.10400000000000001	2.7157623767852783
0.1048	3.1102192401885986
0.1056	3.3559157848358154
0.10640000000000001	3.431654214859009
0.1072	3.33016037940979
0.108	3.0609710216522217
0.10880000000000001	2.6468334197998047
0.1096	2.123582124710083
0.11040000000000001	1.5387368202209473
0.11120000000000001	0.9451923966407776
0.112	0.39680594205856323
0.11280000000000001	-0.05612757056951523
0.1136	-0.3725123405456543
0.1144	-0.5239261984825134
0.11520000000000001	-0.49604547023773193
0.116	-0.2915198504924774
0.1168	0.07130268216133118
0.11760000000000001	0.5601879358291626
0.1184	1.1296902894973755
0.1192	1.7270276546478271
0.12000000000000001	2.2980048656463623
0.1208	2.791102170944214
0.1216	3.1628239154815674
0.12240000000000001	3.381410598754883
0.1232	3.4275145530700684
0.124	3.296748638153076
0.12480000000000001	3.0013866424560547
0.12560000000000002	2.566251277923584
0.1264	2.028838872909546
0.1272	1.4385690689086914
0.128	0.8489993214607239
0.1288	0.313211590051651
0.1296	-0.11957395821809769
0.13040000000000002	-0.4101238250732422
0.1312	-0.5321406126022339
0.132	-0.4740254282951355
0.1328	-0.24126508831977844
0.1336	0.145405113697052
0.13440000000000002	0.6513511538505554
0.13520000000000001	1.2290652990341187
0.136	1.825490117073059
0.1368	2.3869309425354004
0.1376	2.862604856491089
0.1384	3.2108664512634277
0.13920000000000002	3.4017932415008545
0.14	3.418175220489502
0.1408	3.2585620880126953
0.1416	2.937565326690674
0.1424	2.482144594192505
0.1432	1.932195782661438
0.14400000000000002	1.3382889032363892
0.1448	0.7541185617446899
0.1456	0.23247945308685303
0.1464	-0.17894574999809265
0.1472	-0.4428732991218567
0.14800000000000002	-0.535118043422699
0.14880000000000002	-0.44698086380958557
0.1496	-0.18663576245307922
0.1504	0.22296969592571259
0.1512	0.7443392872810364
0.152	1.328565239906311
0.15280000000000002	1.9227278232574463
0.15360000000000001	2.473257064819336
0.1544	2.930532932281494
0.1552	3.2544093132019043
0.156	3.4170141220092773
0.1568	3.4036989212036133
0.15760000000000002	3.2156763076782227
0.1584	2.869581937789917
0.1592	2.3951380252838135
0.16	1.8343778848648071
0.1608	1.2382712364196777
0.16160000000000002	0.6607751846313477
0.16240000000000002	0.15427206456661224
0.1632	-0.2347428947687149
0.164	-0.4711982011795044
0.1648	-0.5334835052490234
0.1656	-0.4156242311000824
0.16640000000000002	-0.12828178703784943
0.16720000000000002	0.30299654603004456
0.168	0.8383772373199463
0.1688	1.428090214729309
0.1696	2.018803119659424
0.1704	2.557321071624756
0.17120000000000002	2.994898796081543
0.17200000000000001	3.2933151721954346
0.1728	3.427222728729248
0.1736	3.384185552597046
0.1744	3.1681907176971436
0.1752	2.798123836517334
0.17600000000000002	2.3059442043304443
0.1768	1.7358349561691284
0.1776	1.1391409635543823
0.1784	0.5695816278457642
0.1792	0.07957681268453598
0.18000000000000002	-0.28599050641059875
0.18080000000000002	-0.4945236146450043
0.1816	-0.5267243981361389
0.1824	-0.37935560941696167
0.1832	-0.06592822074890137
0.184	0.38581061363220215
0.18480000000000002	0.9335151314735413
0.18560000000000001	1.526840329170227
0.1864	2.1128036975860596
0.1872	2.63761043548584
0.188	3.053990125656128
0.1888	3.32629656791687
0.18960000000000002	3.4312195777893066
0.1904	3.358760356903076
0.1912	3.1158056259155273
0.192	2.7231411933898926
0.1928	2.2147257328033447
0.19360000000000002	1.6365797519683838
0.19440000000000002	1.0404480695724487
0.1952	0.48050031065940857
0.196	0.008493697270751
0.1968	-0.3328510522842407
0.1976	-0.5129244923591614
0.19840000000000002	-0.5148658156394958
0.19920000000000002	-0.3384499251842499
