0	0
0.0008	0.5716636776924133
0.0016	1.1878606081008911
0.0024000000000000002	1.7929210662841797
0.0032	2.332462787628174
0.004	2.7578532695770264
0.0048000000000000004	3.0329208374023438
0.0056	3.133755922317505
0.0064	3.050621509552002
0.007200000000000001	2.791592597961426
0.008	2.3790664672851562
0.0088	1.8479772806167603
0.009600000000000001	1.2466825246810913
0.010400000000000001	0.6299894452095032
0.0112	0.05330484360456467
0.012	-0.43027663230895996
0.0128	-0.7770968675613403
0.013600000000000001	-0.955921471118927
0.014400000000000001	-0.9496646523475647
0.0152	-0.7590011358261108
0.016	-0.4012041687965393
0.016800000000000002	0.09206712245941162
0.0176	0.6746922731399536
0.0184	1.2922515869140625
0.019200000000000002	1.8897377252578735
0.02	2.413318634033203
0.020800000000000003	2.815873622894287
0.0216	3.0631566047668457
0.0224	3.133432149887085
0.023200000000000002	3.0198757648468018
0.024	2.733337163925171
0.024800000000000003	2.2981631755828857
0.0256	1.751900553703308
0.0264	1.1437815427780151
0.027200000000000002	0.5281009078025818
0.028	-0.038972195237874985
0.028800000000000003	-0.504755437374115
0.0296	-0.8268032073974609
0.0304	-0.9759557843208313
0.031200000000000002	-0.938114583492279
0.032	-0.7170791029930115
0.0328	-0.33275970816612244
0.033600000000000005	0.18075959384441376
0.0344	0.7753961086273193
0.0352	1.3961050510406494
0.036000000000000004	1.987441897392273
0.0368	2.4959492683410645
0.0376	2.8760690689086914
0.038400000000000004	3.0957419872283936
0.0392	3.1354706287384033
0.04	2.991342544555664
0.0408	2.676819086074829
0.041600000000000005	2.218209981918335
0.0424	1.655611515045166
0.0432	1.0406432151794434
0.044000000000000004	0.42863714694976807
0.0448	-0.12493731081485748
0.0456	-0.5690852403640747
0.046400000000000004	-0.8637857437133789
0.0472	-0.9823163747787476
0.048	-0.9130658507347107
0.0488	-0.6629082560539246
0.049600000000000005	-0.25460368394851685
0.0504	0.2757140100002289
0.0512	0.8785747289657593
0.052000000000000005	1.4984337091445923
0.0528	2.0798466205596924
0.0536	2.569643259048462
0.054400000000000004	2.9246654510498047
0.055200000000000006	3.1153414249420166
0.056	3.1241354942321777
0.0568	2.9500977993011475
0.057600000000000005	2.6093521118164062
0.0584	2.1303200721740723
0.0592	1.5550727844238281
0.060000000000000005	0.9365299344062805
0.0608	0.33027327060699463
0.0616	-0.2083526849746704
0.062400000000000004	-0.6299778819084167
0.0632	-0.8970061540603638
0.064	-0.9846649169921875
0.0648	-0.8842174410820007
0.0656	-0.6060251593589783
0.0664	-0.1760226935148239
0.06720000000000001	0.36881858110427856
0.068	0.9784786105155945
0.0688	1.5959504842758179
0.06960000000000001	2.1655142307281494
0.0704	2.635350465774536
0.0712	2.964675188064575
0.07200000000000001	3.1258041858673096
0.0728	3.1036012172698975
0.0736	2.9002416133880615
0.07440000000000001	2.5341732501983643
0.0752	2.0359933376312256
0.076	1.4497096538543701
0.07680000000000001	0.8290794491767883
0.0776	0.230397030711174
0.0784	-0.29161807894706726
0.0792	-0.6896456480026245
0.08	-0.9281517863273621
0.08080000000000001	-0.9846386909484863
0.0816	-0.8534567952156067
0.0824	-0.5470422506332397
0.08320000000000001	-0.09309212863445282
0.084	0.4673226475715637
0.0848	1.0823571681976318
0.08560000000000001	1.695479393005371
0.0864	2.25163197517395
0.0872	2.700657606124878
0.08800000000000001	3.003622531890869
0.0888	3.134891986846924
0.0896	3.0819671154022217
0.09040000000000001	2.8499979972839355
0.0912	2.4594571590423584
0.092	1.943191409111023
0.09280000000000001	1.347383737564087
0.0936	0.7266910076141357
0.0944	0.13723264634609222
0.0952	-0.3671092391014099
0.096	-0.7406392693519592
0.09680000000000001	-0.9499733448028564
0.0976	-0.9751383662223816
0.0984	-0.8136720061302185
0.09920000000000001	-0.48041006922721863
0.1	-0.004774581640958786
0.1008	0.5692014098167419
0.10160000000000001	1.1879980564117432
0.1024	1.795395851135254
0.1032	2.3368375301361084
0.10400000000000001	2.763852596282959
0.1048	3.03967022895813
0.1056	3.140592575073242
0.10640000000000001	3.0569958686828613
0.1072	2.7969419956207275
0.108	2.382715940475464
0.10880000000000001	1.8495395183563232
0.1096	1.2460200786590576
0.11040000000000001	0.6270022392272949
0.11120000000000001	0.04818034544587135
0.112	-0.43716344237327576
0.11280000000000001	-0.7852085828781128
0.1136	-0.9645706415176392
0.1144	-0.9580013155937195
0.11520000000000001	-0.766387939453125
0.116	-0.4070535898208618
0.1168	0.08845498412847519
0.11760000000000001	0.6736548542976379
0.1184	1.294063925743103
0.1192	1.894049882888794
0.12000000000000001	2.4194679260253906
0.1208	2.8234105110168457
0.1216	3.0713307857513428
0.12240000000000001	3.141568660736084
0.1232	3.027437686920166
0.124	2.739698886871338
0.12480000000000001	2.3024377822875977
0.12560000000000002	1.7536253929138184
0.1264	1.14371919631958
0.1272	0.5275009870529175
0.128	-0.03940960392355919
0.1288	-0.5048553943634033
0.1296	-0.8265906572341919
0.13040000000000002	-0.9754682779312134
0.1312	-0.9373021125793457
0.132	-0.716029167175293
0.1328	-0.33149728178977966
0.1336	0.18222200870513916
0.13440000000000002	0.7769460082054138
0.13520000000000001	1.3976799249649048
0.136	1.9888917207717896
0.1368	2.497161626815796
0.1376	2.8770313262939453
0.1384	3.096367120742798
0.13920000000000002	3.1357581615448
0.14	2.991342544555664
0.1408	2.6764566898345947
0.1416	2.217510223388672
0.1424	1.6547491550445557
0.1432	1.0397558212280273
0.14400000000000002	0.4278997480869293
0.1448	-0.12554970383644104
0.1456	-0.5696226358413696
0.1464	-0.864060640335083
0.1472	-0.9822538495063782
0.14800000000000002	-0.9126783013343811
0.14880000000000002	-0.6622082591056824
0.1496	-0.25359123945236206
0.1504	0.27691394090652466
0.1512	0.8797746300697327
0.152	1.4994711875915527
0.15280000000000002	2.080683946609497
0.15360000000000001	2.570343017578125
0.1544	2.925177812576294
0.1552	3.1156039237976074
0.156	3.124110460281372
0.1568	2.9497480392456055
0.15760000000000002	2.6087145805358887
0.1584	2.1295201778411865
0.1592	1.5541855096817017
0.16	0.9356800317764282
0.1608	0.3295358717441559
0.16160000000000002	-0.20867760479450226
0.16240000000000002	-0.629727840423584
0.1632	-0.8963436484336853
0.164	-0.9836399555206299
0.1648	-0.8828425407409668
0.1656	-0.6038628220558167
0.16640000000000002	-0.17183555662631989
0.16720000000000002	0.3745180666446686
0.168	0.9842531085014343
0.1688	1.6017624139785767
0.1696	2.1713013648986816
0.1704	2.640937328338623
0.17120000000000002	2.969987154006958
0.17200000000000001	3.130828619003296
0.1728	3.108275890350342
0.1736	2.9044911861419678
0.1744	2.538048028945923
0.1752	2.0396056175231934
0.17600000000000002	1.4532219171524048
0.1768	0.8325791358947754
0.1776	0.23394674062728882
0.1784	-0.2875559329986572
0.1792	-0.6853960156440735
0.18000000000000002	-0.924027144908905
0.18080000000000002	-0.9802765250205994
0.1816	-0.8488196730613708
0.1824	-0.5421176552772522
0.1832	-0.08755511790513992
0.184	0.47334712743759155
0.18480000000000002	1.0886690616607666
0.18560000000000001	1.7020788192749023
0.1864	2.258168935775757
0.1872	2.7069945335388184
0.188	3.009634494781494
0.1888	3.140566349029541
0.18960000000000002	3.0872416496276855
0.1904	2.854835033416748
0.1912	2.4640066623687744
0.192	1.9475910663604736
0.1928	1.3516333103179932
0.19360000000000002	0.7308281064033508
0.19440000000000002	0.1414322853088379
0.1952	-0.36280959844589233
0.196	-0.7361896634101868
0.1968	-0.9452612400054932
0.1976	-0.9700512886047363
0.19840000000000002	-0.8081974387168884
0.19920000000000002	-0.47459807991981506
