0	-305.7847217541421
0.0008	1319.3999635227374
0.0016	2257.0065060614725
0.0024000000000000002	3257.120146082423
0.0032	4069.7124745400506
0.004	4319.740882565384
0.0048000000000000004	4319.740882565384
0.0056	4007.205372479919
0.0064	3257.120146082423
0.007200000000000001	2194.499403376889
0.008	881.8502420056029
0.0088	-555.8131361762644
0.009600000000000001	-1555.9267973477254
0.010400000000000001	-2931.0830905784387
0.0112	-3806.182555420848
0.012	-4556.267814422725
0.0128	-4493.760709385038
0.013600000000000001	-4243.732289454259
0.014400000000000001	-3993.70386987488
0.0152	-2806.0688816657057
0.016	-1430.91258939635
0.016800000000000002	131.76500264799688
0.0176	1194.3857574833091
0.0184	2569.5420191610465
0.019200000000000002	3569.65565745777
0.02	4069.7124745400506
0.020800000000000003	4569.769290247292
0.0216	4194.726678595645
0.0224	4007.205372479919
0.023200000000000002	3069.5988389987615
0.024	2069.4851979428204
0.024800000000000003	881.8502420056029
0.0256	-555.8131361762644
0.0264	-1805.9552135125268
0.027200000000000002	-3306.1257178421365
0.028	-3993.70386987488
0.028800000000000003	-4493.760709385038
0.0296	-4368.746499375615
0.0304	-4431.253604369354
0.031200000000000002	-3743.6754506468424
0.032	-2556.0404641027562
0.0328	-1180.8841737548937
0.033600000000000005	69.25789922714466
0.0344	1444.4141694757855
0.0352	2694.556224249769
0.036000000000000004	3507.148555225751
0.0368	4069.7124745400506
0.0376	4444.755086449266
0.038400000000000004	4194.726678595645
0.0392	4007.205372479919
0.04	2882.0775317212683
0.0408	2006.9780951933935
0.041600000000000005	506.807622717286
0.0424	-868.3486546934582
0.0432	-2118.490734209423
0.044000000000000004	-3118.604404111684
0.0448	-3993.70386987488
0.0456	-4368.746499375615
0.046400000000000004	-4618.774919482297
0.0472	-4306.239394403994
0.048	-3431.1399271052214
0.0488	-2493.533359766763
0.049600000000000005	-930.8557584621594
0.0504	444.3005194267025
0.0512	1694.4425811219844
0.052000000000000005	2944.5846341686556
0.0528	3569.65565745777
0.0536	4257.233780591283
0.054400000000000004	4694.78349395952
0.055200000000000006	4194.726678595645
0.056	3757.176964024955
0.0568	3007.091736594448
0.057600000000000005	1756.9496839794447
0.0584	319.2863127802848
0.0592	-993.3628622527467
0.060000000000000005	-2306.012046889693
0.0608	-3431.1399271052214
0.0616	-4118.718079620623
0.062400000000000004	-4431.253604369354
0.0632	-4556.267814422725
0.064	-4181.225184526469
0.0648	-3243.6186132434523
0.0656	-2055.9836300263996
0.0664	-868.3486546934582
0.06720000000000001	444.3005194267025
0.068	1819.456786815368
0.0688	3319.6272484005895
0.06960000000000001	4007.205372479919
0.0704	4194.726678595645
0.0712	4507.262188359047
0.07200000000000001	4194.726678595645
0.0728	3632.16275966831
0.0736	2694.556224249769
0.07440000000000001	1506.9212724197423
0.0752	69.25789922714466
0.076	-1180.8841737548937
0.07680000000000001	-2618.5475684606936
0.0776	-3493.6470317697385
0.0784	-3993.70386987488
0.0792	-4306.239394403994
0.08	-4243.732289454259
0.08080000000000001	-3993.70386987488
0.0816	-3181.1115086665377
0.0824	-1805.9552135125268
0.08320000000000001	-368.2918253269745
0.084	694.3289324590005
0.0848	2194.499403376889
0.08560000000000001	3194.6130437427782
0.0864	3944.698270398483
0.0872	4194.726678595645
0.08800000000000001	4444.755086449266
0.0888	4069.7124745400506
0.0896	3382.1343506971025
0.09040000000000001	2444.527813986002
0.0912	1069.3715513572097
0.092	-243.2776182028465
0.09280000000000001	-1493.419693361153
0.0936	-2868.575986111071
0.0944	-3556.1541364561417
0.0952	-4243.732289454259
0.096	-4618.774919482297
0.09680000000000001	-4306.239394403994
0.0976	-3868.689660217031
0.0984	-2993.5901950676343
0.09920000000000001	-1868.4623176081805
0.1	-430.7989289216348
0.1008	1006.8644482617383
0.10160000000000001	2444.527813986002
0.1024	3319.6272484005895
0.1032	4069.7124745400506
0.10400000000000001	4382.247984518122
0.1048	4444.755086449266
0.1056	4132.219576578587
0.10640000000000001	3257.120146082423
0.1072	2257.0065060614725
0.108	1194.3857574833091
0.10880000000000001	-368.2918253269745
0.1096	-1743.4481094385847
0.11040000000000001	-2931.0830905784387
0.11120000000000001	-3681.1683458946063
0.112	-4306.239394403994
0.11280000000000001	-4743.789129667508
0.1136	-4368.746499375615
0.1144	-3431.1399271052214
0.11520000000000001	-2806.0688816657057
0.116	-1430.91258939635
0.1168	-55.75630767963594
0.11760000000000001	1194.3857574833091
0.1184	2507.03491658438
0.1192	3194.6130437427782
0.12000000000000001	4007.205372479919
0.1208	4382.247984518122
0.1216	4444.755086449266
0.12240000000000001	3882.191168295394
0.1232	3132.10594138148
0.124	1944.4709924223716
0.12480000000000001	694.3289324590005
0.12560000000000002	-618.3202398361755
0.1264	-1930.9694217257202
0.1272	-3243.6186132434523
0.128	-3993.70386987488
0.1288	-4431.253604369354
0.1296	-4618.774919482297
0.13040000000000002	-4243.732289454259
0.1312	-3618.661241164431
0.132	-2431.0262554525398
0.1328	-1368.4054854532587
0.1336	194.27210604707943
0.13440000000000002	1444.4141694757855
0.13520000000000001	2819.570429252344
0.136	3569.65565745777
0.1368	4132.219576578587
0.1376	4194.726678595645
0.1384	4444.755086449266
0.13920000000000002	3944.698270398483
0.14	2944.5846341686556
0.1408	1944.4709924223716
0.1416	756.8360356628546
0.1424	-930.8557584621594
0.1432	-2180.997838414449
0.14400000000000002	-3306.1257178421365
0.1448	-4118.718079620623
0.1456	-4556.267814422725
0.1464	-4493.760709385038
0.1472	-4243.732289454259
0.14800000000000002	-3493.6470317697385
0.14880000000000002	-2431.0262554525398
0.1496	-993.3628622527467
0.1504	444.3005194267025
0.1512	1756.9496839794447
0.152	3007.091736594448
0.15280000000000002	3757.176964024955
0.15360000000000001	4194.726678595645
0.1544	4132.219576578587
0.1552	4319.740882565384
0.156	3819.6840661708848
0.1568	2944.5846341686556
0.15760000000000002	1506.9212724197423
0.1584	319.2863127802848
0.1592	-680.8273435178562
0.16	-2306.012046889693
0.1608	-3493.6470317697385
0.16160000000000002	-4118.718079620623
0.16240000000000002	-4806.296234793146
0.1632	-4681.2820245639305
0.164	-3868.689660217031
0.1648	-3243.6186132434523
0.1656	-2180.997838414449
0.16640000000000002	-743.3344472213066
0.16720000000000002	631.8218292333768
0.168	1944.4709924223716
0.1688	3069.5988389987615
0.1696	3757.176964024955
0.1704	4257.233780591283
0.17120000000000002	4694.78349395952
0.17200000000000001	4069.7124745400506
0.1728	3507.148555225751
0.1736	2694.556224249769
0.1744	1694.4425811219844
0.1752	6.750795784639195
0.17600000000000002	-1243.3912776326179
0.1768	-2493.533359766763
0.1776	-3806.182555420848
0.1784	-4181.225184526469
0.1792	-4368.746499375615
0.18000000000000002	-4556.267814422725
0.18080000000000002	-3931.196765034925
0.1816	-3243.6186132434523
0.1824	-1805.9552135125268
0.1832	-493.30603253812296
0.184	756.8360356628546
0.18480000000000002	2131.9923006707104
0.18560000000000001	3257.120146082423
0.1864	3819.6840661708848
0.1872	4319.740882565384
0.188	4382.247984518122
0.1888	4257.233780591283
0.18960000000000002	3569.65565745777
0.1904	2444.527813986002
0.1912	1256.892860513879
0.192	6.750795784639195
0.1928	-1430.91258939635
0.19360000000000002	-2681.054672840459
0.19440000000000002	-3743.6754506468424
0.1952	-4181.225184526469
0.196	-4556.267814422725
0.1968	-4368.746499375615
0.1976	-3431.1399271052214
0.19840000000000002	-2931.0830905784387
0.19920000000000002	-1805.9552135125268
