0	0
0.0008	0.5623043179512024
0.0016	1.1796658039093018
0.0024000000000000002	1.7954024076461792
0.0032	2.3535196781158447
0.004	2.803459882736206
0.0048000000000000004	3.1068644523620605
0.0056	3.2376484870910645
0.0064	3.1833012104034424
0.007200000000000001	2.9491968154907227
0.008	2.5561583042144775
0.0088	2.0374326705932617
0.009600000000000001	1.43935227394104
0.010400000000000001	0.8160120844841003
0.0112	0.22408118844032288
0.012	-0.2818458378314972
0.0128	-0.6561236381530762
0.013600000000000001	-0.8652179837226868
0.014400000000000001	-0.8893558979034424
0.0152	-0.7261999845504761
0.016	-0.3907361328601837
0.016800000000000002	0.0874263197183609
0.0176	0.6640042662620544
0.0184	1.2854403257369995
0.019200000000000002	1.8954275846481323
0.02	2.4385461807250977
0.020800000000000003	2.8664259910583496
0.0216	3.1426331996917725
0.0224	3.2430953979492188
0.023200000000000002	3.1580636501312256
0.024	2.895749568939209
0.024800000000000003	2.479051113128662
0.0256	1.9434894323349
0.0264	1.33714759349823
0.027200000000000002	0.7151821851730347
0.028	0.1340501755475998
0.028800000000000003	-0.3528662621974945
0.0296	-0.7016215920448303
0.0304	-0.8809689879417419
0.031200000000000002	-0.8736225366592407
0.032	-0.6802446246147156
0.0328	-0.31864580512046814
0.033600000000000005	0.17911472916603088
0.0344	0.767016589641571
0.0352	1.390352487564087
0.036000000000000004	1.9926154613494873
0.0368	2.5194356441497803
0.0376	2.924180269241333
0.038400000000000004	3.172490358352661
0.0392	3.2422304153442383
0.04	3.1265642642974854
0.0408	2.836590528488159
0.041600000000000005	2.3972318172454834
0.0424	1.846184253692627
0.0432	1.233480453491211
0.044000000000000004	0.6146396994590759
0.0448	0.04564400389790535
0.0456	-0.42111197113990784
0.046400000000000004	-0.7435449361801147
0.0472	-0.8923828601837158
0.048	-0.8533396124839783
0.0488	-0.630277156829834
0.049600000000000005	-0.2433183193206787
0.0504	0.27316540479660034
0.0512	0.8706912994384766
0.052000000000000005	1.4941147565841675
0.0528	2.0873911380767822
0.0536	2.5966880321502686
0.054400000000000004	2.9773473739624023
0.055200000000000006	3.1969351768493652
0.056	3.2355661392211914
0.0568	3.0895278453826904
0.057600000000000005	2.7724692821502686
0.0584	2.3110878467559814
0.0592	1.745666742324829
0.060000000000000005	1.127925992012024
0.0608	0.5135722756385803
0.0616	-0.041774775832891464
0.062400000000000004	-0.48720788955688477
0.0632	-0.7822686433792114
0.064	-0.9000846743583679
0.0648	-0.8295695781707764
0.0656	-0.5773724317550659
0.0664	-0.1656535416841507
0.06720000000000001	0.36811602115631104
0.068	0.9734911918640137
0.0688	1.5958021879196167
0.06960000000000001	2.1788671016693115
0.0704	2.669715642929077
0.0712	3.0254275798797607
0.07200000000000001	3.2155933380126953
0.0728	3.2231271266937256
0.0736	3.047192096710205
0.07440000000000001	2.7036237716674805
0.0752	2.221606731414795
0.076	1.6436994075775146
0.07680000000000001	1.0224465131759644
0.0776	0.41412973403930664
0.0784	-0.12625634670257568
0.0792	-0.5490292310714722
0.08	-0.8157803416252136
0.08080000000000001	-0.9024369716644287
0.0816	-0.8006249666213989
0.0824	-0.5196932554244995
0.08320000000000001	-0.08446411043405533
0.084	0.46496641635894775
0.0848	1.0769659280776978
0.08560000000000001	1.6966272592544556
0.0864	2.267993211746216
0.0872	2.738931179046631
0.08800000000000001	3.068645715713501
0.0888	3.229114532470703
0.0896	3.2055139541625977
0.09040000000000001	3.000081777572632
0.0912	2.6311533451080322
0.092	2.130100965499878
0.09280000000000001	1.5413446426391602
0.0936	0.9183793663978577
0.0944	0.31752437353134155
0.0952	-0.2063133716583252
0.096	-0.605126142501831
0.09680000000000001	-0.8431301712989807
0.0976	-0.8983524441719055
0.0984	-0.7653935551643372
0.09920000000000001	-0.45657703280448914
0.1	0.0008749146363697946
0.1008	0.564754068851471
0.10160000000000001	1.182165503501892
0.1024	1.7978522777557373
0.1032	2.355881929397583
0.10400000000000001	2.8056347370147705
0.1048	3.108776807785034
0.1056	3.2391858100891113
0.10640000000000001	3.184451103210449
0.1072	2.9499592781066895
0.108	2.5565333366394043
0.10880000000000001	2.0374951362609863
0.1096	1.4392523765563965
0.11040000000000001	0.8158621191978455
0.11120000000000001	0.22390621900558472
0.112	-0.28192082047462463
0.11280000000000001	-0.6559736132621765
0.1136	-0.8647805452346802
0.1144	-0.8885809779167175
0.11520000000000001	-0.7250376343727112
0.116	-0.3892362713813782
0.1168	0.08911366015672684
0.11760000000000001	0.6657165884971619
0.1184	1.287002682685852
0.1192	1.896864891052246
0.12000000000000001	2.4397835731506348
0.1208	2.8673884868621826
0.1216	3.1432957649230957
0.12240000000000001	3.2433578968048096
0.1232	3.157926082611084
0.124	2.895287036895752
0.12480000000000001	2.4783260822296143
0.12560000000000002	1.9425896406173706
0.1264	1.3362725973129272
0.1272	0.7142822742462158
0.128	0.13317526876926422
0.1288	-0.35351619124412537
0.1296	-0.7020215392112732
0.13040000000000002	-0.8810689449310303
0.1312	-0.8733725547790527
0.132	-0.6797571778297424
0.1328	-0.3179333806037903
0.1336	0.180039644241333
0.13440000000000002	0.7680040001869202
0.13520000000000001	1.3914023637771606
0.136	1.9936403036117554
0.1368	2.5202231407165527
0.1376	2.92464280128479
0.1384	3.1725528240203857
0.13920000000000002	3.2418930530548096
0.14	3.1258766651153564
0.1408	2.835615634918213
0.1416	2.396019220352173
0.1424	1.8447468280792236
0.1432	1.2319680452346802
0.14400000000000002	0.6132398247718811
0.1448	0.04443163052201271
0.1456	-0.4220368564128876
0.1464	-0.7440949082374573
0.1472	-0.8926078677177429
0.14800000000000002	-0.8532271385192871
0.14880000000000002	-0.6298397183418274
0.1496	-0.24266837537288666
0.1504	0.2739153504371643
0.1512	0.8715287446975708
0.152	1.4949771165847778
0.15280000000000002	2.0881659984588623
0.15360000000000001	2.5972254276275635
0.1544	2.977522373199463
0.1552	3.196772813796997
0.156	3.235053539276123
0.1568	3.0886404514312744
0.15760000000000002	2.7713069915771484
0.1584	2.3098130226135254
0.1592	1.7443169355392456
0.16	1.1266010999679565
0.1608	0.5123724341392517
0.16160000000000002	-0.04273717477917671
0.16240000000000002	-0.4877828359603882
0.1632	-0.7825061082839966
0.164	-0.8999846577644348
0.1648	-0.8290945887565613
0.1656	-0.5766100287437439
0.16640000000000002	-0.16475363075733185
0.16720000000000002	0.3691409230232239
0.168	0.974591076374054
0.1688	1.5967520475387573
0.1696	2.179629325866699
0.1704	2.670215606689453
0.17120000000000002	3.025627613067627
0.17200000000000001	3.2155559062957764
0.1728	3.222752332687378
0.1736	3.046492099761963
0.1744	2.7027738094329834
0.1752	2.220606803894043
0.17600000000000002	1.6425246000289917
0.1768	1.0212715864181519
0.1776	0.41305482387542725
0.1784	-0.12709376215934753
0.1792	-0.5496166944503784
0.18000000000000002	-0.8161302804946899
0.18080000000000002	-0.9024119973182678
0.1816	-0.8002750277519226
0.1824	-0.5191807746887207
0.1832	-0.08377667516469955
0.184	0.465866357088089
0.18480000000000002	1.077915906906128
0.18560000000000001	1.6974647045135498
0.1864	2.2686805725097656
0.1872	2.739481210708618
0.188	3.0689706802368164
0.1888	3.2291393280029297
0.18960000000000002	3.205214023590088
0.1904	2.9994192123413086
0.1912	2.6301283836364746
0.192	2.1287760734558105
0.1928	1.539869785308838
0.19360000000000002	0.9168795347213745
0.19440000000000002	0.3161745071411133
0.1952	-0.20743824541568756
0.196	-0.6059761047363281
0.1968	-0.8436176180839539
0.1976	-0.8985274434089661
0.19840000000000002	-0.765293538570404
0.19920000000000002	-0.45616456866264343
