0	0
0.0008	0.579006552696228
0.0016	1.2065210342407227
0.0024000000000000002	1.8261362314224243
0.0032	2.3815701007843018
0.004	2.823239803314209
0.0048000000000000004	3.113299608230591
0.0056	3.2264394760131836
0.0064	3.152160406112671
0.007200000000000001	2.897599458694458
0.008	2.484604597091675
0.0088	1.9482718706130981
0.009600000000000001	1.3371968269348145
0.010400000000000001	0.7072736620903015
0.0112	0.11494668573141098
0.012	-0.38555198907852173
0.0128	-0.7480520606040955
0.013600000000000001	-0.9403817653656006
0.014400000000000001	-0.944480299949646
0.0152	-0.759860098361969
0.016	-0.40324440598487854
0.016800000000000002	0.0938950851559639
0.0176	0.6848255395889282
0.0184	1.3137898445129395
0.019200000000000002	1.9256682395935059
0.02	2.4657909870147705
0.020800000000000003	2.8845131397247314
0.0216	3.146388292312622
0.0224	3.228580951690674
0.023200000000000002	3.1231801509857178
0.024	2.8401596546173096
0.024800000000000003	2.403916835784912
0.0256	1.8518859148025513
0.0264	1.233736515045166
0.027200000000000002	0.6060006618499756
0.028	0.025372516363859177
0.028800000000000003	-0.4548656940460205
0.0296	-0.7908434271812439
0.0304	-0.9526761770248413
0.031200000000000002	-0.9248529076576233
0.032	-0.7100107073783875
0.0328	-0.327485054731369
0.033600000000000005	0.18885257840156555
0.0344	0.7904319763183594
0.0352	1.4218209981918335
0.036000000000000004	2.0268502235412598
0.0368	2.550037145614624
0.0376	2.944511651992798
0.038400000000000004	3.1774020195007324
0.0392	3.2282228469848633
0.04	3.0918376445770264
0.0408	2.7811572551727295
0.041600000000000005	2.322854518890381
0.0424	1.756412386894226
0.0432	1.1329885721206665
0.044000000000000004	0.5087522864341736
0.0448	-0.059114646166563034
0.0456	-0.5179800391197205
0.046400000000000004	-0.8268229961395264
0.0472	-0.9577713012695312
0.048	-0.8978637456893921
0.0488	-0.6545618772506714
0.049600000000000005	-0.24811355769634247
0.0504	0.2863723337650299
0.0512	0.8968133926391602
0.052000000000000005	1.527514934539795
0.0528	2.1221325397491455
0.0536	2.6265714168548584
0.054400000000000004	2.996110677719116
0.055200000000000006	3.1996915340423584
0.056	3.219090700149536
0.0568	3.0521833896636963
0.057600000000000005	2.714418411254883
0.0584	2.234642744064331
0.0592	1.6546519994735718
0.060000000000000005	1.026903510093689
0.0608	0.4083167016506195
0.0616	-0.1458016037940979
0.062400000000000004	-0.5834690928459167
0.0632	-0.8642023801803589
0.064	-0.963628888130188
0.0648	-0.8718494772911072
0.0656	-0.5977131724357605
0.0664	-0.1661422997713089
0.06720000000000001	0.38422954082489014
0.068	1.0022823810577393
0.0688	1.6308841705322266
0.06960000000000001	2.2136030197143555
0.0704	2.698218584060669
0.0712	3.041973114013672
0.07200000000000001	3.215756893157959
0.0728	3.2038464546203613
0.0736	3.0070173740386963
0.07440000000000001	2.6430673599243164
0.0752	2.1428937911987305
0.076	1.5506292581558228
0.07680000000000001	0.9206435680389404
0.0776	0.3096434473991394
0.0784	-0.22721406817436218
0.0792	-0.6402715444564819
0.08	-0.8922202587127686
0.08080000000000001	-0.9599499106407166
0.0816	-0.8368986248970032
0.0824	-0.5393521189689636
0.08320000000000001	-0.08955802023410797
0.084	0.4759373664855957
0.0848	1.0998271703720093
0.08560000000000001	1.724741816520691
0.0864	2.294349193572998
0.0872	2.7577919960021973
0.08800000000000001	3.0749616622924805
0.0888	3.2185983657836914
0.0896	3.175366163253784
0.09040000000000001	2.9493649005889893
0.0912	2.5603926181793213
0.092	2.041120767593384
0.09280000000000001	1.4386073350906372
0.0936	0.8081841468811035
0.0944	0.20592069625854492
0.0952	-0.3136010766029358
0.096	-0.702348530292511
0.09680000000000001	-0.9249376058578491
0.0976	-0.9607830047607422
0.0984	-0.8066098093986511
0.09920000000000001	-0.47662898898124695
0.1	0.00016248119936790317
0.1008	0.57938152551651
0.10160000000000001	1.2073708772659302
0.1024	1.8273611068725586
0.1032	2.382707357406616
0.10400000000000001	2.824127435684204
0.1048	3.113887071609497
0.1056	3.226764440536499
0.10640000000000001	3.1522979736328125
0.1072	2.897599458694458
0.108	2.4843671321868896
0.10880000000000001	1.947646975517273
0.1096	1.3364969491958618
0.11040000000000001	0.7065237164497375
0.11120000000000001	0.11430925130844116
0.112	-0.38577696681022644
0.11280000000000001	-0.7483895421028137
0.1136	-0.9408692121505737
0.1144	-0.9447052478790283
0.11520000000000001	-0.7597851157188416
0.116	-0.40299442410469055
0.1168	0.09438253939151764
0.11760000000000001	0.6855879426002502
0.1184	1.316127061843872
0.1192	1.9294178485870361
0.12000000000000001	2.469353199005127
0.1208	2.8877627849578857
0.1216	3.1492629051208496
0.12240000000000001	3.2311432361602783
0.1232	3.125504970550537
0.124	2.842334508895874
0.12480000000000001	2.4058542251586914
0.12560000000000002	1.853535771369934
0.1264	1.2353739738464355
0.1272	0.6074130535125732
0.128	0.026584910228848457
0.1288	-0.4534033238887787
0.1296	-0.7893435955047607
0.13040000000000002	-0.9511762857437134
0.1312	-0.9230905771255493
0.132	-0.7100732326507568
0.1328	-0.328747421503067
0.1336	0.18847762048244476
0.13440000000000002	0.7902195453643799
0.13520000000000001	1.4215586185455322
0.136	2.0263876914978027
0.1368	2.549424648284912
0.1376	2.9437365531921387
0.1384	3.176427125930786
0.13920000000000002	3.2270355224609375
0.14	3.0903878211975098
0.1408	2.7794201374053955
0.1416	2.3207921981811523
0.1424	1.7540125846862793
0.1432	1.130388855934143
0.14400000000000002	0.5061650276184082
0.1448	-0.061739373952150345
0.1456	-0.5204922556877136
0.1464	-0.8290227651596069
0.1472	-0.9596586227416992
0.14800000000000002	-0.8992511034011841
0.14880000000000002	-0.6579365134239197
0.1496	-0.2538754642009735
0.1504	0.2806479036808014
0.1512	0.8912139534950256
0.152	1.5218405723571777
0.15280000000000002	2.116408109664917
0.15360000000000001	2.620771884918213
0.1544	2.9900612831115723
0.1552	3.1932296752929688
0.156	3.2122414112091064
0.1568	3.0449342727661133
0.15760000000000002	2.7067692279815674
0.1584	2.226706027984619
0.1592	1.646602749824524
0.16	1.018929362297058
0.1608	0.4003799855709076
0.16160000000000002	-0.1518634855747223
0.16240000000000002	-0.5874437093734741
0.1632	-0.8677645325660706
0.164	-0.9668285846710205
0.1648	-0.8747491836547852
0.1656	-0.603687584400177
0.16640000000000002	-0.17529138922691345
0.16720000000000002	0.37519294023513794
0.168	0.9933832287788391
0.1688	1.6220725774765015
0.1696	2.204691171646118
0.1704	2.6890320777893066
0.17120000000000002	3.0324490070343018
0.17200000000000001	3.2058827877044678
0.1728	3.1935975551605225
0.1736	2.9963808059692383
0.1744	2.6321310997009277
0.1752	2.131769895553589
0.17600000000000002	1.539517879486084
0.1768	0.909507155418396
0.1776	0.2984945476055145
0.1784	-0.23775053024291992
0.1792	-0.650083065032959
0.18000000000000002	-0.9016318321228027
0.18080000000000002	-0.9689615368843079
0.1816	-0.8454477787017822
0.1824	-0.5430142283439636
0.1832	-0.08844561874866486
0.184	0.47724974155426025
0.18480000000000002	1.1012394428253174
0.18560000000000001	1.7261667251586914
0.1864	2.2955992221832275
0.1872	2.758741855621338
0.188	3.0755116939544678
0.1888	3.218735933303833
0.18960000000000002	3.1751537322998047
0.1904	2.9487900733947754
0.1912	2.559530258178711
0.192	2.040120840072632
0.1928	1.4374574422836304
0.19360000000000002	0.8069217801094055
0.19440000000000002	0.2047458291053772
0.1952	-0.3137510418891907
0.196	-0.701348602771759
0.1968	-0.9235502481460571
0.1976	-0.9589956402778625
0.19840000000000002	-0.8049474954605103
0.19920000000000002	-0.476004034280777
