0	0
0.0008	0.536771297454834
0.0016	1.1342991590499878
0.0024000000000000002	1.7380390167236328
0.0032	2.29447078704834
0.004	2.7537496089935303
0.0048000000000000004	3.07479190826416
0.0056	3.2296383380889893
0.0064	3.204352378845215
0.007200000000000001	3.0009219646453857
0.008	2.6376826763153076
0.0088	2.145493745803833
0.009600000000000001	1.5683258771896362
0.010400000000000001	0.9588362574577332
0.0112	0.371381938457489
0.012	-0.1401425004005432
0.0128	-0.5285293459892273
0.013600000000000001	-0.7592820525169373
0.014400000000000001	-0.811052680015564
0.0152	-0.6785417199134827
0.016	-0.3739602863788605
0.016800000000000002	0.07549447566270828
0.0176	0.6280267238616943
0.0184	1.2324914932250977
0.019200000000000002	1.834706425666809
0.02	2.380089282989502
0.020800000000000003	2.819270133972168
0.0216	3.114190101623535
0.0224	3.239651679992676
0.023200000000000002	3.1839439868927
0.024	2.9522287845611572
0.024800000000000003	2.565129280090332
0.0256	2.0555672645568848
0.0264	1.4692877531051636
0.027200000000000002	0.8599481582641602
0.028	0.28176790475845337
0.028800000000000003	-0.21222081780433655
0.0296	-0.576335072517395
0.0304	-0.7782281637191772
0.031200000000000002	-0.7990643978118896
0.032	-0.636531412601471
0.0328	-0.30562758445739746
0.033600000000000005	0.16416268050670624
0.0344	0.7291562557220459
0.0352	1.3368581533432007
0.036000000000000004	1.9333361387252808
0.0368	2.4643704891204834
0.0376	2.8815784454345703
0.038400000000000004	3.1494760513305664
0.0392	3.245065689086914
0.04	3.1591484546661377
0.0408	2.8997859954833984
0.041600000000000005	2.4896514415740967
0.0424	1.9637409448623657
0.0432	1.3696622848510742
0.044000000000000004	0.7612600326538086
0.0448	0.19310376048088074
0.0456	-0.2822868227958679
0.046400000000000004	-0.6214786171913147
0.0472	-0.7941246628761292
0.048	-0.7839015126228333
0.0488	-0.5918339490890503
0.049600000000000005	-0.2356075644493103
0.0504	0.2533058524131775
0.0512	0.8295482993125916
0.052000000000000005	1.4397000074386597
0.0528	2.029066324234009
0.0536	2.543989658355713
0.054400000000000004	2.9383997917175293
0.055200000000000006	3.1789000034332275
0.056	3.2444050312042236
0.0568	3.1287033557891846
0.057600000000000005	2.8425562381744385
0.0584	2.410423755645752
0.0592	1.869652271270752
0.060000000000000005	1.2691242694854736
0.0608	0.663334310054779
0.0616	0.10751430690288544
0.062400000000000004	-0.3475158214569092
0.0632	-0.6606227159500122
0.064	-0.8035092353820801
0.0648	-0.762464165687561
0.0656	-0.541474461555481
0.0664	-0.16075052320957184
0.06720000000000001	0.34633612632751465
0.068	0.9322276711463928
0.0688	1.5425794124603271
0.06960000000000001	2.1229465007781982
0.0704	2.6204214096069336
0.0712	2.9910714626312256
0.07200000000000001	3.2036495208740234
0.0728	3.2388951778411865
0.0736	3.0935213565826416
0.07440000000000001	2.781026840209961
0.0752	2.327746629714966
0.076	1.773263931274414
0.07680000000000001	1.1680989265441895
0.0776	0.5670084357261658
0.0784	0.02493705227971077
0.0792	-0.4086827337741852
0.08	-0.6949548125267029
0.08080000000000001	-0.8075568675994873
0.0816	-0.7355899214744568
0.0824	-0.4860280454158783
0.08320000000000001	-0.08141890913248062
0.084	0.44010382890701294
0.0848	1.0317323207855225
0.08560000000000001	1.640946626663208
0.0864	2.2109522819519043
0.0872	2.6900041103363037
0.08800000000000001	3.036268949508667
0.0888	3.220287322998047
0.0896	3.2250733375549316
0.09040000000000001	3.0502777099609375
0.0912	2.7118732929229736
0.092	2.2382824420928955
0.09280000000000001	1.6713635921478271
0.0936	1.063136339187622
0.0944	0.46814531087875366
0.0952	-0.05909007415175438
0.096	-0.47037461400032043
0.09680000000000001	-0.7290995121002197
0.0976	-0.8111795783042908
0.0984	-0.708665668964386
0.09920000000000001	-0.4312315285205841
0.1	-0.0034371716901659966
0.1008	0.5352213978767395
0.10160000000000001	1.134774088859558
0.1024	1.74130117893219
0.1032	2.299570322036743
0.10400000000000001	2.7591991424560547
0.1048	3.0801665782928467
0.1056	3.2349753379821777
0.10640000000000001	3.209364414215088
0.1072	3.005671501159668
0.108	2.6421947479248047
0.10880000000000001	2.1496808528900146
0.1096	1.5723005533218384
0.11040000000000001	0.9625109434127808
0.11120000000000001	0.37490662932395935
0.112	-0.1363428682088852
0.11280000000000001	-0.5244922041893005
0.1136	-0.754944920539856
0.1144	-0.8062906265258789
0.11520000000000001	-0.6735171675682068
0.116	-0.36876076459884644
0.1168	0.08101894706487656
0.11760000000000001	0.6338386535644531
0.1184	1.2384034395217896
0.1192	1.8405183553695679
0.12000000000000001	2.3856139183044434
0.1208	2.8244946002960205
0.1216	3.1190896034240723
0.12240000000000001	3.244163751602173
0.1232	3.188131093978882
0.124	2.9561409950256348
0.12480000000000001	2.568679094314575
0.12560000000000002	2.0588419437408447
0.1264	1.4725375175476074
0.1272	0.8628354072570801
0.128	0.2842801809310913
0.1288	-0.2096085548400879
0.1296	-0.5734853744506836
0.13040000000000002	-0.7750409841537476
0.1312	-0.7955147624015808
0.132	-0.6326943039894104
0.1328	-0.3015279769897461
0.1336	0.16848726570606232
0.13440000000000002	0.733555793762207
0.13520000000000001	1.34120774269104
0.136	1.937448263168335
0.1368	2.4681951999664307
0.1376	2.885115623474121
0.1384	3.152625560760498
0.13920000000000002	3.247802734375
0.14	3.161548137664795
0.1408	2.9018983840942383
0.1416	2.4915263652801514
0.1424	1.965490698814392
0.1432	1.371449589729309
0.14400000000000002	0.7630598545074463
0.1448	0.19500358402729034
0.1456	-0.28004953265190125
0.1464	-0.6188538670539856
0.1472	-0.7911124229431152
0.14800000000000002	-0.7806143164634705
0.14880000000000002	-0.5882967710494995
0.1496	-0.23185792565345764
0.1504	0.2571679651737213
0.1512	0.8332979679107666
0.152	1.44306218624115
0.15280000000000002	2.0321409702301025
0.15360000000000001	2.546801805496216
0.1544	2.940824508666992
0.1552	3.1809496879577637
0.156	3.2460925579071045
0.1568	3.130028247833252
0.15760000000000002	2.8435685634613037
0.1584	2.4112112522125244
0.1592	1.8702898025512695
0.16	1.269849181175232
0.1608	0.6641967296600342
0.16160000000000002	0.10846422612667084
0.16240000000000002	-0.3463534414768219
0.1632	-0.6591478586196899
0.164	-0.8016093969345093
0.1648	-0.7601768970489502
0.1656	-0.5389372110366821
0.16640000000000002	-0.15801328420639038
0.16720000000000002	0.34842342138290405
0.168	0.9334900379180908
0.1688	1.54375422000885
0.1696	2.1239962577819824
0.1704	2.6212339401245117
0.17120000000000002	2.9916462898254395
0.17200000000000001	3.2039618492126465
0.1728	3.2388577461242676
0.1736	3.0931339263916016
0.1744	2.780339479446411
0.1752	2.3268842697143555
0.17600000000000002	1.7723515033721924
0.1768	1.167173981666565
0.1776	0.5661835074424744
0.1784	0.02428712137043476
0.1792	-0.40910768508911133
0.18000000000000002	-0.6951298117637634
0.18080000000000002	-0.8074318766593933
0.1816	-0.7351649403572083
0.1824	-0.4854030907154083
0.1832	-0.08059398829936981
0.184	0.443041056394577
0.18480000000000002	1.0367443561553955
0.18560000000000001	1.6460086107254028
0.1864	2.215839147567749
0.1872	2.6945910453796387
0.188	3.0405185222625732
0.1888	3.22426176071167
0.18960000000000002	3.228785514831543
0.1904	3.053727388381958
0.1912	2.7151479721069336
0.192	2.241494655609131
0.1928	1.6745758056640625
0.19360000000000002	1.0662236213684082
0.19440000000000002	0.4711950123310089
0.1952	-0.05586537718772888
0.196	-0.4668749272823334
0.1968	-0.7252873182296753
0.1976	-0.8070675134658813
0.19840000000000002	-0.7042410969734192
0.19920000000000002	-0.4265444874763489
