0	0
0.0008	0.5400547385215759
0.0016	1.1391288042068481
0.0024000000000000002	1.742127537727356
0.0032	2.2946934700012207
0.004	2.747044324874878
0.0048000000000000004	3.060396194458008
0.0056	3.2078020572662354
0.0064	3.1752631664276123
0.007200000000000001	2.9660797119140625
0.008	2.5991744995117188
0.0088	2.104882001876831
0.009600000000000001	1.527410626411438
0.010400000000000001	0.9198545813560486
0.0112	0.3367711305618286
0.012	-0.16782023012638092
0.0128	-0.5485115051269531
0.013600000000000001	-0.7716311812400818
0.014400000000000001	-0.8158687949180603
0.0152	-0.6767871975898743
0.016	-0.3672599196434021
0.016800000000000002	0.08502835780382156
0.0176	0.6389192938804626
0.0184	1.2429304122924805
0.019200000000000002	1.841579556465149
0.02	2.3806469440460205
0.020800000000000003	2.812274694442749
0.0216	3.099616527557373
0.0224	3.21758770942688
0.023200000000000002	3.1548895835876465
0.024	2.9178338050842285
0.024800000000000003	2.527155876159668
0.0256	2.0155153274536133
0.0264	1.4293696880340576
0.027200000000000002	0.8223011493682861
0.028	0.2488042116165161
0.028800000000000003	-0.2381764054298401
0.0296	-0.5947451591491699
0.0304	-0.7890052199363708
0.031200000000000002	-0.8023958802223206
0.032	-0.6336421966552734
0.0328	-0.29813000559806824
0.033600000000000005	0.17424380779266357
0.0344	0.7395461201667786
0.0352	1.3455694913864136
0.036000000000000004	1.9376943111419678
0.0368	2.4621505737304688
0.0376	2.871955394744873
0.038400000000000004	3.1322500705718994
0.0392	3.2203617095947266
0.04	3.1276166439056396
0.0408	2.863088607788086
0.041600000000000005	2.4497129917144775
0.0424	1.9224989414215088
0.0432	1.3294039964675903
0.044000000000000004	0.7243977189064026
0.0448	0.16186219453811646
0.0456	-0.30632030963897705
0.046400000000000004	-0.6377291083335876
0.0472	-0.8025795817375183
0.048	-0.7852108478546143
0.0488	-0.5872225761413574
0.049600000000000005	-0.22661283612251282
0.0504	0.2644091844558716
0.0512	0.8399230241775513
0.052000000000000005	1.4471962451934814
0.0528	2.0318093299865723
0.0536	2.540192127227783
0.054400000000000004	2.92699933052063
0.055200000000000006	3.1596715450286865
0.056	3.2177112102508545
0.0568	3.0950815677642822
0.057600000000000005	2.803593635559082
0.0584	2.368407964706421
0.0592	1.8266453742980957
0.060000000000000005	1.2276384830474854
0.0608	0.6256443858146667
0.0616	0.07527013123035431
0.062400000000000004	-0.3727518916130066
0.0632	-0.6782382726669312
0.064	-0.8133667707443237
0.0648	-0.76512610912323
0.0656	-0.538215696811676
0.0664	-0.15343332290649414
0.06720000000000001	0.3551119863986969
0.068	0.9397749304771423
0.0688	1.5471357107162476
0.06960000000000001	2.1227996349334717
0.0704	2.613584041595459
0.0712	2.976505994796753
0.07200000000000001	3.181168794631958
0.0728	3.208986282348633
0.0736	3.056959629058838
0.07440000000000001	2.73949933052063
0.0752	2.283515691757202
0.076	1.7286044359207153
0.07680000000000001	1.1251604557037354
0.0776	0.5276534557342529
0.0784	-0.008759681135416031
0.0792	-0.43524637818336487
0.08	-0.7139604687690735
0.08080000000000001	-0.8189794421195984
0.0816	-0.7400418519973755
0.0824	-0.4848342537879944
0.08320000000000001	-0.07660417258739471
0.084	0.4483770430088043
0.0848	1.0410642623901367
0.08560000000000001	1.6471251249313354
0.0864	2.210277557373047
0.0872	2.6805641651153564
0.08800000000000001	3.01883864402771
0.0888	3.1948914527893066
0.0896	3.1923372745513916
0.09040000000000001	3.011338472366333
0.0912	2.6686058044433594
0.092	2.192824125289917
0.09280000000000001	1.625901460647583
0.0936	1.0194453001022339
0.0944	0.42832517623901367
0.0952	-0.09270201623439789
0.096	-0.49657848477363586
0.09680000000000001	-0.7476078271865845
0.0976	-0.8221548795700073
0.0984	-0.7128702998161316
0.09920000000000001	-0.4300404489040375
0.1	0.0008249254897236824
0.1008	0.5410171747207642
0.10160000000000001	1.1402037143707275
0.1024	1.7432024478912354
0.1032	2.295593500137329
0.10400000000000001	2.747706890106201
0.1048	3.060758590698242
0.1056	3.2078394889831543
0.10640000000000001	3.174988269805908
0.1072	2.9655046463012695
0.108	2.5983495712280273
0.10880000000000001	2.1040196418762207
0.1096	1.5265731811523438
0.11040000000000001	0.9189921617507935
0.11120000000000001	0.3360711932182312
0.112	-0.1683201640844345
0.11280000000000001	-0.5487614870071411
0.1136	-0.7715561985969543
0.1144	-0.8154813051223755
0.11520000000000001	-0.6760622262954712
0.116	-0.36626002192497253
0.1168	0.0861782506108284
0.11760000000000001	0.6400566697120667
0.1184	1.2436553239822388
0.1192	1.8418669700622559
0.12000000000000001	2.380784273147583
0.1208	2.812199592590332
0.1216	3.099266529083252
0.12240000000000001	3.2169878482818604
0.1232	3.1540145874023438
0.124	2.9166464805603027
0.12480000000000001	2.525768518447876
0.12560000000000002	2.0139780044555664
0.1264	1.4277573823928833
0.1272	0.8207013010978699
0.128	0.24729186296463013
0.1288	-0.23945127427577972
0.1296	-0.5957200527191162
0.13040000000000002	-0.7896926403045654
0.1312	-0.8028708100318909
0.132	-0.6338921785354614
0.1328	-0.2982049882411957
0.1336	0.17433130741119385
0.13440000000000002	0.7395836114883423
0.13520000000000001	1.3453445434570312
0.136	1.9372693300247192
0.1368	2.4614505767822266
0.1376	2.8710429668426514
0.1384	3.1311376094818115
0.13920000000000002	3.2189619541168213
0.14	3.125929117202759
0.1408	2.8611512184143066
0.1416	2.4474756717681885
0.1424	1.9199366569519043
0.1432	1.326691746711731
0.14400000000000002	0.7216730117797852
0.1448	0.15933744609355927
0.1456	-0.30857008695602417
0.1464	-0.6397413611412048
0.1472	-0.8042919039726257
0.14800000000000002	-0.7866107225418091
0.14880000000000002	-0.5883349776268005
0.1496	-0.2274627536535263
0.1504	0.26375922560691833
0.1512	0.839335560798645
0.152	1.4465339183807373
0.15280000000000002	2.0309219360351562
0.15360000000000001	2.5390796661376953
0.1544	2.925699472427368
0.1552	3.158109188079834
0.156	3.215873956680298
0.1568	3.093031644821167
0.15760000000000002	2.8012940883636475
0.1584	2.3658456802368164
0.1592	1.823983073234558
0.16	1.2250137329101562
0.1608	0.6231821179389954
0.16160000000000002	0.07297036051750183
0.16240000000000002	-0.374901682138443
0.1632	-0.68015056848526
0.164	-0.8150290846824646
0.1648	-0.7665509581565857
0.1656	-0.5394155979156494
0.16640000000000002	-0.15442073345184326
0.16720000000000002	0.3542995750904083
0.168	0.9390375018119812
0.1688	1.5463608503341675
0.1696	2.121962070465088
0.1704	2.6126842498779297
0.17120000000000002	2.975468635559082
0.17200000000000001	3.1798813343048096
0.1728	3.207411527633667
0.1736	3.055109739303589
0.1744	2.7374372482299805
0.1752	2.2813284397125244
0.17600000000000002	1.7263545989990234
0.1768	1.1230231523513794
0.1776	0.5256161689758301
0.1784	-0.010721985250711441
0.1792	-0.4369587004184723
0.18000000000000002	-0.7153478264808655
0.18080000000000002	-0.8200543522834778
0.1816	-0.7408542633056641
0.1824	-0.4854092001914978
0.1832	-0.0769791305065155
0.184	0.44813957810401917
0.18480000000000002	1.038651943206787
0.18560000000000001	1.642538070678711
0.1864	2.2072155475616455
0.1872	2.6789019107818604
0.188	3.0170137882232666
0.1888	3.192854166030884
0.18960000000000002	3.190074920654297
0.1904	3.008863687515259
0.1912	2.665930986404419
0.192	2.1900367736816406
0.1928	1.6232267618179321
0.19360000000000002	1.0168706178665161
0.19440000000000002	0.4257504343986511
0.1952	-0.09508928656578064
0.196	-0.49869078397750854
0.1968	-0.7494076490402222
0.1976	-0.8236297369003296
0.19840000000000002	-0.7140327095985413
0.19920000000000002	-0.4309028685092926
