0	-543.3117154788342
0.0008	769.3374559042859
0.0016	2019.479515002109
0.0024000000000000002	3144.607360802067
0.0032	3957.1996895392076
0.004	4332.242301577411
0.0048000000000000004	4582.270709173346
0.0056	4394.749403508555
0.0064	3457.1428722850396
0.007200000000000001	2457.0292336436687
0.008	1456.915589479031
0.0088	-105.7619906203472
0.009600000000000001	-1418.41116839397
0.010400000000000001	-2543.5390427074744
0.0112	-3606.159819396853
0.012	-4168.723762561334
0.0128	-4731.287707504642
0.013600000000000001	-4481.259287310066
0.014400000000000001	-3981.2024479756365
0.0152	-2856.074564606417
0.016	-1918.4680005488917
0.016800000000000002	-293.28330114355776
0.0176	894.351662203786
0.0184	2207.000823120761
0.019200000000000002	3144.607360802067
0.02	3957.1996895392076
0.020800000000000003	4519.7636073065805
0.0216	4394.749403508555
0.0224	4019.7067915993393
0.023200000000000002	3332.128667756391
0.024	2207.000823120761
0.024800000000000003	1206.8871775731677
0.0256	-230.77619761409005
0.0264	-1543.4253763018642
0.027200000000000002	-3043.5958780083456
0.028	-3731.1740288353176
0.028800000000000003	-4106.216657677491
0.0296	-4231.23086746718
0.0304	-4418.752182316326
0.031200000000000002	-3793.6811335875536
0.032	-2856.074564606417
0.0328	-1480.9182723370614
0.033600000000000005	-168.2690941063338
0.0344	1081.8729714903748
0.0352	2457.0292336436687
0.036000000000000004	3394.635770031484
0.0368	3957.1996895392076
0.0376	4394.749403508555
0.038400000000000004	4207.228097650572
0.0392	3832.185485354683
0.04	3207.114463141712
0.0408	2207.000823120761
0.041600000000000005	1019.3658684164984
0.0424	-543.3117154788342
0.0432	-1793.453792379296
0.044000000000000004	-2981.08877351915
0.0448	-4043.7095528155915
0.0456	-4418.752182316326
0.046400000000000004	-4606.273497363436
0.0472	-4168.723762561334
0.048	-3856.1882383615593
0.0488	-2731.06035578117
0.049600000000000005	-1230.889856695605
0.0504	19.252216286433395
0.0512	1394.4084865350742
0.052000000000000005	2644.5505413090577
0.0528	3519.6499745170586
0.0536	3957.1996895392076
0.054400000000000004	4269.7351996246725
0.055200000000000006	4269.7351996246725
0.056	3832.185485354683
0.0568	3269.621565459878
0.057600000000000005	1894.4653094816604
0.0584	644.3232495182892
0.0592	-793.3401301620179
0.060000000000000005	-1918.4680005488917
0.0608	-3168.610087052395
0.0616	-3918.695343157742
0.062400000000000004	-4418.752182316326
0.0632	-4606.273497363436
0.064	-3918.695343157742
0.0648	-3543.65271471045
0.0656	-2481.031938393251
0.0664	-1105.8756490056985
0.06720000000000001	394.29483648599125
0.068	1706.9440010387334
0.0688	3019.59315605805
0.06960000000000001	3769.6783832301735
0.0704	4082.213893637876
0.0712	4144.720995654934
0.07200000000000001	4394.749403508555
0.0728	3769.6783832301735
0.0736	2957.0860536537366
0.07440000000000001	1644.4368981812731
0.0752	581.8161462926655
0.076	-980.8614414028707
0.07680000000000001	-2356.0177298304043
0.0776	-3106.1029825194273
0.0784	-4043.7095528155915
0.0792	-4543.76639232575
0.08	-4543.76639232575
0.08080000000000001	-4043.7095528155915
0.0816	-3043.5958780083456
0.0824	-2105.989312967111
0.08320000000000001	-855.8472338871798
0.084	519.309043045505
0.0848	2081.986617729999
0.08560000000000001	2957.0860536537366
0.0864	3769.6783832301735
0.0872	4519.7636073065805
0.08800000000000001	4394.749403508555
0.0888	4144.720995654934
0.0896	3707.1712810842437
0.09040000000000001	2769.564746311633
0.0912	1894.4653094816604
0.092	206.77352648385568
0.09280000000000001	-1168.3827528398833
0.0936	-2418.5248341009137
0.0944	-3481.1456100459327
0.0952	-4418.752182316326
0.096	-4543.76639232575
0.09680000000000001	-4481.259287310066
0.0976	-4168.723762561334
0.0984	-3356.131400782848
0.09920000000000001	-1918.4680005488917
0.1	-605.8188191169756
0.1008	769.3374559042859
0.10160000000000001	2019.479515002109
0.1024	3144.607360802067
0.1032	3707.1712810842437
0.10400000000000001	4332.242301577411
0.1048	4394.749403508555
0.1056	3957.1996895392076
0.10640000000000001	3394.635770031484
0.1072	2519.536336220335
0.108	1206.8871775731677
0.10880000000000001	-105.7619906203472
0.1096	-1418.41116839397
0.11040000000000001	-2668.553251401405
0.11120000000000001	-3668.6669241051422
0.112	-4168.723762561334
0.11280000000000001	-4606.273497363436
0.1136	-4543.76639232575
0.1144	-3918.695343157742
0.11520000000000001	-3106.1029825194273
0.116	-1793.453792379296
0.1168	-355.79040469485335
0.11760000000000001	1144.3800745425979
0.1184	2081.986617729999
0.1192	3269.621565459878
0.12000000000000001	4019.7067915993393
0.1208	4394.749403508555
0.1216	4394.749403508555
0.12240000000000001	3707.1712810842437
0.1232	3394.635770031484
0.124	2519.536336220335
0.12480000000000001	1144.3800745425979
0.12560000000000002	-418.29750826768577
0.1264	-1480.9182723370614
0.1272	-2981.08877351915
0.128	-3731.1740288353176
0.1288	-4293.737972394971
0.1296	-4668.7806024230085
0.13040000000000002	-4043.7095528155915
0.1312	-3668.6669241051422
0.132	-2918.5816690517822
0.1328	-1668.4395842968952
0.1336	-168.2690941063338
0.13440000000000002	1144.3800745425979
0.13520000000000001	2519.536336220335
0.136	3269.621565459878
0.1368	4082.213893637876
0.1376	4332.242301577411
0.1384	4332.242301577411
0.13920000000000002	3957.1996895392076
0.14	3082.100258440769
0.1408	2207.000823120761
0.1416	894.351662203786
0.1424	-418.29750826768577
0.1432	-1855.960896453238
0.14400000000000002	-3043.5958780083456
0.1448	-3918.695343157742
0.1456	-4418.752182316326
0.1464	-4606.273497363436
0.1472	-4356.245077344705
0.14800000000000002	-3731.1740288353176
0.14880000000000002	-2543.5390427074744
0.1496	-1168.3827528398833
0.1504	81.75931970728561
0.1512	1394.4084865350742
0.152	2769.564746311633
0.15280000000000002	3519.6499745170586
0.15360000000000001	4019.7067915993393
0.1544	4269.7351996246725
0.1552	4269.7351996246725
0.156	3832.185485354683
0.1568	3019.59315605805
0.15760000000000002	1894.4653094816604
0.1584	644.3232495182892
0.1592	-480.80461186234606
0.16	-1668.4395842968952
0.1608	-3356.131400782848
0.16160000000000002	-4043.7095528155915
0.16240000000000002	-4481.259287310066
0.1632	-4543.76639232575
0.164	-4168.723762561334
0.1648	-3543.65271471045
0.1656	-2418.5248341009137
0.16640000000000002	-1043.368545193458
0.16720000000000002	269.2806298395735
0.168	1644.4368981812731
0.1688	3082.100258440769
0.1696	3582.157076727599
0.1704	4144.720995654934
0.17120000000000002	4457.256505418336
0.17200000000000001	4269.7351996246725
0.1728	3707.1712810842437
0.1736	2894.5789512279443
0.1744	1644.4368981812731
0.1752	394.29483648599125
0.17600000000000002	-918.3543376341695
0.1768	-2356.0177298304043
0.1776	-3418.638505403418
0.1784	-4106.216657677491
0.1792	-4231.23086746718
0.18000000000000002	-4793.794812608219
0.18080000000000002	-4106.216657677491
0.1816	-3356.131400782848
0.1824	-2043.4822088059154
0.1832	-855.8472338871798
0.184	456.8019397765747
0.18480000000000002	1894.4653094816604
0.18560000000000001	3269.621565459878
0.1864	3769.6783832301735
0.1872	4269.7351996246725
0.188	4457.256505418336
0.1888	4269.7351996246725
0.18960000000000002	3519.6499745170586
0.1904	2644.5505413090577
0.1912	1456.915589479031
0.192	144.26642310636817
0.1928	-1043.368545193458
0.19360000000000002	-2418.5248341009137
0.19440000000000002	-3481.1456100459327
0.1952	-4106.216657677491
0.196	-4606.273497363436
0.1968	-4481.259287310066
0.1976	-4106.216657677491
0.19840000000000002	-3106.1029825194273
0.19920000000000002	-2231.00352135516
