0	0
0.0008	0.5796656608581543
0.0016	1.2258625030517578
0.0024000000000000002	1.8798835277557373
0.0032	2.4830219745635986
0.004	2.9801580905914307
0.0048000000000000004	3.328533887863159
0.0056	3.49873948097229
0.0064	3.4745898246765137
0.007200000000000001	3.2585091590881348
0.008	2.870095729827881
0.0088	2.3418467044830322
0.009600000000000001	1.720131754875183
0.010400000000000001	1.0622705221176147
0.0112	0.42759445309638977
0.012	-0.12576474249362946
0.0128	-0.5470622181892395
0.013600000000000001	-0.7990642189979553
0.014400000000000001	-0.8580856323242188
0.0152	-0.7183268070220947
0.016	-0.3930113613605499
0.016800000000000002	0.0889887660741806
0.0176	0.6836029887199402
0.0184	1.3351118564605713
0.019200000000000002	1.9846458435058594
0.02	2.5733230113983154
0.020800000000000003	3.0480239391326904
0.0216	3.368527412414551
0.0224	3.5070114135742188
0.023200000000000002	3.450089693069458
0.024	3.20354962348938
0.024800000000000003	2.789238929748535
0.0256	2.2419791221618652
0.0264	1.6105902194976807
0.027200000000000002	0.9525790810585022
0.028	0.32770201563835144
0.028800000000000003	-0.20658409595489502
0.0296	-0.6019341945648193
0.0304	-0.822989284992218
0.031200000000000002	-0.8487390279769897
0.032	-0.6767334342002869
0.0328	-0.3229832649230957
0.033600000000000005	0.18125221133232117
0.0344	0.7894776463508606
0.0352	1.4449111223220825
0.036000000000000004	2.0881330966949463
0.0368	2.6608245372772217
0.0376	3.1120901107788086
0.038400000000000004	3.403796434402466
0.0392	3.510058641433716
0.04	3.420565128326416
0.0408	3.1440906524658203
0.041600000000000005	2.704557418823242
0.0424	2.1393494606018066
0.0432	1.4994739294052124
0.044000000000000004	0.843112587928772
0.0448	0.22978438436985016
0.0456	-0.2841912806034088
0.046400000000000004	-0.6525565981864929
0.0472	-0.842077374458313
0.048	-0.8344179391860962
0.0488	-0.6304529905319214
0.049600000000000005	-0.24880556762218475
0.0504	0.27669036388397217
0.0512	0.897239625453949
0.052000000000000005	1.5550228357315063
0.0528	2.1905832290649414
0.0536	2.7463135719299316
0.054400000000000004	3.173231601715088
0.055200000000000006	3.4354283809661865
0.056	3.509143590927124
0.0568	3.387266159057617
0.057600000000000005	3.0814568996429443
0.0584	2.617626190185547
0.0592	2.0356199741363525
0.060000000000000005	1.3890576362609863
0.0608	0.7361583709716797
0.0616	0.13570387661457062
0.062400000000000004	-0.3568614423274994
0.0632	-0.6974420547485352
0.064	-0.8549410700798035
0.0648	-0.8139849305152893
0.0656	-0.5787106156349182
0.0664	-0.17014080286026
0.06720000000000001	0.37540319561958313
0.068	1.006426453590393
0.0688	1.6646970510482788
0.06960000000000001	2.2911832332611084
0.0704	2.828853130340576
0.0712	3.2306735515594482
0.07200000000000001	3.4627606868743896
0.0728	3.503891706466675
0.0736	3.3501672744750977
0.07440000000000001	3.015923500061035
0.0752	2.5289952754974365
0.076	1.9320528507232666
0.07680000000000001	1.280366063117981
0.0776	0.6321038603782654
0.0784	0.04587293788790703
0.0792	-0.42428213357925415
0.08	-0.7360656261444092
0.08080000000000001	-0.8608428835868835
0.0816	-0.786702573299408
0.0824	-0.5206438302993774
0.08320000000000001	-0.08620154112577438
0.084	0.4773657023906708
0.0848	1.1168256998062134
0.08560000000000001	1.773858904838562
0.0864	2.3895211219787598
0.0872	2.9077303409576416
0.08800000000000001	3.283240795135498
0.0888	3.4843685626983643
0.0896	3.4926652908325195
0.09040000000000001	3.307356595993042
0.0912	2.945340633392334
0.092	2.4369144439697266
0.09280000000000001	1.826861023902893
0.0936	1.1714245080947876
0.0944	0.5292991995811462
0.0952	-0.04124576970934868
0.096	-0.4874657392501831
0.09680000000000001	-0.7695022225379944
0.0976	-0.8614078164100647
0.0984	-0.7542582750320435
0.09920000000000001	-0.4579399824142456
0.1	0.0011373849119991064
0.1008	0.5810905694961548
0.10160000000000001	1.2273623943328857
0.1024	1.8812583684921265
0.1032	2.4842593669891357
0.10400000000000001	2.981295585632324
0.1048	3.3293838500976562
0.1056	3.499202013015747
0.10640000000000001	3.4746897220611572
0.1072	3.2581217288970947
0.108	2.869246006011963
0.10880000000000001	2.340684175491333
0.1096	1.7189818620681763
0.11040000000000001	1.0613081455230713
0.11120000000000001	0.4266945421695709
0.112	-0.12657716870307922
0.11280000000000001	-0.5476496815681458
0.1136	-0.7993142008781433
0.1144	-0.8579856157302856
0.11520000000000001	-0.7178643941879272
0.116	-0.3921489417552948
0.1168	0.09022614359855652
0.11760000000000001	0.685115396976471
0.1184	1.336661696434021
0.1192	1.9861581325531006
0.12000000000000001	2.5748355388641357
0.1208	3.0494112968444824
0.1216	3.3696272373199463
0.12240000000000001	3.50774884223938
0.1232	3.450552225112915
0.124	3.2036871910095215
0.12480000000000001	2.7889890670776367
0.12560000000000002	2.24135422706604
0.1264	1.6097403764724731
0.1272	0.9516041874885559
0.128	0.32660213112831116
0.1288	-0.2075590044260025
0.1296	-0.602596640586853
0.13040000000000002	-0.8232767581939697
0.1312	-0.848576545715332
0.132	-0.6761209964752197
0.1328	-0.32198336720466614
0.1336	0.18256458640098572
0.13440000000000002	0.7909525036811829
0.13520000000000001	1.4464484453201294
0.136	2.089770555496216
0.1368	2.6623992919921875
0.1376	3.1134274005889893
0.1384	3.40484619140625
0.13920000000000002	3.5107460021972656
0.14	3.420902729034424
0.1408	3.144078254699707
0.1416	2.7042076587677
0.1424	2.1387245655059814
0.1432	1.498649001121521
0.14400000000000002	0.8421251773834229
0.1448	0.22877199947834015
0.1456	-0.2850036919116974
0.1464	-0.6530440449714661
0.1472	-0.8421898484230042
0.14800000000000002	-0.8341304659843445
0.14880000000000002	-0.6297905445098877
0.1496	-0.2477806657552719
0.1504	0.27804023027420044
0.1512	0.8988269567489624
0.152	1.5567851066589355
0.15280000000000002	2.1923704147338867
0.15360000000000001	2.7479634284973145
0.1544	3.174581527709961
0.1552	3.436415672302246
0.156	3.5098061561584473
0.1568	3.387528657913208
0.15760000000000002	3.081294536590576
0.1584	2.617163896560669
0.1592	2.034907579421997
0.16	1.3880702257156372
0.1608	0.7350709438323975
0.16160000000000002	0.13472898304462433
0.16240000000000002	-0.3575863540172577
0.1632	-0.6978170275688171
0.164	-0.8548910617828369
0.1648	-0.8134849667549133
0.1656	-0.5778231620788574
0.16640000000000002	-0.17009079456329346
0.16720000000000002	0.37455326318740845
0.168	1.0058139562606812
0.1688	1.6642346382141113
0.1696	2.2907209396362305
0.1704	2.8281655311584473
0.17120000000000002	3.229660987854004
0.17200000000000001	3.461460828781128
0.1728	3.502204418182373
0.1736	3.3480050563812256
0.1744	3.0134363174438477
0.1752	2.526320457458496
0.17600000000000002	1.9290657043457031
0.1768	1.2771413326263428
0.1776	0.6288541555404663
0.1784	0.042823243886232376
0.1792	-0.42693185806274414
0.18000000000000002	-0.7383654117584229
0.18080000000000002	-0.8628302216529846
0.1816	-0.7882524132728577
0.1824	-0.5217936635017395
0.1832	-0.0872514396905899
0.184	0.47646579146385193
0.18480000000000002	1.1161006689071655
0.18560000000000001	1.7731214761734009
0.1864	2.388646125793457
0.1872	2.9066178798675537
0.188	3.2818658351898193
0.1888	3.4826436042785645
0.18960000000000002	3.4905030727386475
0.1904	3.3047568798065186
0.1912	2.9423160552978516
0.192	2.433464765548706
0.1928	1.8231114149093628
0.19360000000000002	1.167587399482727
0.19440000000000002	0.5256245732307434
0.1952	-0.04462043195962906
0.196	-0.4905279278755188
0.1968	-0.7721519470214844
0.1976	-0.8635700941085815
0.19840000000000002	-0.7560080885887146
0.19920000000000002	-0.4592023491859436
