0	0
0.0008	0.550739586353302
0.0016	1.1766719818115234
0.0024000000000000002	1.8205026388168335
0.0032	2.4245996475219727
0.004	2.934030532836914
0.0048000000000000004	3.3042876720428467
0.0056	3.504011631011963
0.0064	3.514892101287842
0.007200000000000001	3.3359787464141846
0.008	2.9835078716278076
0.0088	2.4869892597198486
0.009600000000000001	1.8903803825378418
0.010400000000000001	1.2483887672424316
0.0112	0.6185457706451416
0.012	0.05818340182304382
0.0128	-0.38075369596481323
0.013600000000000001	-0.6592069268226624
0.014400000000000001	-0.7518787980079651
0.0152	-0.6496701836585999
0.016	-0.36227986216545105
0.016800000000000002	0.08503224700689316
0.0176	0.6517952680587769
0.0184	1.284414529800415
0.019200000000000002	1.9253953695297241
0.02	2.517306089401245
0.020800000000000003	3.006289005279541
0.0216	3.349736452102661
0.0224	3.518651008605957
0.023200000000000002	3.497346878051758
0.024	3.287761688232422
0.024800000000000003	2.9087436199188232
0.0256	2.3922393321990967
0.0264	1.7842316627502441
0.027200000000000002	1.1403652429580688
0.028	0.5182089805603027
0.028800000000000003	-0.025205090641975403
0.0296	-0.4396071434020996
0.0304	-0.6884133815765381
0.031200000000000002	-0.7486634850502014
0.032	-0.6142955422401428
0.0328	-0.29800811409950256
0.033600000000000005	0.17238926887512207
0.0344	0.7541258931159973
0.0352	1.39234459400177
0.036000000000000004	2.029463291168213
0.0368	2.6079251766204834
0.0376	3.075035572052002
0.038400000000000004	3.390960454940796
0.0392	3.5286905765533447
0.04	3.475139856338501
0.0408	3.235520124435425
0.041600000000000005	2.8309919834136963
0.0424	2.2956771850585938
0.0432	1.6775330305099487
0.044000000000000004	1.0328166484832764
0.0448	0.4194970428943634
0.0456	-0.10566887259483337
0.046400000000000004	-0.4947734773159027
0.0472	-0.7134702205657959
0.048	-0.7410611510276794
0.0488	-0.5748088359832764
0.049600000000000005	-0.23037415742874146
0.0504	0.2621210813522339
0.0512	0.8575438261032104
0.052000000000000005	1.5000121593475342
0.0528	2.1315064430236816
0.0536	2.6945698261260986
0.054400000000000004	3.138619899749756
0.055200000000000006	3.426335096359253
0.056	3.532655715942383
0.0568	3.447145700454712
0.057600000000000005	3.178241491317749
0.0584	2.749253511428833
0.0592	2.1964528560638428
0.060000000000000005	1.5696719884872437
0.0608	0.925880491733551
0.0616	0.32345983386039734
0.062400000000000004	-0.1818830817937851
0.0632	-0.5445903539657593
0.064	-0.7324651479721069
0.0648	-0.727371871471405
0.0656	-0.5298851728439331
0.0664	-0.15815316140651703
0.06720000000000001	0.35521504282951355
0.068	0.9626116752624512
0.0688	1.6074422597885132
0.06960000000000001	2.23126220703125
0.0704	2.7774274349212646
0.0712	3.197667121887207
0.07200000000000001	3.45662260055542
0.0728	3.531221628189087
0.0736	3.414077043533325
0.07440000000000001	3.116563320159912
0.0752	2.6640400886535645
0.076	2.0950286388397217
0.07680000000000001	1.4612985849380493
0.0776	0.8204317092895508
0.0784	0.23059730231761932
0.0792	-0.2535727322101593
0.08	-0.588907778263092
0.08080000000000001	-0.7454107403755188
0.0816	-0.7076331973075867
0.0824	-0.47936204075813293
0.08320000000000001	-0.0812201276421547
0.084	0.45173367857933044
0.0848	1.0695167779922485
0.08560000000000001	1.7147473096847534
0.0864	2.3293683528900146
0.0872	2.8576226234436035
0.08800000000000001	3.253202199935913
0.0888	3.4827356338500977
0.0896	3.525325298309326
0.09040000000000001	3.376858949661255
0.0912	3.0513479709625244
0.092	2.57608962059021
0.09280000000000001	1.9922045469284058
0.0936	1.3534624576568604
0.0944	0.717420220375061
0.0952	0.14175936579704285
0.096	-0.3201754093170166
0.09680000000000001	-0.6273632645606995
0.0976	-0.7520319223403931
0.0984	-0.6818826198577881
0.09920000000000001	-0.4236644208431244
0.1	-0.0002749768609646708
0.1008	0.5505521297454834
0.10160000000000001	1.1765844821929932
0.1024	1.820427656173706
0.1032	2.4244120121002197
0.10400000000000001	2.933568239212036
0.1048	3.3035378456115723
0.1056	3.5029869079589844
0.10640000000000001	3.5135045051574707
0.1072	3.334228992462158
0.108	2.9814956188201904
0.10880000000000001	2.4847018718719482
0.1096	1.8879055976867676
0.11040000000000001	1.2458889484405518
0.11120000000000001	0.616096019744873
0.112	0.05598361790180206
0.11280000000000001	-0.38269099593162537
0.1136	-0.6609067320823669
0.1144	-0.7532286643981934
0.11520000000000001	-0.6506450772285461
0.116	-0.3628673255443573
0.1168	0.08478226512670517
0.11760000000000001	0.6517952680587769
0.1184	1.2845394611358643
0.1192	1.9255329370498657
0.12000000000000001	2.517306089401245
0.1208	3.006101608276367
0.1216	3.349349021911621
0.12240000000000001	3.517913579940796
0.1232	3.4962093830108643
0.124	3.286299467086792
0.12480000000000001	2.9069437980651855
0.12560000000000002	2.390202045440674
0.1264	1.7821319103240967
0.1272	1.1381653547286987
0.128	0.5161092281341553
0.1288	-0.027054909616708755
0.1296	-0.4412444829940796
0.13040000000000002	-0.6897382140159607
0.1312	-0.7495884299278259
0.132	-0.61490797996521
0.1328	-0.29834556579589844
0.1336	0.17232677340507507
0.13440000000000002	0.7542383670806885
0.13520000000000001	1.3925695419311523
0.136	2.029575824737549
0.1368	2.6079001426696777
0.1376	3.0749104022979736
0.1384	3.3905229568481445
0.13920000000000002	3.5279157161712646
0.14	3.4740147590637207
0.1408	3.233945369720459
0.1416	2.8290421962738037
0.1424	2.2935523986816406
0.1432	1.6753708124160767
0.14400000000000002	1.030704379081726
0.1448	0.41748476028442383
0.1456	-0.10748119652271271
0.1464	-0.4962608218193054
0.1472	-0.7146326303482056
0.14800000000000002	-0.7419235706329346
0.14880000000000002	-0.5753837823867798
0.1496	-0.23064914345741272
0.1504	0.2621210515499115
0.1512	0.8577063083648682
0.152	1.5002120733261108
0.15280000000000002	2.1317315101623535
0.15360000000000001	2.694744825363159
0.1544	3.138619899749756
0.1552	3.426060199737549
0.156	3.5320184230804443
0.1568	3.4461333751678467
0.15760000000000002	3.1768417358398438
0.1584	2.747565984725952
0.1592	2.194653034210205
0.16	1.567834734916687
0.1608	0.9239181876182556
0.16160000000000002	0.3214600384235382
0.16240000000000002	-0.18370790779590607
0.1632	-0.5461276769638062
0.164	-0.7336400747299194
0.1648	-0.7281717658042908
0.1656	-0.530285120010376
0.16640000000000002	-0.1582031548023224
0.16720000000000002	0.3554900288581848
0.168	0.9630741477012634
0.1688	1.6080172061920166
0.1696	2.231949806213379
0.1704	2.778064727783203
0.17120000000000002	3.1980295181274414
0.17200000000000001	3.4566476345062256
0.1728	3.530959129333496
0.1736	3.4134647846221924
0.1744	3.11556339263916
0.1752	2.662702798843384
0.17600000000000002	2.093541145324707
0.1768	1.4596861600875854
0.1776	0.8186444044113159
0.1784	0.228847473859787
0.1792	-0.25517258048057556
0.18000000000000002	-0.5902326107025146
0.18080000000000002	-0.7463356256484985
0.1816	-0.7081956267356873
0.1824	-0.4796120226383209
0.1832	-0.08118262887001038
0.184	0.45202115178108215
0.18480000000000002	1.0700042247772217
0.18560000000000001	1.71542227268219
0.1864	2.3300931453704834
0.1872	2.8581974506378174
0.188	3.253477096557617
0.1888	3.482710838317871
0.18960000000000002	3.5250253677368164
0.1904	3.376209020614624
0.1912	3.050323009490967
0.192	2.5747647285461426
0.1928	1.9906421899795532
0.19360000000000002	1.3517377376556396
0.19440000000000002	0.7156829237937927
0.1952	0.14012202620506287
0.196	-0.3215752840042114
0.1968	-0.6284756660461426
0.1976	-0.7528318762779236
0.19840000000000002	-0.6822200417518616
0.19920000000000002	-0.42356443405151367
