0	0
0.0008	0.5707771182060242
0.0016	1.2213466167449951
0.0024000000000000002	1.891676664352417
0.0032	2.521735668182373
0.004	3.05427885055542
0.0048000000000000004	3.442911148071289
0.0056	3.654736042022705
0.0064	3.67036771774292
0.007200000000000001	3.4885568618774414
0.008	3.1259138584136963
0.0088	2.61216139793396
0.009600000000000001	1.9926193952560425
0.010400000000000001	1.3244822025299072
0.0112	0.667618989944458
0.012	0.08186114579439163
0.0128	-0.3788717985153198
0.013600000000000001	-0.6731839776039124
0.014400000000000001	-0.7741155624389648
0.0152	-0.6720549464225769
0.016	-0.3766384422779083
0.016800000000000002	0.08603665232658386
0.0176	0.674074649810791
0.0184	1.3322683572769165
0.019200000000000002	2.000448703765869
0.02	2.618483781814575
0.020800000000000003	3.1301915645599365
0.0216	3.491201639175415
0.0224	3.6711294651031494
0.023200000000000002	3.6533894538879395
0.024	3.439781904220581
0.024800000000000003	3.049154281616211
0.0256	2.5141162872314453
0.0264	1.8825255632400513
0.027200000000000002	1.2120636701583862
0.028	0.5628746747970581
0.028800000000000003	-0.00548494653776288
0.0296	-0.4407579302787781
0.0304	-0.7040982246398926
0.031200000000000002	-0.7713332176208496
0.032	-0.6358758807182312
0.0328	-0.3100624084472656
0.033600000000000005	0.17703533172607422
0.0344	0.7807467579841614
0.0352	1.4447649717330933
0.036000000000000004	2.1088831424713135
0.0368	2.713181972503662
0.0376	3.2023420333862305
0.038400000000000004	3.5347049236297607
0.0392	3.682486057281494
0.04	3.6315369606018066
0.0408	3.386707305908203
0.041600000000000005	2.969519853591919
0.0424	2.414933919906616
0.0432	1.772894263267517
0.044000000000000004	1.1019573211669922
0.0448	0.46217992901802063
0.0456	-0.08701911568641663
0.046400000000000004	-0.4955573081970215
0.0472	-0.7274882197380066
0.048	-0.7608640789985657
0.0488	-0.5922850966453552
0.049600000000000005	-0.2373494654893875
0.0504	0.2727210521697998
0.0512	0.890731155872345
0.052000000000000005	1.558786392211914
0.0528	2.2170426845550537
0.0536	2.8054306507110596
0.054400000000000004	3.2705929279327393
0.055200000000000006	3.573758602142334
0.056	3.688880443572998
0.0568	3.6047096252441406
0.057600000000000005	3.3293955326080322
0.0584	2.886760950088501
0.0592	2.314014196395874
0.060000000000000005	1.663175344467163
0.0608	0.993338406085968
0.0616	0.36485981941223145
0.062400000000000004	-0.1637662798166275
0.0632	-0.5449197292327881
0.064	-0.7448288798332214
0.0648	-0.7440956234931946
0.0656	-0.5428823828697205
0.0664	-0.1596120148897171
0.06720000000000001	0.37218138575553894
0.068	1.0026402473449707
0.0688	1.6730328798294067
0.06960000000000001	2.323389768600464
0.0704	2.8941545486450195
0.0712	3.3343818187713623
0.07200000000000001	3.6075754165649414
0.0728	3.689575672149658
0.0736	3.572345495223999
0.07440000000000001	3.2672595977783203
0.0752	2.7999773025512695
0.076	2.210057258605957
0.07680000000000001	1.5515692234039307
0.0776	0.8844069838523865
0.0784	0.2687646150588989
0.0792	-0.23830115795135498
0.08	-0.5912449359893799
0.08080000000000001	-0.7585198879241943
0.0816	-0.7237400412559509
0.0824	-0.4905049204826355
0.08320000000000001	-0.07984975725412369
0.084	0.4721291959285736
0.0848	1.1137120723724365
0.08560000000000001	1.7850669622421265
0.0864	2.4259374141693115
0.0872	2.978203773498535
0.08800000000000001	3.392996072769165
0.0888	3.6357178688049316
0.0896	3.684433698654175
0.09040000000000001	3.534444570541382
0.0912	3.200061321258545
0.092	2.7089314460754395
0.09280000000000001	2.103088140487671
0.0936	1.4386756420135498
0.0944	0.7758880257606506
0.0952	0.17445671558380127
0.096	-0.3099363446235657
0.09680000000000001	-0.6339455246925354
0.0976	-0.7681612968444824
0.0984	-0.6994223594665527
0.09920000000000001	-0.43465283513069153
0.1	0.0025497463066130877
0.1008	0.5735393762588501
0.10160000000000001	1.224408745765686
0.1024	1.8949388265609741
0.1032	2.525010347366333
0.10400000000000001	3.057366132736206
0.1048	3.4456984996795654
0.1056	3.657198190689087
0.10640000000000001	3.6724300384521484
0.1072	3.490206480026245
0.108	3.127251386642456
0.10880000000000001	2.6132237911224365
0.1096	1.9933818578720093
0.11040000000000001	1.3250322341918945
0.11120000000000001	0.6681814789772034
0.112	0.08268606662750244
0.11280000000000001	-0.3777593970298767
0.1136	-0.6718215942382812
0.1144	-0.772465705871582
0.11520000000000001	-0.6700926423072815
0.116	-0.37605100870132446
0.1168	0.08521173149347305
0.11760000000000001	0.6735121607780457
0.1184	1.3319183588027954
0.1192	2.0001611709594727
0.12000000000000001	2.618058681488037
0.1208	3.1295292377471924
0.1216	3.4902641773223877
0.12240000000000001	3.6698296070098877
0.1232	3.65171480178833
0.124	3.437807083129883
0.12480000000000001	3.0469295978546143
0.12560000000000002	2.511604070663452
0.1264	1.879813313484192
0.1272	1.209338903427124
0.128	0.5603249073028564
0.1288	-0.007797217462211847
0.1296	-0.4428577423095703
0.13040000000000002	-0.7058980464935303
0.1312	-0.7727330327033997
0.132	-0.6368882656097412
0.1328	-0.3107123374938965
0.1336	0.17682284116744995
0.13440000000000002	0.780896782875061
0.13520000000000001	1.4450899362564087
0.136	2.1091456413269043
0.1368	2.7131571769714355
0.1376	3.2020421028137207
0.1384	3.53414249420166
0.13920000000000002	3.681523561477661
0.14	3.6301369667053223
0.1408	3.3849449157714844
0.1416	2.967395067214966
0.1424	2.4125466346740723
0.1432	1.7704194784164429
0.14400000000000002	1.0995326042175293
0.1448	0.4598301649093628
0.1456	-0.08930639177560806
0.1464	-0.49759459495544434
0.1472	-0.7291755676269531
0.14800000000000002	-0.7622014880180359
0.14880000000000002	-0.5932350158691406
0.1496	-0.23786190152168274
0.1504	0.2725585699081421
0.1512	0.8907186388969421
0.152	1.5586864948272705
0.15280000000000002	2.216780185699463
0.15360000000000001	2.804055690765381
0.1544	3.267918109893799
0.1552	3.5706839561462402
0.156	3.6853809356689453
0.1568	3.60078501701355
0.15760000000000002	3.325071096420288
0.1584	2.8820488452911377
0.1592	2.3089771270751953
0.16	1.6580133438110352
0.1608	0.9882014393806458
0.16160000000000002	0.3597353398799896
0.16240000000000002	-0.16880327463150024
0.1632	-0.5496817231178284
0.164	-0.7491159439086914
0.1648	-0.7478827834129333
0.1656	-0.5462070107460022
0.16640000000000002	-0.16254922747612
0.16720000000000002	0.36956915259361267
0.168	1.0002905130386353
0.1688	1.6708331108093262
0.1696	2.3212649822235107
0.1704	2.8920297622680664
0.17120000000000002	3.3321444988250732
0.17200000000000001	3.6050755977630615
0.1728	3.6866884231567383
0.1736	3.5689585208892822
0.1744	3.2633724212646484
0.1752	2.7956900596618652
0.17600000000000002	2.2055327892303467
0.1768	1.5469322204589844
0.1776	0.879694938659668
0.1784	0.26412758231163025
0.1792	-0.24275071918964386
0.18000000000000002	-0.595382034778595
0.18080000000000002	-0.7622320055961609
0.1816	-0.7270272374153137
0.1824	-0.4933546483516693
0.1832	-0.08233700692653656
0.184	0.46986690163612366
0.18480000000000002	1.1115247011184692
0.18560000000000001	1.7829421758651733
0.1864	2.423875093460083
0.1872	2.9760165214538574
0.188	3.390533924102783
0.1888	3.6328680515289307
0.18960000000000002	3.6811466217041016
0.1904	3.5306949615478516
0.1912	3.1959118843078613
0.192	2.7045068740844727
0.1928	2.098501205444336
0.19360000000000002	1.4340511560440063
0.19440000000000002	0.7713384628295898
0.1952	0.17008215188980103
0.196	-0.3140484392642975
0.1968	-0.6376951336860657
0.1976	-0.7715359330177307
0.19840000000000002	-0.7024720311164856
0.19920000000000002	-0.4373400807380676
