0	-751.8354136716807
0.0008	935.8563775217044
0.0016	1873.4629213578883
0.0024000000000000002	3061.097869907273
0.0032	3748.675994459889
0.004	4311.239912613761
0.0048000000000000004	4373.747014523542
0.0056	3998.704402743082
0.0064	3436.1404836222646
0.007200000000000001	2623.548152926378
0.008	1435.9132015065989
0.0088	-64.2572746083606
0.009600000000000001	-1376.9064514681231
0.010400000000000001	-2502.0343249957077
0.0112	-3502.147996298212
0.012	-4189.726148572285
0.0128	-4439.754568239499
0.013600000000000001	-4314.740358361974
0.014400000000000001	-3814.6835197301116
0.0152	-3064.598264413944
0.016	-1876.96328327409
0.016800000000000002	-251.7785850011278
0.0176	998.3634805955808
0.0184	2185.998434889072
0.019200000000000002	3561.154688021925
0.02	3873.6901986444136
0.020800000000000003	4311.239912613761
0.0216	4373.747014523542
0.0224	3873.6901986444136
0.023200000000000002	3373.6333813902456
0.024	2436.026845325541
0.024800000000000003	1185.8847896872321
0.0256	-314.28568850888405
0.0264	-1689.4419711832306
0.027200000000000002	-2502.0343249957077
0.028	-3752.1764149999362
0.028800000000000003	-4502.26167321112
0.0296	-4627.275883220544
0.0304	-4314.740358361974
0.031200000000000002	-3814.6835197301116
0.032	-2877.0769510776736
0.0328	-1626.9348671966582
0.033600000000000005	-126.76437805086607
0.0344	1248.3918926745537
0.0352	2436.026845325541
0.036000000000000004	3373.6333813902456
0.0368	3936.1973007045453
0.0376	4311.239912613761
0.038400000000000004	4311.239912613761
0.0392	3998.704402743082
0.04	2998.590767545975
0.0408	2248.50553753064
0.041600000000000005	998.3634805955808
0.0424	-501.80699916247977
0.0432	-1689.4419711832306
0.044000000000000004	-3189.6124734142213
0.0448	-3814.6835197301116
0.0456	-4189.726148572285
0.046400000000000004	-4502.26167321112
0.0472	-4439.754568239499
0.048	-3752.1764149999362
0.0488	-2627.0485336022684
0.049600000000000005	-1189.3851399004925
0.0504	-376.79279203835176
0.0512	1310.8989956402802
0.052000000000000005	2686.055255416839
0.0528	3498.647585832805
0.0536	4061.21150476014
0.054400000000000004	4248.732810682617
0.055200000000000006	4311.239912613761
0.056	3811.183096562978
0.0568	2936.0836651632562
0.057600000000000005	2060.9842295413837
0.0584	685.8279650094919
0.0592	-689.3283100117696
0.060000000000000005	-2064.4845955612254
0.0608	-3064.598264413944
0.0616	-3939.6977292563533
0.062400000000000004	-4314.740358361974
0.0632	-4502.26167321112
0.064	-4252.233253456128
0.0648	-3377.1337870789575
0.0656	-2377.0201164766913
0.0664	-1126.878036088252
0.06720000000000001	310.78534559119726
0.068	1810.9558185868664
0.0688	2748.562357885763
0.06960000000000001	3498.647585832805
0.0704	4311.239912613761
0.0712	4311.239912613761
0.07200000000000001	4248.732810682617
0.0728	3748.675994459889
0.0736	2936.0836651632562
0.07440000000000001	1873.4629213578883
0.0752	498.3066553978715
0.076	-939.3567247819738
0.07680000000000001	-2252.005908044928
0.0776	-3314.626682502043
0.0784	-4064.7119388704305
0.0792	-4314.740358361974
0.08	-4439.754568239499
0.08080000000000001	-3939.6977292563533
0.0816	-3314.626682502043
0.0824	-2001.9774914436857
0.08320000000000001	-689.3283100117696
0.084	373.29244888178073
0.0848	1810.9558185868664
0.08560000000000001	2998.590767545975
0.0864	3436.1404836222646
0.0872	4123.718606755778
0.08800000000000001	4311.239912613761
0.0888	4123.718606755778
0.0896	3561.154688021925
0.09040000000000001	2686.055255416839
0.0912	1373.406098584237
0.092	248.2782422787859
0.09280000000000001	-1064.3709322976647
0.0936	-2439.5272207251983
0.0944	-3439.640891677642
0.0952	-3877.1906244823476
0.096	-4564.76877820486
0.09680000000000001	-4439.754568239499
0.0976	-3939.6977292563533
0.0984	-3127.1053689031396
0.09920000000000001	-1939.470387348032
0.1	-626.8212063736282
0.1008	685.8279650094919
0.10160000000000001	2060.9842295413837
0.1024	3248.619176861597
0.1032	3748.675994459889
0.10400000000000001	4123.718606755778
0.1048	4373.747014523542
0.1056	3873.6901986444136
0.10640000000000001	3436.1404836222646
0.1072	2561.0410504142637
0.108	1310.8989956402802
0.10880000000000001	-126.76437805086607
0.1096	-1314.399347590399
0.11040000000000001	-2752.062742296199
0.11120000000000001	-3627.162205605244
0.112	-4189.726148572285
0.11280000000000001	-4502.26167321112
0.1136	-4439.754568239499
0.1144	-3814.6835197301116
0.11520000000000001	-3127.1053689031396
0.116	-1876.96328327409
0.1168	-501.80699916247977
0.11760000000000001	873.349274426233
0.1184	2248.50553753064
0.1192	3248.619176861597
0.12000000000000001	3811.183096562978
0.1208	4373.747014523542
0.1216	4436.2541164117865
0.12240000000000001	4061.21150476014
0.1232	3311.12627913669
0.124	2561.0410504142637
0.12480000000000001	1248.3918926745537
0.12560000000000002	-189.2714815151412
0.1264	-1564.4277632318554
0.1272	-2752.062742296199
0.128	-3564.6551009407267
0.1288	-4252.233253456128
0.1296	-4564.76877820486
0.13040000000000002	-4439.754568239499
0.1312	-3689.669310291647
0.132	-2814.569846675964
0.1328	-1564.4277632318554
0.1336	-126.76437805086607
0.13440000000000002	1060.8705836478039
0.13520000000000001	2311.0126401504967
0.136	3311.12627913669
0.1368	3998.704402743082
0.1376	4436.2541164117865
0.1384	4311.239912613761
0.13920000000000002	3873.6901986444136
0.14	3061.097869907273
0.1408	2248.50553753064
0.1416	1060.8705836478039
0.1424	-439.29989558964735
0.1432	-1501.920659288764
0.14400000000000002	-2939.584055501211
0.1448	-3752.1764149999362
0.1456	-4314.740358361974
0.1464	-4627.275883220544
0.1472	-4189.726148572285
0.14800000000000002	-3439.640891677642
0.14880000000000002	-2689.5556379382615
0.1496	-1439.4135553675587
0.1504	-1.7501711875083856
0.1512	1310.8989956402802
0.152	2623.548152926378
0.15280000000000002	3561.154688021925
0.15360000000000001	3873.6901986444136
0.1544	4311.239912613761
0.1552	4311.239912613761
0.156	3811.183096562978
0.1568	2936.0836651632562
0.15760000000000002	1935.970024107315
0.1584	685.8279650094919
0.1592	-626.8212063736282
0.16	-2001.9774914436857
0.1608	-3252.119577947189
0.16160000000000002	-3939.6977292563533
0.16240000000000002	-4377.247463289765
0.1632	-4502.26167321112
0.164	-4002.204834052536
0.1648	-3502.147996298212
0.1656	-2439.5272207251983
0.16640000000000002	-939.3567247819738
0.16720000000000002	185.77113894477952
0.168	1560.9274072864791
0.1688	2748.562357885763
0.1696	3498.647585832805
0.1704	3936.1973007045453
0.17120000000000002	4373.747014523542
0.17200000000000001	4186.2257087298785
0.1728	3686.1688923353795
0.1736	2873.5765627589426
0.1744	1873.4629213578883
0.1752	498.3066553978715
0.17600000000000002	-939.3567247819738
0.1768	-2064.4845955612254
0.1776	-3189.6124734142213
0.1784	-3814.6835197301116
0.1792	-4502.26167321112
0.18000000000000002	-4564.76877820486
0.18080000000000002	-4064.7119388704305
0.1816	-3439.640891677642
0.1824	-2252.005908044928
0.1832	-1001.8638285289635
0.184	435.79955215071095
0.18480000000000002	1810.9558185868664
0.18560000000000001	3186.112074565084
0.1864	3686.1688923353795
0.1872	4186.2257087298785
0.188	4311.239912613761
0.1888	4123.718606755778
0.18960000000000002	3561.154688021925
0.1904	2748.562357885763
0.1912	1498.4203044073656
0.192	123.26403558906168
0.1928	-1064.3709322976647
0.19360000000000002	-2377.0201164766913
0.19440000000000002	-3377.1337870789575
0.1952	-4064.7119388704305
0.196	-4627.275883220544
0.1968	-4377.247463289765
0.1976	-3877.1906244823476
0.19840000000000002	-3252.119577947189
0.19920000000000002	-1939.470387348032
