0	0
0.0008	0.5357322096824646
0.0016	1.1759668588638306
0.0024000000000000002	1.861147165298462
0.0032	2.5309665203094482
0.004	3.124455690383911
0.0048000000000000004	3.5871949195861816
0.0056	3.8802757263183594
0.0064	3.978126049041748
0.007200000000000001	3.871171712875366
0.008	3.5698869228363037
0.0088	3.0994691848754883
0.009600000000000001	2.50020170211792
0.010400000000000001	1.8270918130874634
0.0112	1.1404582262039185
0.012	0.5024322867393494
0.0128	-0.027517009526491165
0.013600000000000001	-0.4019319415092468
0.014400000000000001	-0.5871784090995789
0.0152	-0.5652205944061279
0.016	-0.3382706940174103
0.016800000000000002	0.07317357510328293
0.0176	0.6323660016059875
0.0184	1.2868742942810059
0.019200000000000002	1.9761416912078857
0.02	2.6384992599487305
0.020800000000000003	3.21370267868042
0.0216	3.6503443717956543
0.0224	3.9121785163879395
0.023200000000000002	3.9758944511413574
0.024	3.8350937366485596
0.024800000000000003	3.5033743381500244
0.0256	3.0081841945648193
0.0264	2.3923559188842773
0.027200000000000002	1.712546706199646
0.028	1.029325246810913
0.028800000000000003	0.40506041049957275
0.0296	-0.10176622122526169
0.0304	-0.4463966488838196
0.031200000000000002	-0.5977839827537537
0.032	-0.5408546924591064
0.0328	-0.2812580168247223
0.033600000000000005	0.15775856375694275
0.0344	0.7368365526199341
0.0352	1.4015188217163086
0.036000000000000004	2.0910112857818604
0.0368	2.7430572509765625
0.0376	3.2980127334594727
0.038400000000000004	3.7075822353363037
0.0392	3.937669277191162
0.04	3.9670636653900146
0.0408	3.7928411960601807
0.041600000000000005	3.43149995803833
0.0424	2.9127869606018066
0.0432	2.2820229530334473
0.044000000000000004	1.596976637840271
0.0448	0.9191796183586121
0.0456	0.31097567081451416
0.046400000000000004	-0.17137840390205383
0.0472	-0.4853869080543518
0.048	-0.6024526953697205
0.0488	-0.5107393860816956
0.049600000000000005	-0.21929582953453064
0.0504	0.246268168091774
0.0512	0.8439193964004517
0.052000000000000005	1.5172383785247803
0.0528	2.2050185203552246
0.0536	2.844590663909912
0.054400000000000004	3.377960681915283
0.055200000000000006	3.7596702575683594
0.056	3.9573605060577393
0.0568	3.9523584842681885
0.057600000000000005	3.7454142570495605
0.0584	3.355401039123535
0.0592	2.8143527507781982
0.060000000000000005	2.1700899600982666
0.0608	1.4817190170288086
0.0616	0.8115962743759155
0.062400000000000004	0.22105304896831512
0.0632	-0.235941082239151
0.064	-0.5188152194023132
0.0648	-0.6013219952583313
0.0656	-0.4751870632171631
0.0664	-0.15257158875465393
0.06720000000000001	0.3384024202823639
0.068	0.9530770182609558
0.0688	1.6331453323364258
0.06960000000000001	2.3168883323669434
0.0704	2.9424118995666504
0.0712	3.453258991241455
0.07200000000000001	3.806321382522583
0.0728	3.9712026119232178
0.0736	3.931978940963745
0.07440000000000001	3.692888021469116
0.0752	3.2750022411346436
0.076	2.7129437923431396
0.07680000000000001	2.0571820735931396
0.0776	1.3678237199783325
0.0784	0.7070751190185547
0.0792	0.13541749119758606
0.08	-0.2951793074607849
0.08080000000000001	-0.5462566614151001
0.0816	-0.5940793752670288
0.0824	-0.43398532271385193
0.08320000000000001	-0.08111032843589783
0.084	0.43403634428977966
0.0848	1.0641844272613525
0.08560000000000001	1.749077320098877
0.0864	2.4270708560943604
0.0872	3.037283420562744
0.08800000000000001	3.5245327949523926
0.0888	3.84786057472229
0.0896	3.979257583618164
0.09040000000000001	3.905937433242798
0.0912	3.6354494094848633
0.092	3.1908416748046875
0.09280000000000001	2.6092851161956787
0.0936	1.9440867900848389
0.0944	1.2554908990859985
0.0952	0.605441153049469
0.096	0.05404398962855339
0.09680000000000001	-0.34901806712150574
0.0976	-0.567436158657074
0.0984	-0.5801499485969543
0.09920000000000001	-0.38620924949645996
0.1	-0.0034746702294796705
0.1008	0.5345947742462158
0.10160000000000001	1.1779166460037231
0.1024	1.865771770477295
0.1032	2.5364534854888916
0.10400000000000001	3.129767656326294
0.1048	3.592257022857666
0.1056	3.884962797164917
0.10640000000000001	3.9824256896972656
0.1072	3.875096321105957
0.108	3.573486566543579
0.10880000000000001	3.102768898010254
0.1096	2.503213882446289
0.11040000000000001	1.8300540447235107
0.11120000000000001	1.1435455083847046
0.112	0.5057194828987122
0.11280000000000001	-0.02397984266281128
0.1136	-0.3980948030948639
0.1144	-0.5830162763595581
0.11520000000000001	-0.5607210397720337
0.116	-0.3334336578845978
0.1168	0.07827308773994446
0.11760000000000001	0.6376529932022095
0.1184	1.2924861907958984
0.1192	1.98189115524292
0.12000000000000001	2.643961191177368
0.1208	3.2188897132873535
0.1216	3.655268907546997
0.12240000000000001	3.91670298576355
0.1232	3.9800190925598145
0.124	3.838880777359009
0.12480000000000001	3.5068366527557373
0.12560000000000002	3.011446237564087
0.1264	2.3955557346343994
0.1272	1.7157464027404785
0.128	1.0326874256134033
0.1288	0.4086475670337677
0.1296	-0.09791658818721771
0.13040000000000002	-0.4421595633029938
0.1312	-0.5931469202041626
0.132	-0.5358426570892334
0.1328	-0.27587103843688965
0.1336	0.1634330153465271
0.13440000000000002	0.7426485419273376
0.13520000000000001	1.407505750656128
0.136	2.096973180770874
0.1368	2.7488443851470947
0.1376	3.3037121295928955
0.1384	3.7130565643310547
0.13920000000000002	3.942793846130371
0.14	3.971850872039795
0.1408	3.7972781658172607
0.1416	3.435624599456787
0.1424	2.9166617393493652
0.1432	2.2856850624084473
0.14400000000000002	1.6006637811660767
0.1448	0.9229667782783508
0.1456	0.31490030884742737
0.1464	-0.16717879474163055
0.1472	-0.4808873236179352
0.14800000000000002	-0.5975906848907471
0.14880000000000002	-0.5054898858070374
0.1496	-0.21369636058807373
0.1504	0.2521301209926605
0.1512	0.8499438166618347
0.152	1.523200273513794
0.15280000000000002	2.2108805179595947
0.15360000000000001	2.8503775596618652
0.1544	3.383497476577759
0.1552	3.7648696899414062
0.156	3.9622225761413574
0.1568	3.956895589828491
0.15760000000000002	3.7496140003204346
0.1584	3.3593006134033203
0.1592	2.8181023597717285
0.16	2.17385196685791
0.1608	1.4854686260223389
0.16160000000000002	0.8153083920478821
0.16240000000000002	0.2248401939868927
0.1632	-0.231953963637352
0.164	-0.5145406126976013
0.1648	-0.5967473983764648
0.1656	-0.4702875316143036
0.16640000000000002	-0.14737209677696228
0.16720000000000002	0.34382691979408264
0.168	0.9586514830589294
0.1688	1.6388198137283325
0.1696	2.3226003646850586
0.1704	2.9480488300323486
0.17120000000000002	3.458646059036255
0.17200000000000001	3.811295986175537
0.1728	3.9758145809173584
0.1736	3.9362411499023438
0.1744	3.6967499256134033
0.1752	3.2785520553588867
0.17600000000000002	2.7162933349609375
0.1768	2.060356855392456
0.1776	1.370885968208313
0.1784	0.7101998329162598
0.1792	0.13875466585159302
0.18000000000000002	-0.29159215092658997
0.18080000000000002	-0.5423570275306702
0.1816	-0.5897923111915588
0.1824	-0.4292982816696167
0.1832	-0.07603581994771957
0.184	0.43931084871292114
0.18480000000000002	1.0695838928222656
0.18560000000000001	1.7545768022537231
0.1864	2.43245792388916
0.1872	3.0424578189849854
0.188	3.529407262802124
0.1888	3.852410316467285
0.18960000000000002	3.9834821224212646
0.1904	3.9098246097564697
0.1912	3.6390116214752197
0.192	3.194103717803955
0.1928	2.612272262573242
0.19360000000000002	1.9468865394592285
0.19440000000000002	1.2582156658172607
0.1952	0.608215868473053
0.196	0.05710620433092117
0.1968	-0.34566837549209595
0.1976	-0.5638239979743958
0.19840000000000002	-0.5762128233909607
0.19920000000000002	-0.38193467259407043
