0	-1190.3852531221346
0.0008	-2.750283995817881
0.0016	1497.4201921191416
0.0024000000000000002	2685.0551435389207
0.0032	3622.6616786344675
0.004	4185.22559736832
0.0048000000000000004	4435.254005136085
0.0056	4185.22559736832
0.0064	3872.6900871755206
0.007200000000000001	3247.619065177627
0.008	1997.4770147198578
0.0088	684.827852439892
0.009600000000000001	-627.8213193992269
0.010400000000000001	-2190.4989174323855
0.0112	-3315.626796466415
0.012	-4003.2049482578877
0.0128	-4440.754682598577
0.013600000000000001	-4503.261787592317
0.014400000000000001	-4065.7120530978427
0.0152	-3753.176529117569
0.016	-2440.527334383165
0.016800000000000002	-877.849734169431
0.0176	434.79943949432345
0.0184	1684.9415007564821
0.019200000000000002	2872.576450945693
0.02	3622.6616786344675
0.020800000000000003	4122.718495372683
0.0216	4560.268208891095
0.0224	3997.704291317088
0.023200000000000002	3685.1687808019924
0.024	2810.0693484983058
0.024800000000000003	1934.969911970431
0.0256	309.78523289132863
0.0264	-1002.863941685122
0.027200000000000002	-2315.5131258641486
0.028	-3378.133901065099
0.028800000000000003	-3940.6978434399934
0.0296	-4503.261787592317
0.0304	-4565.768892608001
0.031200000000000002	-4190.726262843586
0.032	-3253.1196918895002
0.0328	-2127.991813249362
0.033600000000000005	-627.8213193992269
0.0344	622.320749236038
0.0352	1747.4486035924056
0.036000000000000004	3060.0977581585175
0.0368	3872.6900871755206
0.0376	4310.23980129516
0.038400000000000004	4497.761107024329
0.0392	4185.22559736832
0.04	3560.1545764453476
0.0408	2622.5480410268065
0.041600000000000005	1434.9130891967798
0.0424	122.26392282411689
0.0432	-1190.3852531221346
0.044000000000000004	-2503.0344386755023
0.0448	-3378.133901065099
0.0456	-4190.726262843586
0.046400000000000004	-4628.275997645687
0.0472	-4440.754682598577
0.048	-4065.7120530978427
0.0488	-3315.626796466415
0.049600000000000005	-1815.4562926615472
0.0504	-565.3142157610855
0.0512	934.8562650387757
0.052000000000000005	2435.0267333614174
0.0528	2997.590655775799
0.0536	3810.1829850724316
0.054400000000000004	4435.254005136085
0.055200000000000006	4247.732699342421
0.056	4185.22559736832
0.0568	3435.1403720027884
0.057600000000000005	2497.533835938084
0.0584	1372.405986252823
0.0592	-252.77869789634133
0.060000000000000005	-1502.9207726193126
0.0608	-2753.0628560634213
0.0616	-3440.6410056856694
0.062400000000000004	-4253.233367749432
0.0632	-4503.261787592317
0.064	-4440.754682598577
0.0648	-4003.2049482578877
0.0656	-2940.5841693340335
0.0664	-1690.4420845791465
0.06720000000000001	-2.750283995817881
0.068	997.3633681342471
0.0688	2310.012528143183
0.06960000000000001	3310.12616747414
0.0704	3935.1971892569563
0.0712	4310.23980129516
0.07200000000000001	4310.23980129516
0.0728	4060.2113933556248
0.0736	3372.6332697492326
0.07440000000000001	2122.4912201539264
0.0752	934.8562650387757
0.076	-440.30000854993705
0.07680000000000001	-1565.4278765841154
0.0776	-2815.569960465131
0.0784	-3753.176529117569
0.0792	-4440.754682598577
0.08	-4565.768892608001
0.08080000000000001	-4378.247577626957
0.0816	-3815.683633869805
0.0824	-2815.569960465131
0.08320000000000001	-1440.4136686762213
0.084	-2.750283995817881
0.0848	1372.405986252823
0.08560000000000001	2685.0551435389207
0.0864	3435.1403720027884
0.0872	4122.718495372683
0.08800000000000001	4372.746903226303
0.0888	4435.254005136085
0.0896	3935.1971892569563
0.09040000000000001	3122.6048605198157
0.0912	2122.4912201539264
0.092	747.3349556220346
0.09280000000000001	-565.3142157610855
0.0936	-1815.4562926615472
0.0944	-3190.6125873346464
0.0952	-3690.6694243873935
0.096	-4378.247577626957
0.09680000000000001	-4565.768892608001
0.0976	-4190.726262843586
0.0984	-3565.655214992701
0.09920000000000001	-2440.527334383165
0.1	-1315.3994608555804
0.1008	-2.750283995817881
0.10160000000000001	1434.9130891967798
0.1024	2685.0551435389207
0.1032	3560.1545764453476
0.10400000000000001	4122.718495372683
0.1048	4247.732699342421
0.1056	4435.254005136085
0.10640000000000001	3872.6900871755206
0.1072	3060.0977581585175
0.108	1872.462809199409
0.10880000000000001	434.79943949432345
0.1096	-815.3426304442692
0.11040000000000001	-2127.991813249362
0.11120000000000001	-3253.1196918895002
0.112	-4190.726262843586
0.11280000000000001	-4440.754682598577
0.1136	-4565.768892608001
0.1144	-4065.7120530978427
0.11520000000000001	-3503.148110328184
0.116	-2253.0060216374113
0.1168	-1065.3710454757093
0.11760000000000001	247.27812955732225
0.1184	1809.955706406734
0.1192	2997.590655775799
0.12000000000000001	3747.675882947922
0.1208	4060.2113933556248
0.1216	4372.746903226303
0.12240000000000001	4497.761107024329
0.1232	3685.1687808019924
0.124	2872.576450945693
0.12480000000000001	1684.9415007564821
0.12560000000000002	309.78523289132863
0.1264	-1065.3710454757093
0.1272	-2253.0060216374113
0.128	-3315.626796466415
0.1288	-4003.2049482578877
0.1296	-4565.768892608001
0.13040000000000002	-4628.275997645687
0.1312	-4003.2049482578877
0.132	-3378.133901065099
0.1328	-2190.4989174323855
0.1336	-877.849734169431
0.13440000000000002	622.320749236038
0.13520000000000001	1684.9415007564821
0.136	3310.12616747414
0.1368	3497.6474742348073
0.1376	4122.718495372683
0.1384	4435.254005136085
0.13920000000000002	4122.718495372683
0.14	3685.1687808019924
0.1408	2497.533835938084
0.1416	1434.9130891967798
0.1424	-2.750283995817881
0.1432	-1252.8923569778563
0.14400000000000002	-2565.5415429897257
0.1448	-3503.148110328184
0.1456	-4128.219157959742
0.1464	-4565.768892608001
0.1472	-4503.261787592317
0.14800000000000002	-4003.2049482578877
0.14880000000000002	-3065.598378290597
0.1496	-2002.9776049486827
0.1504	-502.80711214459734
0.1512	809.8420587826404
0.152	2059.984117447748
0.15280000000000002	3122.6048605198157
0.15360000000000001	3872.6900871755206
0.1544	4310.23980129516
0.1552	4372.746903226303
0.156	4185.22559736832
0.1568	3497.6474742348073
0.15760000000000002	2560.040938493272
0.1584	1184.8846772909164
0.1592	-502.80711214459734
0.16	-1377.906564755016
0.1608	-2628.048647325719
0.16160000000000002	-3815.683633869805
0.16240000000000002	-4503.261787592317
0.1632	-4565.768892608001
0.164	-4628.275997645687
0.1648	-3753.176529117569
0.1656	-3003.0912738014013
0.16640000000000002	-1877.9633967354894
0.16720000000000002	-440.30000854993705
0.168	997.3633681342471
0.1688	2560.040938493272
0.1696	3435.1403720027884
0.1704	3810.1829850724316
0.17120000000000002	4435.254005136085
0.17200000000000001	4497.761107024329
0.1728	3872.6900871755206
0.1736	3372.6332697492326
0.1744	2372.5196307630395
0.1752	872.3491619215347
0.17600000000000002	-315.28580142580904
0.1768	-1690.4420845791465
0.1776	-2815.569960465131
0.1784	-3815.683633869805
0.1792	-4128.219157959742
0.18000000000000002	-4628.275997645687
0.18080000000000002	-4378.247577626957
0.1816	-3940.6978434399934
0.1824	-2565.5415429897257
0.1832	-1440.4136686762213
0.184	-2.750283995817881
0.18480000000000002	997.3633681342471
0.18560000000000001	2622.5480410268065
0.1864	3560.1545764453476
0.1872	4185.22559736832
0.188	4497.761107024329
0.1888	4560.268208891095
0.18960000000000002	3997.704291317088
0.1904	3122.6048605198157
0.1912	2310.012528143183
0.192	684.827852439892
0.1928	-565.3142157610855
0.19360000000000002	-1940.470500831143
0.19440000000000002	-3190.6125873346464
0.1952	-3628.1623196791043
0.196	-4440.754682598577
0.1968	-4690.78310270526
0.1976	-4253.233367749432
0.19840000000000002	-3628.1623196791043
0.19920000000000002	-2253.0060216374113
