0	0
0.0008	0.6175841689109802
0.0016	1.3103362321853638
0.0024000000000000002	2.0154995918273926
0.0032	2.6697301864624023
0.004	3.2131714820861816
0.0048000000000000004	3.5996530055999756
0.0056	3.7964534759521484
0.0064	3.7848618030548096
0.007200000000000001	3.566328763961792
0.008	3.160464286804199
0.0088	2.6008028984069824
0.009600000000000001	1.9354768991470337
0.010400000000000001	1.225730538368225
0.0112	0.5368320941925049
0.012	-0.06828731298446655
0.0128	-0.534020721912384
0.013600000000000001	-0.8193597197532654
0.014400000000000001	-0.8977320194244385
0.0152	-0.7612132430076599
0.016	-0.42292696237564087
0.016800000000000002	0.08763005584478378
0.0176	0.7235249876976013
0.0184	1.4249011278152466
0.019200000000000002	2.1287522315979004
0.02	2.770946502685547
0.020800000000000003	3.2929773330688477
0.0216	3.650836706161499
0.0224	3.8142154216766357
0.023200000000000002	3.767402410507202
0.024	3.5150349140167236
0.024800000000000003	3.0796360969543457
0.0256	2.4970145225524902
0.0264	1.81910240650177
0.027200000000000002	1.1086184978485107
0.028	0.4292565882205963
0.028800000000000003	-0.15628975629806519
0.0296	-0.5943884253501892
0.0304	-0.8465682864189148
0.031200000000000002	-0.8889316916465759
0.032	-0.717103898525238
0.0328	-0.3472207188606262
0.033600000000000005	0.18819639086723328
0.0344	0.83945232629776
0.0352	1.545728087425232
0.036000000000000004	2.243954658508301
0.0368	2.8702127933502197
0.0376	3.367558717727661
0.038400000000000004	3.694646120071411
0.0392	3.823453187942505
0.04	3.741331100463867
0.0408	3.4563796520233154
0.041600000000000005	2.9928336143493652
0.0424	2.3895263671875
0.0432	1.70157790184021
0.044000000000000004	0.991644024848938
0.0448	0.3234684467315674
0.0456	-0.24089252948760986
0.046400000000000004	-0.6505815386772156
0.0472	-0.8692272901535034
0.048	-0.8755818009376526
0.0488	-0.6690699458122253
0.049600000000000005	-0.2687147259712219
0.0504	0.290162593126297
0.0512	0.9551922678947449
0.052000000000000005	1.6646926403045654
0.0528	2.3554322719573975
0.0536	2.9636924266815186
0.054400000000000004	3.4350407123565674
0.055200000000000006	3.730668783187866
0.056	3.8245668411254883
0.0568	3.707610845565796
0.057600000000000005	3.391162395477295
0.0584	2.9016189575195312
0.0592	2.280338764190674
0.060000000000000005	1.584265947341919
0.0608	0.8767317533493042
0.0616	0.22190487384796143
0.062400000000000004	-0.3196958899497986
0.0632	-0.6998128890991211
0.064	-0.8842120170593262
0.0648	-0.8546076416969299
0.0656	-0.6142866611480713
0.0664	-0.18499675393104553
0.06720000000000001	0.3954784870147705
0.068	1.072556972503662
0.0688	1.7836322784423828
0.06960000000000001	2.464772939682007
0.0704	3.0532848834991455
0.0712	3.4975357055664062
0.07200000000000001	3.7610044479370117
0.0728	3.8197309970855713
0.0736	3.668091058731079
0.07440000000000001	3.3206207752227783
0.0752	2.805917263031006
0.076	2.167938709259033
0.07680000000000001	1.4654541015625
0.0776	0.7624819874763489
0.0784	0.12290354818105698
0.0792	-0.3944871425628662
0.08	-0.743844747543335
0.08080000000000001	-0.89323490858078
0.0816	-0.8277215957641602
0.0824	-0.5541539192199707
0.08320000000000001	-0.0967792272567749
0.084	0.504006564617157
0.0848	1.1913840770721436
0.08560000000000001	1.9017969369888306
0.0864	2.5713887214660645
0.0872	3.1387901306152344
0.08800000000000001	3.555006265640259
0.0888	3.7856407165527344
0.0896	3.808983325958252
0.09040000000000001	3.6229841709136963
0.0912	3.2451045513153076
0.092	2.706153631210327
0.09280000000000001	2.052851438522339
0.0936	1.3458797931671143
0.0944	0.6491070985794067
0.0952	0.02611450105905533
0.096	-0.4657662510871887
0.09680000000000001	-0.7833895087242126
0.0976	-0.8972207903862
0.0984	-0.7958235144615173
0.09920000000000001	-0.4895215630531311
0.1	-0.004949542693793774
0.1008	0.6145094633102417
0.10160000000000001	1.3098987340927124
0.1024	2.0178868770599365
0.1032	2.6744797229766846
0.10400000000000001	3.2196707725524902
0.1048	3.607189893722534
0.1056	3.8043651580810547
0.10640000000000001	3.7923362255096436
0.1072	3.57265305519104
0.108	3.165151357650757
0.10880000000000001	2.6032025814056396
0.1096	1.9366893768310547
0.11040000000000001	1.227117896080017
0.11120000000000001	0.5382694602012634
0.112	-0.06657496094703674
0.11280000000000001	-0.5320083498954773
0.1136	-0.8170974254608154
0.1144	-0.8950822353363037
0.11520000000000001	-0.7580885291099548
0.116	-0.41937729716300964
0.1168	0.09160467982292175
0.11760000000000001	0.7279371023178101
0.1184	1.429600715637207
0.1192	2.133514165878296
0.12000000000000001	2.775608539581299
0.1208	3.2975268363952637
0.1216	3.6551737785339355
0.12240000000000001	3.818189859390259
0.1232	3.770977020263672
0.124	3.518284797668457
0.12480000000000001	3.0821609497070312
0.12560000000000002	2.4988644123077393
0.1264	1.8208147287368774
0.1272	1.1102808713912964
0.128	0.43106892704963684
0.1288	-0.1545524001121521
0.1296	-0.5926385521888733
0.13040000000000002	-0.844418466091156
0.1312	-0.8864569067955017
0.132	-0.7142791748046875
0.1328	-0.34394600987434387
0.1336	0.19192105531692505
0.13440000000000002	0.8437769412994385
0.13520000000000001	1.5504151582717896
0.136	2.2485666275024414
0.1368	2.8747000694274902
0.1376	3.3717832565307617
0.1384	3.698720693588257
0.13920000000000002	3.8273403644561768
0.14	3.7445809841156006
0.1408	3.458979368209839
0.1416	2.995020866394043
0.1424	2.391488790512085
0.1432	1.7035151720046997
0.14400000000000002	0.9936813116073608
0.1448	0.32568076252937317
0.1456	-0.238530233502388
0.1464	-0.6478192806243896
0.1472	-0.8660025596618652
0.14800000000000002	-0.8720821142196655
0.14880000000000002	-0.6652827858924866
0.1496	-0.2646650969982147
0.1504	0.29438722133636475
0.1512	0.9597168564796448
0.152	1.6694297790527344
0.15280000000000002	2.360106945037842
0.15360000000000001	2.9683420658111572
0.1544	3.4395527839660645
0.1552	3.7351558208465576
0.156	3.8289663791656494
0.1568	3.7113230228424072
0.15760000000000002	3.394162178039551
0.1584	2.904193639755249
0.1592	2.2826008796691895
0.16	1.5864782333374023
0.1608	0.8789815902709961
0.16160000000000002	0.22432966530323029
0.16240000000000002	-0.3168586194515228
0.1632	-0.6965131759643555
0.164	-0.8804373741149902
0.1648	-0.8503830432891846
0.1656	-0.6097495555877686
0.16640000000000002	-0.18017220497131348
0.16720000000000002	0.4005030393600464
0.168	1.0774815082550049
0.1688	1.7884818315505981
0.1696	2.4695348739624023
0.1704	3.058084487915039
0.17120000000000002	3.5023977756500244
0.17200000000000001	3.7658040523529053
0.1728	3.8243680000305176
0.1736	3.672178030014038
0.1744	3.3242578506469727
0.1752	2.8093669414520264
0.17600000000000002	2.1713008880615234
0.1768	1.4687787294387817
0.1776	0.765731692314148
0.1784	0.12624076008796692
0.1792	-0.3908749520778656
0.18000000000000002	-0.7399325966835022
0.18080000000000002	-0.8889477849006653
0.1816	-0.8229095339775085
0.1824	-0.5489668846130371
0.1832	-0.09112975001335144
0.184	0.5099685192108154
0.18480000000000002	1.1972835063934326
0.18560000000000001	1.9076464176177979
0.1864	2.5770130157470703
0.1872	3.144514560699463
0.188	3.5608432292938232
0.1888	3.7913026809692383
0.18960000000000002	3.814457654953003
0.1904	3.628058671951294
0.1912	3.2498040199279785
0.192	2.710465669631958
0.1928	2.056826114654541
0.19360000000000002	1.349779486656189
0.19440000000000002	0.6531067490577698
0.1952	0.03010164014995098
0.196	-0.4617166221141815
0.1968	-0.7790899276733398
0.1976	-0.8926336765289307
0.19840000000000002	-0.7907490134239197
0.19920000000000002	-0.4839595854282379
