0	-1419.6613103867276
0.0008	-169.51923609909136
0.0016	1268.1441385892686
0.0024000000000000002	2580.7932967827655
0.0032	3643.4140369239612
0.004	4018.456649606582
0.0048000000000000004	4268.485057631915
0.0056	4456.0063634255785
0.0064	3955.94954754645
0.007200000000000001	3205.8643211489543
0.008	2143.24357844342
0.0088	955.6086233282695
0.009600000000000001	-544.5618574715918
0.010400000000000001	-2044.732350798673
0.0112	-3044.846020001103
0.012	-3982.452589968394
0.0128	-4482.509429302823
0.013600000000000001	-4607.523639356194
0.014400000000000001	-4357.495219337463
0.0152	-3607.4099613896105
0.016	-2544.789184700232
0.016800000000000002	-1357.1542064655223
0.0176	80.50917771452805
0.0184	1455.6654474862735
0.019200000000000002	2955.835911660979
0.02	3455.892730292282
0.020800000000000003	4143.4708536621765
0.0216	4456.0063634255785
0.0224	4643.527669026051
0.023200000000000002	3830.9353433619253
0.024	2955.835911660979
0.024800000000000003	1893.2151674889028
0.0256	518.0589010527474
0.0264	-919.6044796269271
0.027200000000000002	-2169.746559142892
0.028	-3044.846020001103
0.028800000000000003	-4107.466799670248
0.0296	-4545.016534318507
0.0304	-4545.016534318507
0.031200000000000002	-4232.481009459938
0.032	-3482.3957520386903
0.0328	-2419.7749760936713
0.033600000000000005	-1044.6186871862155
0.0344	330.53759118082235
0.0352	1768.2009618818993
0.036000000000000004	2830.8217067877995
0.0368	3643.4140369239612
0.0376	4205.977955657814
0.038400000000000004	4518.513465313823
0.0392	4205.977955657814
0.04	3580.9069347348413
0.0408	2768.3146043188754
0.041600000000000005	1955.7222702599247
0.0424	18.002074293675832
0.0432	-1044.6186871862155
0.044000000000000004	-2169.746559142892
0.0448	-3419.8886473961757
0.0456	-4169.973904554092
0.046400000000000004	-4670.030744415766
0.0472	-4545.016534318507
0.048	-4169.973904554092
0.0488	-3357.3815427756053
0.049600000000000005	-2294.760767574655
0.0504	-607.0689611097332
0.0512	768.0873139115283
0.052000000000000005	1705.6938590459758
0.0528	3080.8501164480112
0.0536	3893.4424454650143
0.054400000000000004	4330.992159584654
0.055200000000000006	4456.0063634255785
0.056	4205.977955657814
0.0568	3518.399832524301
0.057600000000000005	2768.3146043188754
0.0584	1643.1867561885156
0.0592	-44.505029148829635
0.060000000000000005	-1232.1399986883625
0.0608	-2544.789184700232
0.0616	-3732.424170828075
0.062400000000000004	-4169.973904554092
0.0632	-4232.481009459938
0.064	-4545.016534318507
0.0648	-3919.9454851504997
0.0656	-3107.353124512185
0.0664	-1857.2110384459957
0.06720000000000001	-544.5618574715918
0.068	893.1015202110284
0.0688	2268.2577837911085
0.06960000000000001	3205.8643211489543
0.0704	3893.4424454650143
0.0712	4393.499261515797
0.07200000000000001	4456.0063634255785
0.0728	3955.94954754645
0.0736	3705.921139091486
0.07440000000000001	2393.271989052533
0.0752	1330.65124157659
0.076	-169.51923609909136
0.07680000000000001	-1357.1542064655223
0.0776	-2669.8033933941624
0.0784	-3607.4099613896105
0.0792	-4294.988114387728
0.08	-4545.016534318507
0.08080000000000001	-4482.509429302823
0.0816	-3732.424170828075
0.0824	-3044.846020001103
0.08320000000000001	-1794.7039343720535
0.084	-482.0547538551036
0.0848	1143.1299325498403
0.08560000000000001	2580.7932967827655
0.0864	3268.3714234671206
0.0872	3955.94954754645
0.08800000000000001	4393.499261515797
0.0888	4268.485057631915
0.0896	3893.4424454650143
0.09040000000000001	3393.3856280387263
0.0912	2268.2577837911085
0.092	955.6086233282695
0.09280000000000001	-482.0547538551036
0.0936	-1607.1826222811942
0.0944	-3107.353124512185
0.0952	-3982.452589968394
0.096	-4420.002324309084
0.09680000000000001	-4607.523639356194
0.0976	-4044.959694808349
0.0984	-3857.438380354317
0.09920000000000001	-2919.83181104454
0.1	-1482.168414329819
0.1008	18.002074293675832
0.10160000000000001	1268.1441385892686
0.1024	2330.7648864326766
0.1032	3518.399832524301
0.10400000000000001	4143.4708536621765
0.1048	4268.485057631915
0.1056	4268.485057631915
0.10640000000000001	3768.428241237416
0.1072	3393.3856280387263
0.108	1955.7222702599247
0.10880000000000001	580.566004299908
0.1096	-482.0547538551036
0.11040000000000001	-1919.7181425416493
0.11120000000000001	-3294.874438176921
0.112	-3794.931275580311
0.11280000000000001	-4357.495219337463
0.1136	-4357.495219337463
0.1144	-4420.002324309084
0.11520000000000001	-3607.4099613896105
0.116	-2544.789184700232
0.1168	-1232.1399986883625
0.11760000000000001	268.03048784681596
0.1184	1518.1725504086353
0.1192	2643.3003993163
0.12000000000000001	3643.4140369239612
0.1208	4268.485057631915
0.1216	4393.499261515797
0.12240000000000001	4268.485057631915
0.1232	3768.428241237416
0.124	3018.3430140652927
0.12480000000000001	1955.7222702599247
0.12560000000000002	580.566004299908
0.1264	-732.083168451325
0.1272	-2169.746559142892
0.128	-3419.8886473961757
0.1288	-3982.452589968394
0.1296	-4420.002324309084
0.13040000000000002	-4545.016534318507
0.1312	-4169.973904554092
0.132	-3544.9028567032074
0.1328	-2294.760767574655
0.1336	-982.1115833956283
0.13440000000000002	330.53759118082235
0.13520000000000001	1580.679653309402
0.136	2830.8217067877995
0.1368	3455.892730292282
0.1376	4143.4708536621765
0.1384	4393.499261515797
0.13920000000000002	4205.977955657814
0.14	3518.399832524301
0.1408	3080.8501164480112
0.1416	1643.1867561885156
0.1424	393.0446944932337
0.1432	-919.6044796269271
0.14400000000000002	-2357.267871823162
0.1448	-3419.8886473961757
0.1456	-3919.9454851504997
0.1464	-4545.016534318507
0.1472	-4420.002324309084
0.14800000000000002	-3982.452589968394
0.14880000000000002	-3294.874438176921
0.1496	-2169.746559142892
0.1504	-669.5760647696443
0.1512	643.0731075255317
0.152	1893.2151674889028
0.15280000000000002	3080.8501164480112
0.15360000000000001	3768.428241237416
0.1544	4268.485057631915
0.1552	4456.0063634255785
0.156	4018.456649606582
0.1568	3518.399832524301
0.15760000000000002	2705.8075018284144
0.1584	1580.679653309402
0.1592	18.002074293675832
0.16	-1357.1542064655223
0.1608	-2544.789184700232
0.16160000000000002	-3544.9028567032074
0.16240000000000002	-3857.438380354317
0.1632	-4670.030744415766
0.164	-4545.016534318507
0.1648	-3857.438380354317
0.1656	-3169.8602290451527
0.16640000000000002	-1794.7039343720535
0.16720000000000002	-607.0689611097332
0.168	955.6086233282695
0.1688	2268.2577837911085
0.1696	3205.8643211489543
0.1704	3830.9353433619253
0.17120000000000002	4268.485057631915
0.17200000000000001	4268.485057631915
0.1728	4268.485057631915
0.1736	3455.892730292282
0.1744	2518.2861942275777
0.1752	1205.6370355804102
0.17600000000000002	143.0162811136106
0.1768	-1419.6613103867276
0.1776	-2732.3104977739276
0.1784	-3544.9028567032074
0.1792	-4232.481009459938
0.18000000000000002	-4482.509429302823
0.18080000000000002	-4545.016534318507
0.1816	-3794.931275580311
0.1824	-3044.846020001103
0.1832	-1607.1826222811942
0.184	-294.5334431363153
0.18480000000000002	1080.6228294976172
0.18560000000000001	2643.3003993163
0.1864	3268.3714234671206
0.1872	3955.94954754645
0.188	4393.499261515797
0.1888	4268.485057631915
0.18960000000000002	3955.94954754645
0.1904	3330.8785257636337
0.1912	2205.7506811280036
0.192	830.5944170721341
0.1928	-232.0263396068476
0.19360000000000002	-1669.6897262896528
0.19440000000000002	-2794.817602175637
0.1952	-3857.438380354317
0.196	-4482.509429302823
0.1968	-4482.509429302823
0.1976	-4169.973904554092
0.19840000000000002	-3482.3957520386903
0.19920000000000002	-2857.3247065991745
