0	0
0.0008	0.6004062294960022
0.0016	1.2793049812316895
0.0024000000000000002	1.9746521711349487
0.0032	2.6248035430908203
0.004	3.1701653003692627
0.0048000000000000004	3.5630416870117188
0.0056	3.770798683166504
0.0064	3.774113655090332
0.007200000000000001	3.5727365016937256
0.008	3.1851158142089844
0.0088	2.6432478427886963
0.009600000000000001	1.9948158264160156
0.010400000000000001	1.299863338470459
0.0112	0.620421826839447
0.012	0.018535053357481956
0.0128	-0.44965267181396484
0.013600000000000001	-0.7431954145431519
0.014400000000000001	-0.8349334597587585
0.0152	-0.7153301239013672
0.016	-0.3962090313434601
0.016800000000000002	0.09432034194469452
0.0176	0.7119749188423157
0.0184	1.3980854749679565
0.019200000000000002	2.0906829833984375
0.02	2.727398157119751
0.020800000000000003	3.24947452545166
0.0216	3.61297869682312
0.0224	3.7875266075134277
0.023200000000000002	3.755932569503784
0.024	3.52164626121521
0.024800000000000003	3.1056532859802246
0.0256	2.542337656021118
0.0264	1.8817068338394165
0.027200000000000002	1.1847045421600342
0.028	0.5138121843338013
0.028800000000000003	-0.06925150007009506
0.0296	-0.5107293725013733
0.0304	-0.7720504403114319
0.031200000000000002	-0.8284919857978821
0.032	-0.6742171049118042
0.0328	-0.3241240382194519
0.033600000000000005	0.1910904496908188
0.0344	0.824318528175354
0.0352	1.515953540802002
0.036000000000000004	2.203751564025879
0.0368	2.825068235397339
0.0376	3.323596715927124
0.038400000000000004	3.6576039791107178
0.0392	3.798405170440674
0.04	3.732301950454712
0.0408	3.465806484222412
0.041600000000000005	3.022303819656372
0.0424	2.43884015083313
0.0432	1.7675979137420654
0.044000000000000004	1.070458173751831
0.0448	0.41023972630500793
0.0456	-0.15237601101398468
0.046400000000000004	-0.5660567283630371
0.0472	-0.7944810390472412
0.048	-0.815588653087616
0.0488	-0.6272421479225159
0.049600000000000005	-0.2471269965171814
0.0504	0.2915101945400238
0.0512	0.9388994574546814
0.052000000000000005	1.6342216730117798
0.0528	2.3148326873779297
0.0536	2.9188761711120605
0.054400000000000004	3.38704514503479
0.055200000000000006	3.6851308345794678
0.056	3.7917230129241943
0.0568	3.691223382949829
0.057600000000000005	3.3931808471679688
0.0584	2.9231059551239014
0.0592	2.320794105529785
0.060000000000000005	1.6408277750015259
0.0608	0.9456877708435059
0.0616	0.2980055809020996
0.062400000000000004	-0.24266235530376434
0.0632	-0.6276084184646606
0.064	-0.8224861025810242
0.0648	-0.808059811592102
0.0656	-0.5860791206359863
0.0664	-0.17676682770252228
0.06720000000000001	0.38429319858551025
0.068	1.0442062616348267
0.0688	1.7410032749176025
0.06960000000000001	2.4128150939941406
0.0704	2.9985103607177734
0.0712	3.4426941871643066
0.07200000000000001	3.71154522895813
0.0728	3.7837283611297607
0.0736	3.649057149887085
0.07440000000000001	3.320267915725708
0.0752	2.8247828483581543
0.076	2.2052605152130127
0.07680000000000001	1.5187071561813354
0.0776	0.8272542953491211
0.0784	0.19335821270942688
0.0792	-0.32439953088760376
0.08	-0.6798985600471497
0.08080000000000001	-0.8408046960830688
0.0816	-0.7910693883895874
0.0824	-0.5360669493675232
0.08320000000000001	-0.09841993451118469
0.084	0.4835256040096283
0.0848	1.1539876461029053
0.08560000000000001	1.8508222103118896
0.0864	2.512472629547119
0.0872	3.0785322189331055
0.08800000000000001	3.498993396759033
0.0888	3.7389347553253174
0.0896	3.7765088081359863
0.09040000000000001	3.6081907749176025
0.0912	3.249542236328125
0.092	2.730034589767456
0.09280000000000001	2.0952136516571045
0.0936	1.4037482738494873
0.0944	0.717557430267334
0.0952	0.09895981848239899
0.096	-0.3946628272533417
0.09680000000000001	-0.7195149660110474
0.0976	-0.8458620309829712
0.0984	-0.7609802484512329
0.09920000000000001	-0.4734310209751129
0.1	-0.008549164049327374
0.1008	0.5921445488929749
0.10160000000000001	1.2711308002471924
0.1024	1.9664279222488403
0.1032	2.6163668632507324
0.10400000000000001	3.1613285541534424
0.1048	3.5537173748016357
0.1056	3.7609996795654297
0.10640000000000001	3.763902187347412
0.1072	3.562187671661377
0.108	3.174241781234741
0.10880000000000001	2.6320741176605225
0.1096	1.9834669828414917
0.11040000000000001	1.288514494895935
0.11120000000000001	0.6091979146003723
0.112	0.007523632142692804
0.11280000000000001	-0.4603766202926636
0.1136	-0.7535694241523743
0.1144	-0.8448449969291687
0.11520000000000001	-0.7247917056083679
0.116	-0.4052456319332123
0.1168	0.0856836810708046
0.11760000000000001	0.7036257386207581
0.1184	1.389836311340332
0.1192	2.082346200942993
0.12000000000000001	2.7189364433288574
0.1208	3.2411253452301025
0.1216	3.6044921875
0.12240000000000001	3.7785274982452393
0.1232	3.746596097946167
0.124	3.5119223594665527
0.12480000000000001	3.0955419540405273
0.12560000000000002	2.5319137573242188
0.1264	1.871107816696167
0.1272	1.174193024635315
0.128	0.503413200378418
0.1288	-0.07945049554109573
0.1296	-0.5205534100532532
0.13040000000000002	-0.781486988067627
0.1312	-0.8375161290168762
0.132	-0.6828662753105164
0.1328	-0.3324356973171234
0.1336	0.18309122323989868
0.13440000000000002	0.8164942860603333
0.13520000000000001	1.5080918073654175
0.136	2.1957898139953613
0.1368	2.8169689178466797
0.1376	3.3151726722717285
0.1384	3.64877986907959
0.13920000000000002	3.789156198501587
0.14	3.722628116607666
0.1408	3.455732583999634
0.1416	3.0119049549102783
0.1424	2.4282162189483643
0.1432	1.7568864822387695
0.14400000000000002	1.059759259223938
0.1448	0.3996032476425171
0.1456	-0.16277499496936798
0.1464	-0.5760807394981384
0.1472	-0.8041300773620605
0.14800000000000002	-0.824887752532959
0.14880000000000002	-0.636178731918335
0.1496	-0.255726158618927
0.1504	0.28318601846694946
0.1512	0.9306252598762512
0.152	1.6258974075317383
0.15280000000000002	2.306483507156372
0.15360000000000001	2.9104645252227783
0.1544	3.383695363998413
0.1552	3.6867055892944336
0.156	3.79291033744812
0.1568	3.6919608116149902
0.15760000000000002	3.3935434818267822
0.1584	2.9231934547424316
0.1592	2.3207192420959473
0.16	1.6405903100967407
0.1608	0.9453628063201904
0.16160000000000002	0.2977555990219116
0.16240000000000002	-0.24272483587265015
0.1632	-0.6273334622383118
0.164	-0.8219111561775208
0.1648	-0.8071599006652832
0.1656	-0.5847792029380798
0.16640000000000002	-0.17517948150634766
0.16720000000000002	0.38603055477142334
0.168	1.046068549156189
0.1688	1.7429405450820923
0.1696	2.4146149158477783
0.1704	3.000147819519043
0.17120000000000002	3.4473438262939453
0.17200000000000001	3.719057083129883
0.1728	3.7908902168273926
0.1736	3.6558940410614014
0.1744	3.3268423080444336
0.1752	2.8311572074890137
0.17600000000000002	2.211397409439087
0.1768	1.524718999862671
0.1776	0.8333411812782288
0.1784	0.19960759580135345
0.1792	-0.317900151014328
0.18000000000000002	-0.673061728477478
0.18080000000000002	-0.833630383014679
0.1816	-0.7835451364517212
0.1824	-0.528167724609375
0.1832	-0.09027073532342911
0.184	0.4919622540473938
0.18480000000000002	1.162686824798584
0.18560000000000001	1.8595962524414062
0.1864	2.5211966037750244
0.1872	3.0870063304901123
0.188	3.5071799755096436
0.1888	3.746858835220337
0.18960000000000002	3.7841079235076904
0.1904	3.6153900623321533
0.1912	3.2564165592193604
0.192	2.7366340160369873
0.1928	2.101487874984741
0.19360000000000002	1.4100226163864136
0.19440000000000002	0.7241942882537842
0.1952	0.10595913976430893
0.196	-0.3874635398387909
0.1968	-0.7121031880378723
0.1976	-0.8380752801895142
0.19840000000000002	-0.7528060674667358
0.19920000000000002	-0.46488186717033386
