0	0
0.0008	0.6002578735351562
0.0016	1.2795331478118896
0.0024000000000000002	1.975244402885437
0.0032	2.625535011291504
0.004	3.171048164367676
0.0048000000000000004	3.5645134449005127
0.0056	3.7731220722198486
0.0064	3.777276039123535
0.007200000000000001	3.576725482940674
0.008	3.189906358718872
0.0088	2.648314952850342
0.009600000000000001	1.9995845556259155
0.010400000000000001	1.3041962385177612
0.0112	0.624431312084198
0.012	0.022133653983473778
0.0128	-0.4470273554325104
0.013600000000000001	-0.7417934536933899
0.014400000000000001	-0.8346047401428223
0.0152	-0.7160621881484985
0.016	-0.39740195870399475
0.016800000000000002	0.0940164178609848
0.0176	0.7131724953651428
0.0184	1.4015344381332397
0.019200000000000002	2.096670627593994
0.02	2.735412359237671
0.020800000000000003	3.26031494140625
0.0216	3.626682996749878
0.0224	3.80295729637146
0.023200000000000002	3.7725021839141846
0.024	3.5386176109313965
0.024800000000000003	3.121701240539551
0.0256	2.5564498901367188
0.0264	1.8937584161758423
0.027200000000000002	1.1940829753875732
0.028	0.5201175212860107
0.028800000000000003	-0.06588177382946014
0.0296	-0.5100952982902527
0.0304	-0.7733270525932312
0.031200000000000002	-0.8310294151306152
0.032	-0.6774902939796448
0.0328	-0.3273456394672394
0.033600000000000005	0.18915779888629913
0.0344	0.8241748213768005
0.0352	1.5176362991333008
0.036000000000000004	2.207585573196411
0.0368	2.8314785957336426
0.0376	3.3327460289001465
0.038400000000000004	3.668917179107666
0.0392	3.8112072944641113
0.04	3.746018171310425
0.0408	3.479611873626709
0.041600000000000005	3.0349981784820557
0.0424	2.44913649559021
0.0432	1.775346040725708
0.044000000000000004	1.0756081342697144
0.0448	0.4120416045188904
0.0456	-0.15368472039699554
0.046400000000000004	-0.5699385404586792
0.0472	-0.8002111315727234
0.048	-0.8224295377731323
0.0488	-0.6344313621520996
0.049600000000000005	-0.2537771761417389
0.0504	0.2863989770412445
0.0512	0.9357271194458008
0.052000000000000005	1.6328881978988647
0.0528	2.316263198852539
0.0536	2.923532724380493
0.054400000000000004	3.399590253829956
0.055200000000000006	3.7048392295837402
0.056	3.812682867050171
0.0568	3.712859630584717
0.057600000000000005	3.414806604385376
0.0584	2.9438955783843994
0.0592	2.339898109436035
0.060000000000000005	1.6578459739685059
0.0608	0.9598204493522644
0.0616	0.308502733707428
0.062400000000000004	-0.23513831198215485
0.0632	-0.6223075985908508
0.064	-0.8188959956169128
0.0648	-0.8054429888725281
0.0656	-0.5834606885910034
0.0664	-0.17342187464237213
0.06720000000000001	0.38916459679603577
0.068	1.0515539646148682
0.0688	1.7512023448944092
0.06960000000000001	2.4261155128479004
0.0704	3.0147745609283447
0.0712	3.464709520339966
0.07200000000000001	3.7385990619659424
0.0728	3.811833620071411
0.0736	3.6776015758514404
0.07440000000000001	3.3486764430999756
0.0752	2.8524930477142334
0.076	2.231497287750244
0.07680000000000001	1.5425457954406738
0.0776	0.8480449318885803
0.0784	0.21108825504779816
0.0792	-0.3089926540851593
0.08	-0.6661399602890015
0.08080000000000001	-0.828406810760498
0.0816	-0.7793823480606079
0.0824	-0.5241408348083496
0.08320000000000001	-0.0856173038482666
0.084	0.49744221568107605
0.0848	1.1703931093215942
0.08560000000000001	1.8705164194107056
0.0864	2.5347306728363037
0.0872	3.103154182434082
0.08800000000000001	3.5260791778564453
0.0888	3.7679219245910645
0.0896	3.806535005569458
0.09040000000000001	3.638406276702881
0.0912	3.279309034347534
0.092	2.75899076461792
0.09280000000000001	2.122483968734741
0.0936	1.4283580780029297
0.0944	0.7394065856933594
0.0952	0.11831081658601761
0.096	-0.3773350417613983
0.09680000000000001	-0.7038354277610779
0.0976	-0.8315182328224182
0.0984	-0.7472097873687744
0.09920000000000001	-0.4595089852809906
0.1	0.006211879197508097
0.1008	0.6082695722579956
0.10160000000000001	1.290032148361206
0.1024	1.9885181188583374
0.1032	2.6405210494995117
0.10400000000000001	3.187633991241455
0.1048	3.5825743675231934
0.1056	3.791720390319824
0.10640000000000001	3.795536756515503
0.1072	3.593923807144165
0.108	3.205292224884033
0.10880000000000001	2.6616761684417725
0.1096	2.010995864868164
0.11040000000000001	1.3132953643798828
0.11120000000000001	0.6313431859016418
0.112	0.02739568240940571
0.11280000000000001	-0.4429152309894562
0.1136	-0.7381062507629395
0.1144	-0.8308550715446472
0.11520000000000001	-0.7116125822067261
0.116	-0.39227741956710815
0.1168	0.0995534211397171
0.11760000000000001	0.7152097821235657
0.1184	1.3996970653533936
0.1192	2.094695806503296
0.12000000000000001	2.73330020904541
0.1208	3.257890224456787
0.1216	3.623833417892456
0.12240000000000001	3.7997076511383057
0.1232	3.768815279006958
0.124	3.5344555377960205
0.12480000000000001	3.1171767711639404
0.12560000000000002	2.5515880584716797
0.1264	1.8885713815689087
0.1272	1.1888710260391235
0.128	0.5154305100440979
0.1288	-0.06999383866786957
0.1296	-0.513969898223877
0.13040000000000002	-0.7769891619682312
0.1312	-0.8343915343284607
0.132	-0.6804649829864502
0.1328	-0.32999536395072937
0.1336	0.18677055835723877
0.13440000000000002	0.8219125866889954
0.13520000000000001	1.515336513519287
0.136	2.205273389816284
0.1368	2.828979015350342
0.1376	3.329946279525757
0.1384	3.665867328643799
0.13920000000000002	3.8077950477600098
0.14	3.7422561645507812
0.1408	3.4755871295928955
0.1416	3.030686140060425
0.1424	2.445049524307251
0.1432	1.7716588973999023
0.14400000000000002	1.0719335079193115
0.1448	0.40875443816185
0.1456	-0.1565094143152237
0.1464	-0.5724883079528809
0.1472	-0.8024483919143677
0.14800000000000002	-0.8243417739868164
0.14880000000000002	-0.6359561681747437
0.1496	-0.2549770474433899
0.1504	0.2855490744113922
0.1512	0.9344647526741028
0.152	1.6309759616851807
0.15280000000000002	2.3141634464263916
0.15360000000000001	2.921245574951172
0.1544	3.3971028327941895
0.1552	3.7020394802093506
0.156	3.8095457553863525
0.1568	3.7093725204467773
0.15760000000000002	3.4109818935394287
0.1584	2.9397711753845215
0.1592	2.3355860710144043
0.16	1.6533714532852173
0.1608	0.9553084373474121
0.16160000000000002	0.304090678691864
0.16240000000000002	-0.23935037851333618
0.1632	-0.6261821985244751
0.164	-0.822408139705658
0.1648	-0.8086301684379578
0.1656	-0.5863103866577148
0.16640000000000002	-0.17594660818576813
0.16720000000000002	0.38666486740112305
0.168	1.0489168167114258
0.1688	1.748402714729309
0.1696	2.4231033325195312
0.1704	3.0115623474121094
0.17120000000000002	3.461209774017334
0.17200000000000001	3.7347495555877686
0.1728	3.8076841831207275
0.1736	3.6731395721435547
0.1744	3.3438894748687744
0.1752	2.847468614578247
0.17600000000000002	2.226335287094116
0.1768	1.537483811378479
0.1776	0.8431329131126404
0.1784	0.20621375739574432
0.1792	-0.3136671781539917
0.18000000000000002	-0.670489490032196
0.18080000000000002	-0.8323938846588135
0.1816	-0.7829944491386414
0.1824	-0.5274654626846313
0.1832	-0.08865448832511902
0.184	0.4946424961090088
0.18480000000000002	1.1669059991836548
0.18560000000000001	1.8662418127059937
0.1864	2.530418634414673
0.1872	3.098642110824585
0.188	3.521179676055908
0.1888	3.762547492980957
0.18960000000000002	3.8006606101989746
0.1904	3.632131814956665
0.1912	3.2726972103118896
0.192	2.752091407775879
0.1928	2.1154723167419434
0.19360000000000002	1.4212712049484253
0.19440000000000002	0.732282280921936
0.1952	0.11133651435375214
0.196	-0.3840593695640564
0.1968	-0.7102347612380981
0.1976	-0.8375301361083984
0.19840000000000002	-0.7528342604637146
0.19920000000000002	-0.46479594707489014
