0	0
0.0008	0.381252646446228
0.0016	0.8255366086959839
0.0024000000000000002	1.2926933765411377
0.0032	1.7405145168304443
0.004	2.128716468811035
0.0048000000000000004	2.4224650859832764
0.0056	2.5958259105682373
0.0064	2.633512496948242
0.007200000000000001	2.532088041305542
0.008	2.3004891872406006
0.0088	1.959513783454895
0.009600000000000001	1.539871335029602
0.010400000000000001	1.0789955854415894
0.0112	0.6177948117256165
0.012	0.19833983480930328
0.0128	-0.14101068675518036
0.013600000000000001	-0.36948487162590027
0.014400000000000001	-0.4659222960472107
0.0152	-0.42163631319999695
0.016	-0.2419763058423996
0.016800000000000002	0.05798431858420372
0.0176	0.45226067304611206
0.0184	0.9033190011978149
0.019200000000000002	1.3700382709503174
0.02	1.8104976415634155
0.020800000000000003	2.1850759983062744
0.0216	2.460063934326172
0.0224	2.6114394664764404
0.023200000000000002	2.6257283687591553
0.024	2.501556158065796
0.024800000000000003	2.2500717639923096
0.0256	1.8937230110168457
0.0264	1.4645190238952637
0.027200000000000002	1.0005559921264648
0.028	0.5431923866271973
0.028800000000000003	0.13462379574775696
0.0296	-0.1880159080028534
0.0304	-0.3956296741962433
0.031200000000000002	-0.46883195638656616
0.032	-0.4009983241558075
0.0328	-0.19841556251049042
0.033600000000000005	0.12049318850040436
0.0344	0.5269933342933655
0.0352	0.9836636185646057
0.036000000000000004	1.448845624923706
0.0368	1.880705714225769
0.0376	2.2398979663848877
0.038400000000000004	2.4950506687164307
0.0392	2.624303102493286
0.04	2.6151819229125977
0.0408	2.4686119556427
0.041600000000000005	2.1979172229766846
0.0424	1.827032208442688
0.0432	1.389004111289978
0.044000000000000004	0.9228664040565491
0.0448	0.4708397090435028
0.0456	0.07429492473602295
0.046400000000000004	-0.2310965210199356
0.0472	-0.41743743419647217
0.048	-0.46729204058647156
0.0488	-0.3762357234954834
0.049600000000000005	-0.15317998826503754
0.0504	0.18205216526985168
0.0512	0.5997387170791626
0.052000000000000005	1.061058521270752
0.0528	1.5236032009124756
0.0536	1.9458394050598145
0.054400000000000004	2.2905330657958984
0.055200000000000006	2.5266876220703125
0.056	2.633354902267456
0.0568	2.6009860038757324
0.057600000000000005	2.4325807094573975
0.0584	2.1433377265930176
0.0592	1.7586292028427124
0.060000000000000005	1.312739372253418
0.0608	0.8459016680717468
0.0616	0.4004993438720703
0.062400000000000004	0.016903258860111237
0.0632	-0.2703399956226349
0.064	-0.43488311767578125
0.0648	-0.4612525701522827
0.0656	-0.3471735417842865
0.0664	-0.10289491713047028
0.06720000000000001	0.24903559684753418
0.068	0.6767461895942688
0.0688	1.1412532329559326
0.06960000000000001	1.5998482704162598
0.0704	2.01157283782959
0.0712	2.340193271636963
0.07200000000000001	2.5560495853424072
0.0728	2.6398441791534424
0.0736	2.584277629852295
0.07440000000000001	2.3943746089935303
0.0752	2.087270975112915
0.076	1.6898386478424072
0.07680000000000001	1.2376744747161865
0.0776	0.771736741065979
0.0784	0.3341710567474365
0.0792	-0.03552640601992607
0.08	-0.3038465678691864
0.08080000000000001	-0.4459294378757477
0.0816	-0.44860124588012695
0.0824	-0.3116619884967804
0.08320000000000001	-0.04741035774350166
0.084	0.3199186325073242
0.0848	0.7565158605575562
0.08560000000000001	1.2227602005004883
0.0864	1.6764557361602783
0.0872	2.0768065452575684
0.08800000000000001	2.388303518295288
0.0888	2.5830495357513428
0.0896	2.643646478652954
0.09040000000000001	2.564857244491577
0.0912	2.353781223297119
0.092	2.029141664505005
0.09280000000000001	1.6199733018875122
0.0936	1.1629221439361572
0.0944	0.6988090872764587
0.0952	0.2699800729751587
0.096	-0.08496887236833572
0.09680000000000001	-0.3336535096168518
0.0976	-0.452838659286499
0.0984	-0.4319128394126892
0.09920000000000001	-0.27297577261924744
0.1	0.010099004954099655
0.1008	0.39156413078308105
0.10160000000000001	0.8359355926513672
0.1024	1.3029673099517822
0.1032	1.7505509853363037
0.10400000000000001	2.138577938079834
0.1048	2.432164192199707
0.1056	2.605224847793579
0.10640000000000001	2.642561674118042
0.1072	2.5408496856689453
0.108	2.308988332748413
0.10880000000000001	1.9677879810333252
0.1096	1.5480955839157104
0.11040000000000001	1.087132215499878
0.11120000000000001	0.6259315013885498
0.112	0.20667651295661926
0.11280000000000001	-0.1325865238904953
0.1136	-0.3609607219696045
0.1144	-0.4571981728076935
0.11520000000000001	-0.41269969940185547
0.116	-0.23147733509540558
0.1168	0.07004562765359879
0.11760000000000001	0.4644344747066498
0.1184	0.9154428243637085
0.1192	1.3819996118545532
0.12000000000000001	1.8223090171813965
0.1208	2.196812391281128
0.1216	2.4716503620147705
0.12240000000000001	2.6228132247924805
0.1232	2.6369147300720215
0.124	2.5125675201416016
0.12480000000000001	2.260908365249634
0.12560000000000002	1.904409408569336
0.1264	1.4751429557800293
0.1272	1.011254906654358
0.128	0.5540162920951843
0.1288	0.14552272856235504
0.1296	-0.1769544929265976
0.13040000000000002	-0.3843308091163635
0.1312	-0.45732057094573975
0.132	-0.3893369734287262
0.1328	-0.18972893059253693
0.1336	0.12616762518882751
0.13440000000000002	0.5327302813529968
0.13520000000000001	0.989425539970398
0.136	1.4545700550079346
0.1368	1.8863551616668701
0.1376	2.2461724281311035
0.1384	2.501775026321411
0.13920000000000002	2.6306774616241455
0.14	2.6213438510894775
0.1408	2.474623918533325
0.1416	2.203791618347168
0.1424	1.8327816724777222
0.1432	1.3947410583496094
0.14400000000000002	0.928665816783905
0.1448	0.4766766130924225
0.1456	0.08023184537887573
0.1464	-0.2249346226453781
0.1472	-0.41101306676864624
0.14800000000000002	-0.46059268712997437
0.14880000000000002	-0.36926138401031494
0.1496	-0.14534327387809753
0.1504	0.19061382114887238
0.1512	0.6083003878593445
0.152	1.069595217704773
0.15280000000000002	1.5321273803710938
0.15360000000000001	1.9542635679244995
0.1544	2.2987823486328125
0.1552	2.5346992015838623
0.156	2.6410164833068848
0.1568	2.6083226203918457
0.15760000000000002	2.439692497253418
0.1584	2.150362014770508
0.1592	1.765703558921814
0.16	1.319926142692566
0.1608	0.8531759977340698
0.16160000000000002	0.407911092042923
0.16240000000000002	0.024502510204911232
0.1632	-0.2625157833099365
0.164	-0.42679640650749207
0.1648	-0.4529658854007721
0.1656	-0.33872437477111816
0.16640000000000002	-0.09428326785564423
0.16720000000000002	0.2577972412109375
0.168	0.6855828166007996
0.1688	1.1501272916793823
0.1696	1.6087723970413208
0.1704	2.020334482192993
0.17120000000000002	2.3413805961608887
0.17200000000000001	2.549712896347046
0.1728	2.633232355117798
0.1736	2.5773909091949463
0.1744	2.3872878551483154
0.1752	2.080059051513672
0.17600000000000002	1.682564377784729
0.1768	1.2303751707077026
0.1776	0.7644374370574951
0.1784	0.3269217908382416
0.1792	-0.04258820787072182
0.18000000000000002	-0.31065839529037476
0.18080000000000002	-0.4525412917137146
0.1816	-0.45501312613487244
0.1824	-0.3177239000797272
0.1832	-0.052897319197654724
0.184	0.31471917033195496
0.18480000000000002	0.751366376876831
0.18560000000000001	1.217735767364502
0.1864	1.6714187860488892
0.1872	2.07155704498291
0.188	2.3801543712615967
0.1888	2.5721006393432617
0.18960000000000002	2.6325600147247314
0.1904	2.5536208152770996
0.1912	2.3424198627471924
0.192	2.0176429748535156
0.1928	1.6083118915557861
0.19360000000000002	1.1512233018875122
0.19440000000000002	0.6871602535247803
0.1952	0.25846871733665466
0.196	-0.09628025442361832
0.1968	-0.3448024094104767
0.1976	-0.4638001024723053
0.19840000000000002	-0.44264930486679077
0.19920000000000002	-0.28327476978302
