0	-705.5801562830457
0.0008	919.6045318148681
0.0016	2169.7465896146023
0.0024000000000000002	3232.3673319537193
0.0032	3857.438353951613
0.004	4232.480966118514
0.0048000000000000004	4357.495170002396
0.0056	4169.973864144413
0.0064	3544.90284322144
0.007200000000000001	2607.296307802899
0.008	1357.1542530289153
0.0088	-205.52332761249272
0.009600000000000001	-1268.144090201764
0.010400000000000001	-2830.8216936890385
0.0112	-3768.4282623414765
0.012	-4330.99220590113
0.0128	-4643.527730869595
0.013600000000000001	-4268.485100973339
0.014400000000000001	-3580.9069482166087
0.0152	-3018.343007025309
0.016	-1768.2009218333405
0.016800000000000002	-393.0446382010123
0.0176	982.1116349103395
0.0184	2419.77500013751
0.019200000000000002	3294.8744342502323
0.02	3982.4525580931804
0.020800000000000003	4357.495170002396
0.0216	4482.509373800422
0.0224	4044.959660131717
0.023200000000000002	3294.8744342502323
0.024	2294.760794919275
0.024800000000000003	1169.6329440670088
0.0256	-268.030431120249
0.0264	-1455.665401900129
0.027200000000000002	-2893.328798112576
0.028	-3830.9353670937126
0.028800000000000003	-4393.499310850864
0.0296	-4518.513520816225
0.0304	-4518.513520816225
0.031200000000000002	-3830.9353670937126
0.032	-2893.328798112576
0.0328	-1518.1725058432203
0.033600000000000005	-205.52332761249272
0.0344	1357.1542530289153
0.0352	2482.2821027141763
0.036000000000000004	3419.8886387788807
0.0368	3982.4525580931804
0.0376	4545.0164756671875
0.038400000000000004	4232.480966118514
0.0392	3919.9454560330487
0.04	3232.3673319537193
0.0408	1919.7181787465233
0.041600000000000005	1107.125841036439
0.0424	-580.5659489849932
0.0432	-1893.215129959397
0.044000000000000004	-2955.835902557941
0.0448	-3893.4424718677183
0.0456	-4268.485100973339
0.046400000000000004	-4643.527730869595
0.0472	-4143.47089118365
0.048	-3580.9069482166087
0.0488	-2580.7932762136334
0.049600000000000005	-1268.144090201764
0.0504	169.51929297769675
0.0512	1419.6613559728721
0.052000000000000005	2919.8318201475777
0.0528	3482.3957410108997
0.0536	4169.973864144413
0.054400000000000004	4482.509373800422
0.055200000000000006	4420.002271912177
0.056	3919.9454560330487
0.0568	3107.353127295908
0.057600000000000005	1919.7181787465233
0.0584	544.5619127865066
0.0592	-643.0730526231346
0.060000000000000005	-2018.2293381725904
0.0608	-3018.343007025309
0.0616	-3893.4424718677183
0.062400000000000004	-4518.513520816225
0.0632	-4518.513520816225
0.064	-4143.47089118365
0.0648	-3518.3998435520916
0.0656	-2580.7932762136334
0.0664	-955.6085711403284
0.06720000000000001	294.533499667421
0.068	1607.1826646751142
0.0688	2732.310512805474
0.06960000000000001	3544.90284322144
0.0704	4294.988068071252
0.0712	4232.480966118514
0.07200000000000001	4232.480966118514
0.0728	3732.4241497240146
0.0736	2857.3247177217854
0.07440000000000001	1857.2110759755014
0.0752	357.04060297983233
0.076	-893.1014673933387
0.07680000000000001	-2393.271963336563
0.0776	-3330.8785296903225
0.0784	-4143.47089118365
0.0792	-4393.499310850864
0.08	-4518.513520816225
0.08080000000000001	-4080.9637863217504
0.0816	-3330.8785296903225
0.0824	-2330.7648590880563
0.08320000000000001	-768.0872599647264
0.084	357.04060297983233
0.0848	1857.2110759755014
0.08560000000000001	2857.3247177217854
0.0864	3669.9170475780847
0.0872	4294.988068071252
0.08800000000000001	4482.509373800422
0.0888	4107.466762148775
0.0896	3732.4241497240146
0.09040000000000001	2857.3247177217854
0.0912	1607.1826646751142
0.092	107.01218960020924
0.09280000000000001	-1268.144090201764
0.0936	-2518.28617189941
0.0944	-3580.9069482166087
0.0952	-4268.485100973339
0.096	-4581.020625831909
0.09680000000000001	-4518.513520816225
0.0976	-3893.4424718677183
0.0984	-3205.864320558554
0.09920000000000001	-2018.2293381725904
0.1	-643.0730526231346
0.1008	857.097428697627
0.10160000000000001	2169.7465896146023
0.1024	3232.3673319537193
0.1032	3732.4241497240146
0.10400000000000001	4294.988068071252
0.1048	4357.495170002396
0.1056	4107.466762148775
0.10640000000000001	3544.90284322144
0.1072	2669.803410315013
0.108	1169.6329440670088
0.10880000000000001	-18.00201721972553
0.1096	-1330.651194079488
0.11040000000000001	-2768.314589287329
0.11120000000000001	-3643.414052903012
0.112	-4205.977996067493
0.11280000000000001	-4581.020625831909
0.1136	-4518.513520816225
0.1144	-3955.949576663901
0.11520000000000001	-2955.835902557941
0.116	-1955.7222340550506
0.1168	-393.0446382010123
0.11760000000000001	857.097428697627
0.1184	2294.760794919275
0.1192	3732.4241497240146
0.12000000000000001	3732.4241497240146
0.1208	4420.002271912177
0.1216	4607.523577512649
0.12240000000000001	4044.959660131717
0.1232	3294.8744342502323
0.124	2232.253692277707
0.12480000000000001	982.1116349103395
0.12560000000000002	-330.5375346497167
0.1264	-1643.1867137945956
0.1272	-3018.343007025309
0.128	-3830.9353670937126
0.1288	-4330.99220590113
0.1296	-4643.527730869595
0.13040000000000002	-4330.99220590113
0.1312	-3768.4282623414765
0.132	-2830.8216936890385
0.1328	-1643.1867137945956
0.1336	-80.509120662231
0.13440000000000002	1107.125841036439
0.13520000000000001	2482.2821027141763
0.136	3544.90284322144
0.1368	4107.466762148775
0.1376	4357.495170002396
0.1384	4482.509373800422
0.13920000000000002	3919.9454560330487
0.14	3107.353127295908
0.1408	2169.7465896146023
0.1416	794.5903255587327
0.1424	-580.5659489849932
0.1432	-1830.7080258854548
0.14400000000000002	-3018.343007025309
0.1448	-3955.949576663901
0.1456	-4393.499310850864
0.1464	-4581.020625831909
0.1472	-4393.499310850864
0.14800000000000002	-3455.892738909577
0.14880000000000002	-2705.807484907564
0.1496	-1330.651194079488
0.1504	44.50508620112669
0.1512	1357.1542530289153
0.152	2669.803410315013
0.15280000000000002	3544.90284322144
0.15360000000000001	4107.466762148775
0.1544	4420.002271912177
0.1552	4169.973864144413
0.156	3794.931251848524
0.1568	3107.353127295908
0.15760000000000002	2044.7323842238402
0.1584	544.5619127865066
0.1592	-705.5801562830457
0.16	-2080.7364423120744
0.1608	-3268.371425113408
0.16160000000000002	-4018.4566814817954
0.16240000000000002	-4518.513520816225
0.1632	-4330.99220590113
0.164	-4205.977996067493
0.1648	-3643.414052903012
0.1656	-2518.28617189941
0.16640000000000002	-1080.622778699617
0.16720000000000002	357.04060297983233
0.168	1669.6897675325745
0.1688	2857.3247177217854
0.1696	3544.90284322144
0.1704	4169.973864144413
0.17120000000000002	4420.002271912177
0.17200000000000001	4169.973864144413
0.1728	3482.3957410108997
0.1736	2982.3389225518913
0.1744	2044.7323842238402
0.1752	419.5477062704158
0.17600000000000002	-955.6085711403284
0.1768	-2393.271963336563
0.1776	-3330.8785296903225
0.1784	-4143.47089118365
0.1792	-4518.513520816225
0.18000000000000002	-4581.020625831909
0.18080000000000002	-4080.9637863217504
0.1816	-3143.3572160255862
0.1824	-2143.24354647327
0.1832	-893.1014673933387
0.184	544.5619127865066
0.18480000000000002	1919.7181787465233
0.18560000000000001	3107.353127295908
0.1864	3857.438353951613
0.1872	4169.973864144413
0.188	4607.523577512649
0.1888	4107.466762148775
0.18960000000000002	3482.3957410108997
0.1904	2669.803410315013
0.1912	1794.7039731828263
0.192	294.533499667421
0.1928	-1268.144090201764
0.19360000000000002	-2330.7648590880563
0.19440000000000002	-3143.3572160255862
0.1952	-4018.4566814817954
0.196	-4768.541941010801
0.1968	-4393.499310850864
0.1976	-3955.949576663901
0.19840000000000002	-3143.3572160255862
0.19920000000000002	-2080.7364423120744
