0	0
0.0008	0.4203747808933258
0.0016	0.8992688655853271
0.0024000000000000002	1.3930490016937256
0.0032	1.8568570613861084
0.004	2.2495346069335938
0.0048000000000000004	2.5357725620269775
0.0056	2.690373420715332
0.0064	2.6996264457702637
0.007200000000000001	2.562706470489502
0.008	2.2921626567840576
0.0088	1.9114922285079956
0.009600000000000001	1.4547920227050781
0.010400000000000001	0.9626078009605408
0.0112	0.4793227016925812
0.012	0.04975723847746849
0.0128	-0.28754252195358276
0.013600000000000001	-0.5021170973777771
0.014400000000000001	-0.5739310383796692
0.0152	-0.4963974058628082
0.016	-0.2766028940677643
0.016800000000000002	0.06550457328557968
0.0176	0.49864062666893005
0.0184	0.9833091497421265
0.019200000000000002	1.4751144647598267
0.02	1.9296859502792358
0.020800000000000003	2.306727409362793
0.0216	2.572392463684082
0.0224	2.7033958435058594
0.023200000000000002	2.6878511905670166
0.024	2.5272836685180664
0.024800000000000003	2.2361793518066406
0.0256	1.8398479223251343
0.0264	1.3741360902786255
0.027200000000000002	0.8806895613670349
0.028	0.40370386838912964
0.028800000000000003	-0.013025393709540367
0.0296	-0.3316520154476166
0.0304	-0.5233289003372192
0.031200000000000002	-0.5702828168869019
0.032	-0.46812665462493896
0.0328	-0.2260468453168869
0.033600000000000005	0.13393385708332062
0.0344	0.5787437558174133
0.0352	1.0676618814468384
0.036000000000000004	1.5562925338745117
0.0368	2.000727415084839
0.0376	2.3611457347869873
0.038400000000000004	2.6056251525878906
0.0392	2.7127058506011963
0.04	2.6725013256073
0.0408	2.488936185836792
0.041600000000000005	2.1781086921691895
0.0424	1.7670538425445557
0.0432	1.2934178113937378
0.044000000000000004	0.799646258354187
0.0448	0.3297848701477051
0.0456	-0.07318329066038132
0.046400000000000004	-0.37239938974380493
0.0472	-0.5406911373138428
0.048	-0.5627350211143494
0.0488	-0.43633124232292175
0.049600000000000005	-0.17267857491970062
0.0504	0.20413798093795776
0.0512	0.6592593789100647
0.052000000000000005	1.1511646509170532
0.0528	1.6354832649230957
0.0536	2.068631887435913
0.054400000000000004	2.4115891456604004
0.055200000000000006	2.6341583728790283
0.056	2.7169041633605957
0.0568	2.6520395278930664
0.057600000000000005	2.4457640647888184
0.0584	2.116025924682617
0.0592	1.6916849613189697
0.060000000000000005	1.2114120721817017
0.0608	0.7182530164718628
0.0616	0.2566157877445221
0.062400000000000004	-0.13147887587547302
0.0632	-0.4104344844818115
0.064	-0.5548786520957947
0.0648	-0.5518375635147095
0.0656	-0.4014861583709717
0.0664	-0.11701053380966187
0.06720000000000001	0.27539199590682983
0.068	0.7395625114440918
0.0688	1.233367681503296
0.06960000000000001	1.7120243310928345
0.0704	2.1327741146087646
0.0712	2.45749568939209
0.07200000000000001	2.657679557800293
0.0728	2.7159652709960938
0.0736	2.6266655921936035
0.07440000000000001	2.3982174396514893
0.0752	2.050706148147583
0.076	1.61449134349823
0.07680000000000001	1.12869393825531
0.0776	0.6372347474098206
0.0784	0.18488404154777527
0.0792	-0.18726220726966858
0.08	-0.44526994228363037
0.08080000000000001	-0.5657165050506592
0.0816	-0.5376279354095459
0.0824	-0.36361634731292725
0.08320000000000001	-0.059305187314748764
0.084	0.34757092595100403
0.0848	0.8197781443595886
0.08560000000000001	1.3142082691192627
0.0864	1.7860779762268066
0.0872	2.193291664123535
0.08800000000000001	2.499040126800537
0.0888	2.676588773727417
0.0896	2.7102644443511963
0.09040000000000001	2.596842050552368
0.0912	2.346958637237549
0.092	1.9824615716934204
0.09280000000000001	1.5355727672576904
0.0936	1.0459383726119995
0.0944	0.557678759098053
0.0952	0.11611451208591461
0.096	-0.23898345232009888
0.09680000000000001	-0.47556835412979126
0.0976	-0.571729838848114
0.0984	-0.5187187194824219
0.09920000000000001	-0.3215094804763794
0.1	0.002074792981147766
0.1008	0.4226120710372925
0.10160000000000001	0.9015686511993408
0.1024	1.3953237533569336
0.1032	1.859056830406189
0.10400000000000001	2.251509428024292
0.1048	2.537484884262085
0.1056	2.691835880279541
0.10640000000000001	2.700788974761963
0.1072	2.5635814666748047
0.108	2.292837619781494
0.10880000000000001	1.9120421409606934
0.1096	1.455366849899292
0.11040000000000001	0.9632202386856079
0.11120000000000001	0.47992265224456787
0.112	0.050469666719436646
0.11280000000000001	-0.2866051197052002
0.1136	-0.5009422302246094
0.1144	-0.5724561810493469
0.11520000000000001	-0.4945850670337677
0.116	-0.27447810769081116
0.1168	0.06782934069633484
0.11760000000000001	0.5009778738021851
0.1184	0.9856089353561401
0.1192	1.4773768186569214
0.12000000000000001	1.9317982196807861
0.1208	2.308614730834961
0.1216	2.5739922523498535
0.12240000000000001	2.7047207355499268
0.1232	2.6889636516571045
0.124	2.528183698654175
0.12480000000000001	2.2368667125701904
0.12560000000000002	1.8404479026794434
0.1264	1.37467360496521
0.1272	0.8811520338058472
0.128	0.4041913151741028
0.1288	-0.012412955984473228
0.1296	-0.3308021128177643
0.13040000000000002	-0.5222790241241455
0.1312	-0.5690329670906067
0.132	-0.46666431427001953
0.1328	-0.22439700365066528
0.1336	0.13572117686271667
0.13440000000000002	0.5805935859680176
0.13520000000000001	1.0695116519927979
0.136	1.5580923557281494
0.1368	2.0023772716522217
0.1376	2.3625330924987793
0.1384	2.606762647628784
0.13920000000000002	2.7136683464050293
0.14	2.6732888221740723
0.1408	2.4894986152648926
0.1416	2.1785335540771484
0.1424	1.767391324043274
0.1432	1.293655276298523
0.14400000000000002	0.7999962568283081
0.1448	0.3303847908973694
0.1456	-0.07234587520360947
0.1464	-0.37133699655532837
0.1472	-0.5394912362098694
0.14800000000000002	-0.5613352060317993
0.14880000000000002	-0.4346689283847809
0.1496	-0.17087875306606293
0.1504	0.20602528750896454
0.1512	0.6612841486930847
0.152	1.1531895399093628
0.15280000000000002	1.637345552444458
0.15360000000000001	2.070281744003296
0.1544	2.4130139350891113
0.1552	2.635408401489258
0.156	2.717928886413574
0.1568	2.6528267860412598
0.15760000000000002	2.446401357650757
0.1584	2.116550922393799
0.1592	1.6921099424362183
0.16	1.211737036705017
0.1608	0.7185279726982117
0.16160000000000002	0.2550284266471863
0.16240000000000002	-0.13490353524684906
0.1632	-0.41375917196273804
0.164	-0.5580158233642578
0.1648	-0.5547747611999512
0.1656	-0.4042358696460724
0.16640000000000002	-0.11958527565002441
0.16720000000000002	0.27292972803115845
0.168	0.7372127771377563
0.1688	1.2310678958892822
0.1696	1.709599494934082
0.1704	2.130236864089966
0.17120000000000002	2.454833507537842
0.17200000000000001	2.654829978942871
0.1728	2.7129154205322266
0.1736	2.623440980911255
0.1744	2.394855260848999
0.1752	2.047194004058838
0.17600000000000002	1.6108916997909546
0.1768	1.1251068115234375
0.1776	0.6337600946426392
0.1784	0.1813593953847885
0.1792	-0.19086185097694397
0.18000000000000002	-0.44874459505081177
0.18080000000000002	-0.5689661502838135
0.1816	-0.5406650900840759
0.1824	-0.3664785623550415
0.1832	-0.06189242750406265
0.184	0.34518367052078247
0.18480000000000002	0.8174284100532532
0.18560000000000001	1.311771035194397
0.1864	1.7835032939910889
0.1872	2.190629482269287
0.188	2.4962403774261475
0.1888	2.673576593399048
0.18960000000000002	2.707052230834961
0.1904	2.5934300422668457
0.1912	2.3433837890625
0.192	1.9787744283676147
0.1928	1.5317732095718384
0.19360000000000002	1.0421762466430664
0.19440000000000002	0.5541916489601135
0.1952	0.11283984035253525
0.196	-0.2421206384897232
0.1968	-0.4784555435180664
0.1976	-0.5743545889854431
0.19840000000000002	-0.521093487739563
0.19920000000000002	-0.32364678382873535
