0	-1060.1204485454946
0.0008	315.0358298215433
0.0016	1627.6849948292365
0.0024000000000000002	3127.8554574500304
0.0032	3627.912275564682
0.004	4127.9690923028975
0.0048000000000000004	4440.504602066299
0.0056	4377.997500156518
0.0064	3752.926479878137
0.007200000000000001	3002.8412527060136
0.008	2002.7276116500725
0.0088	190.02162313181907
0.009600000000000001	-872.5991372392164
0.010400000000000001	-2372.769633182441
0.0112	-3247.8690949592856
0.012	-3810.4330369395902
0.0128	-4623.025400715473
0.013600000000000001	-4623.025400715473
0.014400000000000001	-3935.447246509779
0.0152	-3435.3904087554547
0.016	-2310.262528933934
0.016800000000000002	-747.5849298106041
0.0176	565.0642429406289
0.0184	1877.7134061296238
0.019200000000000002	3065.348355088732
0.02	3877.9406841057353
0.020800000000000003	4127.9690923028975
0.0216	4377.997500156518
0.0224	4190.476194298535
0.023200000000000002	3565.4051733755623
0.024	2752.8128429595963
0.024800000000000003	1377.6565831830376
0.0256	127.51451975433156
0.0264	-1372.6559678248013
0.027200000000000002	-2810.319363534916
0.028	-3497.8975133979693
0.028800000000000003	-4060.461456167628
0.0296	-4685.532505775045
0.0304	-4498.011190662102
0.031200000000000002	-4060.461456167628
0.032	-3122.854885871464
0.0328	-2060.234112157952
0.033600000000000005	-685.0778261289233
0.0344	815.092655712855
0.0352	2252.7560224318295
0.036000000000000004	3440.390968933003
0.0368	3877.9406841057353
0.0376	4315.4903982253745
0.038400000000000004	4565.51880582131
0.0392	4002.9548882473027
0.04	3440.390968933003
0.0408	2502.7844328682986
0.041600000000000005	1252.6423772299895
0.0424	127.51451975433156
0.0432	-1435.1630717460066
0.044000000000000004	-2935.333572403819
0.0448	-3622.9117227488896
0.0456	-4122.968561029527
0.046400000000000004	-4748.039610856678
0.0472	-4560.518295677786
0.048	-3810.4330369395902
0.0488	-2872.8264679584536
0.049600000000000005	-1747.6985916792182
0.0504	-310.03520449559437
0.0512	940.1068619689904
0.052000000000000005	2315.2631250733975
0.0528	3565.4051733755623
0.0536	4065.4619902858394
0.054400000000000004	4315.4903982253745
0.055200000000000006	4377.997500156518
0.056	4065.4619902858394
0.0568	3252.8696621078416
0.057600000000000005	2440.277330291632
0.0584	1002.6139650644618
0.0592	-372.54230804688996
0.060000000000000005	-1747.6985916792182
0.0608	-2810.319363534916
0.0616	-3747.925932187354
0.062400000000000004	-4310.489875747007
0.0632	-4310.489875747007
0.064	-4310.489875747007
0.0648	-3810.4330369395902
0.0656	-2810.319363534916
0.0664	-1310.1488639253657
0.06720000000000001	-60.00679050810868
0.068	1377.6565831830376
0.0688	2627.798637957021
0.06960000000000001	3377.8838666794472
0.0704	4065.4619902858394
0.0712	4440.504602066299
0.07200000000000001	4440.504602066299
0.0728	3877.9406841057353
0.0736	3377.8838666794472
0.07440000000000001	2190.2489197687246
0.0752	752.5855525522493
0.076	-372.54230804688996
0.07680000000000001	-1935.2199039009283
0.0776	-3122.854885871464
0.0784	-3810.4330369395902
0.0792	-4498.011190662102
0.08	-4685.532505775045
0.08080000000000001	-4247.982770819217
0.0816	-3622.9117227488896
0.0824	-2497.7838417452876
0.08320000000000001	-1247.6417600476416
0.084	127.51451975433156
0.0848	1440.1636861269944
0.08560000000000001	2752.8128429595963
0.0864	3565.4051733755623
0.0872	4190.476194298535
0.08800000000000001	4503.011703954544
0.0888	4440.504602066299
0.0896	3690.419377732207
0.09040000000000001	3190.3625597896753
0.0912	1940.2205089006457
0.092	627.5713461662526
0.09280000000000001	-747.5849298106041
0.0936	-2185.248320502171
0.0944	-3122.854885871464
0.0952	-3997.954351327673
0.096	-4560.518295677786
0.09680000000000001	-4560.518295677786
0.0976	-4185.475665913371
0.0984	-3310.3761995362
0.09920000000000001	-2247.7554247071967
0.1	-1060.1204485454946
0.1008	252.52872648753691
0.10160000000000001	1815.2063033369486
0.1024	3065.348355088732
0.1032	3565.4051733755623
0.10400000000000001	4127.9690923028975
0.1048	4440.504602066299
0.1056	4190.476194298535
0.10640000000000001	3815.4335820026463
0.1072	2815.3199454285204
0.108	1627.6849948292365
0.10880000000000001	565.0642429406289
0.1096	-1060.1204485454946
0.11040000000000001	-2310.262528933934
0.11120000000000001	-3435.3904087554547
0.112	-4122.968561029527
0.11280000000000001	-4560.518295677786
0.1136	-4810.546715960256
0.1144	-4122.968561029527
0.11520000000000001	-3372.8833041348844
0.116	-2060.234112157952
0.1168	-622.5707224690123
0.11760000000000001	502.55713969346834
0.1184	1940.2205089006457
0.1192	3002.8412527060136
0.12000000000000001	3877.9406841057353
0.1208	4377.997500156518
0.1216	4440.504602066299
0.12240000000000001	4315.4903982253745
0.1232	3565.4051733755623
0.124	2752.8128429595963
0.12480000000000001	1565.177891950123
0.12560000000000002	65.007416355249
0.1264	-1185.13465619192
0.1272	-2435.2767374529503
0.128	-3372.8833041348844
0.1288	-4435.504085668363
0.1296	-4560.518295677786
0.13040000000000002	-4560.518295677786
0.1312	-3810.4330369395902
0.132	-3310.3761995362
0.1328	-1935.2199039009283
0.1336	-560.0636188308708
0.13440000000000002	627.5713461662526
0.13520000000000001	1877.7134061296238
0.136	3315.3767644043546
0.1368	3877.9406841057353
0.1376	4377.997500156518
0.1384	4190.476194298535
0.13920000000000002	4065.4619902858394
0.14	3502.898071165022
0.1408	2502.7844328682986
0.1416	1315.149480217311
0.1424	-247.52810096612666
0.1432	-1372.6559678248013
0.14400000000000002	-2560.290946059511
0.1448	-3560.4046180624864
0.1456	-4310.489875747007
0.1464	-4810.546715960256
0.1472	-4498.011190662102
0.14800000000000002	-3685.418827457179
0.14880000000000002	-2935.333572403819
0.1496	-1810.2056957313325
0.1504	-310.03520449559437
0.1512	1065.1210681383382
0.152	2252.7560224318295
0.15280000000000002	3315.3767644043546
0.15360000000000001	4002.9548882473027
0.1544	4377.997500156518
0.1552	4252.983296272636
0.156	3940.447786187171
0.1568	3440.390968933003
0.15760000000000002	2440.277330291632
0.1584	940.1068619689904
0.1592	-372.54230804688996
0.16	-1810.2056957313325
0.1608	-2810.319363534916
0.16160000000000002	-3622.9117227488896
0.16240000000000002	-4435.504085668363
0.1632	-4560.518295677786
0.164	-4435.504085668363
0.1648	-3622.9117227488896
0.1656	-2685.3051547534415
0.16640000000000002	-1560.1772796539008
0.16720000000000002	-60.00679050810868
0.168	1127.6281711905613
0.1688	2377.770227693254
0.1696	3502.898071165022
0.1704	4190.476194298535
0.17120000000000002	4252.983296272636
0.17200000000000001	4190.476194298535
0.1728	3877.9406841057353
0.1736	3252.8696621078416
0.1744	2440.277330291632
0.1752	752.5855525522493
0.17600000000000002	-560.0636188308708
0.1768	-1935.2199039009283
0.1776	-3122.854885871464
0.1784	-3997.954351327673
0.1792	-4435.504085668363
0.18000000000000002	-4623.025400715473
0.18080000000000002	-4247.982770819217
0.1816	-3685.418827457179
0.1824	-2747.8122591332067
0.1832	-1247.6417600476416
0.184	190.02162313181907
0.18480000000000002	1440.1636861269944
0.18560000000000001	2565.2915354234865
0.1864	3565.4051733755623
0.1872	4190.476194298535
0.188	4628.025907666772
0.1888	4315.4903982253745
0.18960000000000002	3752.926479878137
0.1904	3002.8412527060136
0.1912	2065.2347143779625
0.192	377.54293313395465
0.1928	-810.0920335140545
0.19360000000000002	-2060.234112157952
0.19440000000000002	-3372.8833041348844
0.1952	-4122.968561029527
0.196	-4498.011190662102
0.1968	-4623.025400715473
0.1976	-4185.475665913371
0.19840000000000002	-3685.418827457179
0.19920000000000002	-2497.7838417452876
