0	0
0.0008	0.4178384244441986
0.0016	0.906607449054718
0.0024000000000000002	1.421411395072937
0.0032	1.916067361831665
0.004	2.345792055130005
0.0048000000000000004	2.6718270778656006
0.0056	2.8665499687194824
0.0064	2.9125750064849854
0.007200000000000001	2.805053234100342
0.008	2.554332971572876
0.0088	2.181962728500366
0.009600000000000001	1.7208137512207031
0.010400000000000001	1.2126445770263672
0.0112	0.7033504843711853
0.012	0.23912687599658966
0.0128	-0.13844294846057892
0.013600000000000001	-0.39502495527267456
0.014400000000000001	-0.5064965486526489
0.0152	-0.46198371052742004
0.016	-0.26563599705696106
0.016800000000000002	0.06489849090576172
0.0176	0.498810350894928
0.0184	0.9964784979820251
0.019200000000000002	1.513394832611084
0.02	2.002363681793213
0.020800000000000003	2.4192898273468018
0.0216	2.7268764972686768
0.0224	2.8984766006469727
0.023200000000000002	2.918766975402832
0.024	2.7856476306915283
0.024800000000000003	2.5113673210144043
0.0256	2.1195738315582275
0.0264	1.645088791847229
0.027200000000000002	1.1310577392578125
0.028	0.6235384345054626
0.028800000000000003	0.16867640614509583
0.0296	-0.19217009842395782
0.0304	-0.42627936601638794
0.031200000000000002	-0.512003481388092
0.032	-0.44151827692985535
0.0328	-0.22123543918132782
0.033600000000000005	0.12908460199832916
0.0344	0.5777450203895569
0.0352	1.0827124118804932
0.036000000000000004	1.5981038808822632
0.0368	2.0779237747192383
0.0376	2.4789888858795166
0.038400000000000004	2.7658026218414307
0.0392	2.9131176471710205
0.04	2.9075980186462402
0.0408	2.749868631362915
0.041600000000000005	2.4539904594421387
0.0424	2.045623779296875
0.0432	1.5616521835327148
0.044000000000000004	1.045796275138855
0.0448	0.5440139174461365
0.0456	0.10201307386159897
0.046400000000000004	-0.23984785377979279
0.0472	-0.45043447613716125
0.048	-0.5103111863136292
0.0488	-0.41419103741645813
0.049600000000000005	-0.17049799859523773
0.0504	0.19878266751766205
0.0512	0.6597418785095215
0.052000000000000005	1.1697713136672974
0.0528	1.6826629638671875
0.0536	2.152233839035034
0.054400000000000004	2.5364630222320557
0.055200000000000006	2.801553964614868
0.056	2.923971652984619
0.0568	2.892554521560669
0.057600000000000005	2.7105274200439453
0.0584	2.3939764499664307
0.0592	1.9705363512039185
0.060000000000000005	1.4784280061721802
0.0608	0.9618221521377563
0.0616	0.4668891429901123
0.062400000000000004	0.03882438689470291
0.0632	-0.2829885482788086
0.064	-0.46940261125564575
0.0648	-0.5032444596290588
0.0656	-0.381451815366745
0.0664	-0.11479856073856354
0.06720000000000001	0.2724928557872772
0.068	0.7445510029792786
0.0688	1.2582050561904907
0.06960000000000001	1.7672346830368042
0.0704	2.225494146347046
0.0712	2.5917000770568848
0.07200000000000001	2.8339931964874268
0.0728	2.931100845336914
0.0736	2.873936414718628
0.07440000000000001	2.668036699295044
0.0752	2.3316128253936768
0.076	1.89397394657135
0.07680000000000001	1.394528865814209
0.0776	0.8782730102539062
0.0784	0.39147669076919556
0.0792	-0.02137710154056549
0.08	-0.3222171366214752
0.08080000000000001	-0.483933687210083
0.0816	-0.4915781617164612
0.0824	-0.34428805112838745
0.08320000000000001	-0.05533699691295624
0.084	0.34900274872779846
0.0848	0.8315348625183105
0.08560000000000001	1.3474262952804565
0.0864	1.8493064641952515
0.0872	2.2935423851013184
0.08800000000000001	2.640737771987915
0.0888	2.8597705364227295
0.0896	2.9313182830810547
0.09040000000000001	2.848418712615967
0.0912	2.6192216873168945
0.092	2.26358699798584
0.09280000000000001	1.8124871253967285
0.0936	1.3067677021026611
0.0944	0.7918491363525391
0.0952	0.31442686915397644
0.096	-0.08207854628562927
0.09680000000000001	-0.3614582419395447
0.0976	-0.4980897903442383
0.0984	-0.47944939136505127
0.09920000000000001	-0.3073117733001709
0.1	0.002937188372015953
0.1008	0.4232128858566284
0.10160000000000001	0.914306640625
0.1024	1.4316978454589844
0.1032	1.9287910461425781
0.10400000000000001	2.3603782653808594
0.1048	2.687912940979004
0.1056	2.8832483291625977
0.10640000000000001	2.9290735721588135
0.1072	2.820713996887207
0.108	2.568781614303589
0.10880000000000001	2.195136308670044
0.1096	1.732375144958496
0.11040000000000001	1.2201313972473145
0.11120000000000001	0.7062252163887024
0.112	0.2397393435239792
0.11280000000000001	-0.13908036053180695
0.1136	-0.39602482318878174
0.1144	-0.5072339177131653
0.11520000000000001	-0.4624961316585541
0.116	-0.26591092348098755
0.1168	0.06493601948022842
0.11760000000000001	0.4997602701187134
0.1184	0.9981908798217773
0.1192	1.5148571729660034
0.12000000000000001	2.0035386085510254
0.1208	2.4203147888183594
0.1216	2.728088855743408
0.12240000000000001	2.90018892288208
0.1232	2.920541763305664
0.124	2.787147283554077
0.12480000000000001	2.5129172801971436
0.12560000000000002	2.121673822402954
0.1264	1.6477761268615723
0.1272	1.1339949369430542
0.128	0.6264756917953491
0.1288	0.17166364192962646
0.1296	-0.18895788490772247
0.13040000000000002	-0.4228546619415283
0.1312	-0.5083913207054138
0.132	-0.4376686215400696
0.1328	-0.21716080605983734
0.1336	0.13347169756889343
0.13440000000000002	0.5823571085929871
0.13520000000000001	1.0872745513916016
0.136	1.602391004562378
0.1368	2.0820484161376953
0.1376	2.482938528060913
0.1384	2.769327163696289
0.13920000000000002	2.9162673950195312
0.14	2.910410165786743
0.1408	2.752443313598633
0.1416	2.4566152095794678
0.1424	2.0484235286712646
0.1432	1.564664363861084
0.14400000000000002	1.0491958856582642
0.1448	0.5477010607719421
0.1456	0.10581272095441818
0.1464	-0.23587322235107422
0.1472	-0.4462973475456238
0.14800000000000002	-0.5059866309165955
0.14880000000000002	-0.4095664620399475
0.1496	-0.16568595170974731
0.1504	0.20374469459056854
0.1512	0.6650038957595825
0.152	1.174958348274231
0.15280000000000002	1.6873126029968262
0.15360000000000001	2.1565585136413574
0.1544	2.54045033454895
0.1552	2.8048036098480225
0.156	2.926708936691284
0.1568	2.8951292037963867
0.15760000000000002	2.713027238845825
0.1584	2.396413803100586
0.1592	1.9727611541748047
0.16	1.4804778099060059
0.1608	0.963996946811676
0.16160000000000002	0.46948888897895813
0.16240000000000002	0.04168662428855896
0.1632	-0.28002631664276123
0.164	-0.4662154018878937
0.1648	-0.4997822642326355
0.1656	-0.3777271807193756
0.16640000000000002	-0.11083643138408661
0.16720000000000002	0.2766299545764923
0.168	0.7488755583763123
0.1688	1.2623796463012695
0.1696	1.7706718444824219
0.1704	2.2284438610076904
0.17120000000000002	2.594299793243408
0.17200000000000001	2.833543300628662
0.1728	2.927738666534424
0.1736	2.870274305343628
0.1744	2.664149522781372
0.1752	2.3274757862091064
0.17600000000000002	1.88953697681427
0.1768	1.3898544311523438
0.1776	0.873511016368866
0.1784	0.3871021270751953
0.1792	-0.025376684963703156
0.18000000000000002	-0.3261292278766632
0.18080000000000002	-0.48760828375816345
0.1816	-0.49494028091430664
0.1824	-0.3473627269268036
0.1832	-0.058174192905426025
0.184	0.3460780680179596
0.18480000000000002	0.8280852437019348
0.18560000000000001	1.3438141345977783
0.1864	1.8469442129135132
0.1872	2.2921175956726074
0.188	2.6389002799987793
0.1888	2.85732102394104
0.18960000000000002	2.9283809661865234
0.1904	2.8451192378997803
0.1912	2.6156468391418457
0.192	2.26001238822937
0.1928	1.8090624809265137
0.19360000000000002	1.3034430742263794
0.19440000000000002	0.7884244918823242
0.1952	0.31123971939086914
0.196	-0.08487825095653534
0.1968	-0.3640954792499542
0.1976	-0.500514566898346
0.19840000000000002	-0.4816616475582123
0.19920000000000002	-0.3092365562915802
