0	-770.0874872141867
0.0008	667.5758924661204
0.0016	1980.2250552005135
0.0024000000000000002	3417.888412979315
0.0032	3980.452332487039
0.004	4418.002046456386
0.0048000000000000004	4480.509148366167
0.0056	4167.973638602765
0.0064	3480.395515232871
0.007200000000000001	2542.7889791681664
0.008	1417.6611294829054
0.0088	-20.00224420824088
0.009600000000000001	-1520.172733354033
0.010400000000000001	-2582.7935040956363
0.0112	-3270.3716532363323
0.012	-4332.992434396874
0.0128	-4645.527959475177
0.013600000000000001	-4458.0066443622345
0.014400000000000001	-4020.4569098677603
0.0152	-2895.329026103951
0.016	-1832.708253505407
0.016800000000000002	-457.5519689145149
0.0176	917.6043051516172
0.0184	2417.774773993122
0.019200000000000002	3167.860003749898
0.02	3917.945230405603
0.020800000000000003	4292.987842572504
0.0216	4355.494944525242
0.0224	4292.987842572504
0.023200000000000002	3230.367106089543
0.024	2417.774773993122
0.024800000000000003	1105.125614438206
0.0256	-332.53776174702216
0.0264	-1707.6940453793504
0.027200000000000002	-2895.329026103951
0.028	-3832.935595413728
0.028800000000000003	-4270.4853294471395
0.0296	-4583.020854415605
0.0304	-4332.992434396874
0.031200000000000002	-3645.414281157311
0.032	-2895.329026103951
0.0328	-1270.144317625498
0.033600000000000005	-145.0164511585026
0.0344	1230.139820520999
0.0352	2667.803184256889
0.036000000000000004	3542.9026174648898
0.0368	4105.466536585707
0.0376	4355.494944525242
0.038400000000000004	4292.987842572504
0.0392	3917.945230405603
0.04	3230.367106089543
0.0408	2167.746363384009
0.041600000000000005	855.0972020127228
0.0424	-457.5519689145149
0.0432	-1645.186941349064
0.044000000000000004	-3082.850339571596
0.0448	-3895.442700209911
0.0456	-4645.527959475177
0.046400000000000004	-4583.020854415605
0.0472	-4395.499539368495
0.048	-3770.4284906397224
0.0488	-2832.821921658586
0.049600000000000005	-1395.1585254461388
0.0504	105.0119626551168
0.0512	1355.1540265171789
0.052000000000000005	2792.817389259464
0.0528	3417.888412979315
0.0536	4105.466536585707
0.054400000000000004	4605.523352121178
0.055200000000000006	4355.494944525242
0.056	3855.438128302514
0.0568	3542.9026174648898
0.057600000000000005	1792.703746822488
0.0584	667.5758924661204
0.0592	-582.5661761691445
0.060000000000000005	-2145.243774202303
0.0608	-3332.8787578350166
0.0616	-4082.9640147296595
0.062400000000000004	-4520.513749377918
0.0632	-4708.0350645568105
0.064	-4207.978224519349
0.0648	-3582.907176449022
0.0656	-2582.7935040956363
0.0664	-1207.6372137477738
0.06720000000000001	417.54747943382245
0.068	1605.1824382499908
0.0688	2792.817389259464
0.06960000000000001	3417.888412979315
0.0704	4167.973638602765
0.0712	4418.002046456386
0.07200000000000001	4355.494944525242
0.0728	3917.945230405603
0.0736	3230.367106089543
0.07440000000000001	1730.1966439865646
0.0752	417.54747943382245
0.076	-707.5803835107363
0.07680000000000001	-2207.750878407329
0.0776	-3395.385862455587
0.0784	-4145.471119613503
0.0792	-4708.0350645568105
0.08	-4520.513749377918
0.08080000000000001	-4082.9640147296595
0.0816	-3332.8787578350166
0.0824	-2082.7366700192797
0.08320000000000001	-957.6087984550395
0.084	417.54747943382245
0.0848	1792.703746822488
0.08560000000000001	3042.8457990058814
0.0864	3792.9310261780047
0.0872	4355.494944525242
0.08800000000000001	4230.480740598403
0.0888	4105.466536585707
0.0896	3667.91682186455
0.09040000000000001	2730.310286769003
0.0912	2042.7321579499403
0.092	167.51906605419936
0.09280000000000001	-1082.6230060578673
0.0936	-2332.765086882573
0.0944	-3270.3716532363323
0.0952	-3895.442700209911
0.096	-4583.020854415605
0.09680000000000001	-4583.020854415605
0.0976	-4020.4569098677603
0.0984	-3332.8787578350166
0.09920000000000001	-2020.2295658580842
0.1	-645.0732798290555
0.1008	917.6043051516172
0.10160000000000001	1917.7179524294916
0.1024	2917.8315941757755
0.1032	3730.423924032075
0.10400000000000001	4418.002046456386
0.1048	4668.0304539666395
0.1056	4105.466536585707
0.10640000000000001	3605.40971967543
0.1072	2480.2818765915
0.108	1167.632717490429
0.10880000000000001	-82.50934767251601
0.1096	-1457.6656293892302
0.11040000000000001	-2582.7935040956363
0.11120000000000001	-3582.907176449022
0.112	-4332.992434396874
0.11280000000000001	-4645.527959475177
0.1136	-4395.499539368495
0.1144	-3895.442700209911
0.11520000000000001	-2957.836130571319
0.116	-1895.2153576010605
0.1168	-520.059072531003
0.11760000000000001	917.6043051516172
0.1184	2167.746363384009
0.1192	3230.367106089543
0.12000000000000001	3917.945230405603
0.1208	4292.987842572504
0.1216	4605.523352121178
0.12240000000000001	3855.438128302514
0.1232	3355.3813107042224
0.124	2542.7889791681664
0.12480000000000001	1417.6611294829054
0.12560000000000002	-207.52355466625886
0.1264	-1457.6656293892302
0.1272	-2957.836130571319
0.128	-3645.414281157311
0.1288	-4270.4853294471395
0.1296	-4770.542169660388
0.13040000000000002	-4583.020854415605
0.1312	-3770.4284906397224
0.132	-2957.836130571319
0.1328	-1707.6940453793504
0.1336	-82.50934767251601
0.13440000000000002	1292.6469235298573
0.13520000000000001	2480.2818765915
0.136	3542.9026174648898
0.1368	3980.452332487039
0.1376	4418.002046456386
0.1384	4355.494944525242
0.13920000000000002	3730.423924032075
0.14	3230.367106089543
0.1408	2167.746363384009
0.1416	917.6043051516172
0.1424	-270.0306581957266
0.1432	-1707.6940453793504
0.14400000000000002	-2957.836130571319
0.1448	-3832.935595413728
0.1456	-4520.513749377918
0.1464	-4583.020854415605
0.1472	-4145.471119613503
0.14800000000000002	-3707.9213858874864
0.14880000000000002	-2832.821921658586
0.1496	-1332.6514215249335
0.1504	42.504859234264586
0.1512	1542.675335349224
0.152	2730.310286769003
0.15280000000000002	3417.888412979315
0.15360000000000001	4167.973638602765
0.1544	4543.016250254412
0.1552	4355.494944525242
0.156	3792.9310261780047
0.1568	3105.3529013886
0.15760000000000002	1980.2250552005135
0.1584	605.0687892404967
0.1592	-707.5803835107363
0.16	-2020.2295658580842
0.1608	-3207.864548659418
0.16160000000000002	-4020.4569098677603
0.16240000000000002	-4645.527959475177
0.1632	-4583.020854415605
0.164	-4207.978224519349
0.1648	-3582.907176449022
0.1656	-2332.765086882573
0.16640000000000002	-1020.1159022456268
0.16720000000000002	292.5332727874047
0.168	1855.2108496368164
0.1688	2605.2960817233543
0.1696	3480.395515232871
0.1704	4167.973638602765
0.17120000000000002	4480.509148366167
0.17200000000000001	4480.509148366167
0.1728	3730.423924032075
0.1736	2855.3244917283882
0.1744	1667.6895411291043
0.1752	355.0403761214111
0.17600000000000002	-832.5945909393486
0.1768	-2207.750878407329
0.1776	-3457.8929670981015
0.1784	-4207.978224519349
0.1792	-4583.020854415605
0.18000000000000002	-4645.527959475177
0.18080000000000002	-4270.4853294471395
0.1816	-3457.8929670981015
0.1824	-2395.2721911530825
0.1832	-770.0874872141867
0.184	480.0545827244059
0.18480000000000002	1730.1966439865646
0.18560000000000001	2917.8315941757755
0.1864	3855.438128302514
0.1872	4167.973638602765
0.188	4480.509148366167
0.1888	4355.494944525242
0.18960000000000002	3417.888412979315
0.1904	2730.310286769003
0.1912	1730.1966439865646
0.192	355.0403761214111
0.1928	-832.5945909393486
0.19360000000000002	-2145.243774202303
0.19440000000000002	-3582.907176449022
0.1952	-4207.978224519349
0.196	-4645.527959475177
0.1968	-4458.0066443622345
0.1976	-3957.9498050278053
0.19840000000000002	-3082.850339571596
0.19920000000000002	-2270.257982634066
