0	0
0.0008	0.46312201023101807
0.0016	0.9646278023719788
0.0024000000000000002	1.4598091840744019
0.0032	1.903795599937439
0.004	2.2558159828186035
0.0048000000000000004	2.4853734970092773
0.0056	2.5729198455810547
0.0064	2.5099689960479736
0.007200000000000001	2.3023951053619385
0.008	1.9687213897705078
0.0088	1.5378323793411255
0.009600000000000001	1.0484493970870972
0.010400000000000001	0.5447302460670471
0.0112	0.07213296741247177
0.012	-0.32594677805900574
0.0128	-0.6134001612663269
0.013600000000000001	-0.7642048001289368
0.014400000000000001	-0.7643870115280151
0.0152	-0.613984227180481
0.016	-0.3265949785709381
0.016800000000000002	0.07170837372541428
0.0176	0.5444169640541077
0.0184	1.0484474897384644
0.019200000000000002	1.53801691532135
0.02	1.968929648399353
0.020800000000000003	2.302314281463623
0.0216	2.5092740058898926
0.0224	2.5719354152679443
0.023200000000000002	2.4841370582580566
0.024	2.253877878189087
0.024800000000000003	1.9013561010360718
0.0256	1.4576184749603271
0.0264	0.9627109169960022
0.027200000000000002	0.4612540602684021
0.028	-0.0015191768761724234
0.028800000000000003	-0.38328805565834045
0.0296	-0.6493811011314392
0.0304	-0.7757006883621216
0.031200000000000002	-0.7503729462623596
0.032	-0.5757850408554077
0.0328	-0.2677728533744812
0.033600000000000005	0.1458040028810501
0.0344	0.6270242929458618
0.0352	1.131854772567749
0.036000000000000004	1.614362359046936
0.0368	2.0312013626098633
0.0376	2.345237970352173
0.038400000000000004	2.529249906539917
0.0392	2.5668015480041504
0.04	2.4542930126190186
0.0408	2.2020986080169678
0.041600000000000005	1.8318160772323608
0.0424	1.3762046098709106
0.0432	0.8770225048065186
0.044000000000000004	0.37897780537605286
0.0448	-0.07303403317928314
0.0456	-0.43759214878082275
0.046400000000000004	-0.6816874146461487
0.0472	-0.7830219864845276
0.048	-0.7322092652320862
0.0488	-0.5338362455368042
0.049600000000000005	-0.20576351881027222
0.0504	0.22221192717552185
0.0512	0.7105939984321594
0.052000000000000005	1.214874505996704
0.0528	1.6892703771591187
0.0536	2.0911483764648438
0.054400000000000004	2.385174512863159
0.055200000000000006	2.5456511974334717
0.056	2.5579802989959717
0.0568	2.4210867881774902
0.057600000000000005	2.1474695205688477
0.0584	1.7604886293411255
0.0592	1.294803261756897
0.060000000000000005	0.7927464246749878
0.0608	0.2991012632846832
0.0616	-0.1411617249250412
0.062400000000000004	-0.48778414726257324
0.0632	-0.7092691659927368
0.064	-0.7854187488555908
0.0648	-0.709333598613739
0.0656	-0.4877253770828247
0.0664	-0.14041702449321747
0.06720000000000001	0.3005446493625641
0.068	0.7946011424064636
0.0688	1.2971943616867065
0.06960000000000001	1.7627036571502686
0.0704	2.1491456031799316
0.0712	2.4224112033843994
0.07200000000000001	2.55884051322937
0.0728	2.545996904373169
0.0736	2.3851184844970703
0.07440000000000001	2.0908031463623047
0.0752	1.6885113716125488
0.076	1.2140268087387085
0.07680000000000001	0.7101202011108398
0.0776	0.2220744788646698
0.0784	-0.20546481013298035
0.0792	-0.5331766605377197
0.08	-0.7315639853477478
0.08080000000000001	-0.7825410962104797
0.0816	-0.6814084053039551
0.0824	-0.43728992342948914
0.08320000000000001	-0.0720333382487297
0.084	0.3805772066116333
0.0848	0.8789082765579224
0.08560000000000001	1.3783392906188965
0.0864	1.8337745666503906
0.0872	2.203530788421631
0.08800000000000001	2.4551608562469482
0.0888	2.567192554473877
0.0896	2.529189109802246
0.09040000000000001	2.344637870788574
0.0912	2.0302622318267822
0.092	1.6135718822479248
0.09280000000000001	1.1313755512237549
0.0936	0.6270315051078796
0.0944	0.14612257480621338
0.0952	-0.2671806514263153
0.096	-0.5749819874763489
0.09680000000000001	-0.7496467232704163
0.0976	-0.7751638889312744
0.0984	-0.6490586996078491
0.09920000000000001	-0.38290485739707947
0.1	-0.0006874328828416765
0.1008	0.46242207288742065
0.10160000000000001	0.9639028906822205
0.1024	1.459059238433838
0.1032	1.9029581546783447
0.10400000000000001	2.2547786235809326
0.1048	2.484098434448242
0.1056	2.571382522583008
0.10640000000000001	2.508094310760498
0.1072	2.300170421600342
0.108	1.9662466049194336
0.10880000000000001	1.5355325937271118
0.1096	1.0464370250701904
0.11040000000000001	0.5426679253578186
0.11120000000000001	0.07009566575288773
0.112	-0.32774659991264343
0.11280000000000001	-0.6149125099182129
0.1136	-0.7654671669006348
0.1144	-0.765411913394928
0.11520000000000001	-0.6147716045379639
0.116	-0.3272199034690857
0.1168	0.0712084174156189
0.11760000000000001	0.543879508972168
0.1184	1.0477725267410278
0.1192	1.5373170375823975
0.12000000000000001	1.9681671857833862
0.1208	2.3013768196105957
0.1216	2.5080490112304688
0.12240000000000001	2.570385694503784
0.1232	2.4822998046875
0.124	2.2518155574798584
0.12480000000000001	1.8991438150405884
0.12560000000000002	1.4553312063217163
0.1264	0.9603236317634583
0.1272	0.458754301071167
0.128	-0.0039189402014017105
0.1288	-0.38543784618377686
0.1296	-0.6512433886528015
0.13040000000000002	-0.7772254943847656
0.1312	-0.7515603303909302
0.132	-0.5766724348068237
0.1328	-0.2684352695941925
0.1336	0.1452665627002716
0.13440000000000002	0.6266242861747742
0.13520000000000001	1.1316547393798828
0.136	1.6142498254776
0.1368	2.0310139656066895
0.1376	2.3448755741119385
0.1384	2.5286874771118164
0.13920000000000002	2.5660641193389893
0.14	2.453355550765991
0.1408	2.200948715209961
0.1416	1.8306787014007568
0.1424	1.3753046989440918
0.1432	0.8761850595474243
0.14400000000000002	0.3782028555870056
0.1448	-0.07365897297859192
0.1456	-0.4380421042442322
0.1464	-0.6819248795509338
0.1472	-0.7830719947814941
0.14800000000000002	-0.7320218086242676
0.14880000000000002	-0.5334112644195557
0.1496	-0.20516358315944672
0.1504	0.22293685376644135
0.1512	0.7114688754081726
0.152	1.215874433517456
0.15280000000000002	1.690307855606079
0.15360000000000001	2.0920608043670654
0.1544	2.3858494758605957
0.1552	2.546088695526123
0.156	2.558142900466919
0.1568	2.4209868907928467
0.15760000000000002	2.147207021713257
0.1584	1.7600387334823608
0.1592	1.294090747833252
0.16	0.7919340133666992
0.1608	0.29828885197639465
0.16160000000000002	-0.14189915359020233
0.16240000000000002	-0.4883716106414795
0.1632	-0.7096941471099854
0.164	-0.7855812311172485
0.1648	-0.7092710733413696
0.1656	-0.4875253736972809
0.16640000000000002	-0.1400170773267746
0.16720000000000002	0.30119457840919495
0.168	0.7953510880470276
0.1688	1.2978942394256592
0.1696	1.763278603553772
0.1704	2.1495704650878906
0.17120000000000002	2.4226737022399902
0.17200000000000001	2.5588653087615967
0.1728	2.545734405517578
0.1736	2.3845934867858887
0.1744	2.0900282859802246
0.1752	1.6874489784240723
0.17600000000000002	1.2127768993377686
0.1768	0.7088202834129333
0.1776	0.22082459926605225
0.1784	-0.2065896987915039
0.1792	-0.5341640710830688
0.18000000000000002	-0.7323263883590698
0.18080000000000002	-0.7830285429954529
0.1816	-0.6816083788871765
0.1824	-0.4371274411678314
0.1832	-0.07154588401317596
0.184	0.38122713565826416
0.18480000000000002	0.8796082139015198
0.18560000000000001	1.379014253616333
0.1864	1.8344244956970215
0.1872	2.2041430473327637
0.188	2.4555859565734863
0.1888	2.5673301219940186
0.18960000000000002	2.528964042663574
0.1904	2.3440630435943604
0.1912	2.029437303543091
0.192	1.6125719547271729
0.1928	1.1302881240844727
0.19360000000000002	0.6258941292762756
0.19440000000000002	0.14498518407344818
0.1952	-0.26820555329322815
0.196	-0.5757943987846375
0.1968	-0.7501716613769531
0.1976	-0.7753263711929321
0.19840000000000002	-0.6488962173461914
0.19920000000000002	-0.38241738080978394
