0	-240.02724873210536
0.0008	1072.6219203723595
0.0016	2572.792387657508
0.0024000000000000002	3447.8918211670243
0.0032	3885.4415363397566
0.004	4197.977046532556
0.0048000000000000004	4448.005454300321
0.0056	4072.9628425198607
0.0064	3322.877616638376
0.007200000000000001	2135.2426693181624
0.008	947.6077142030117
0.0088	-365.04145581286866
0.009600000000000001	-1740.197739445197
0.010400000000000001	-2990.3398246371653
0.0112	-4052.9606039336068
0.012	-4365.496128462721
0.0128	-4740.538758622657
0.013600000000000001	-4052.9606039336068
0.014400000000000001	-3677.9179752231576
0.0152	-2677.80430251942
0.016	-1427.6622195119853
0.016800000000000002	135.01537198835285
0.0176	1322.6503324513324
0.0184	2635.2994901910424
0.019200000000000002	3510.3989233990433
0.02	4260.484148506657
0.020800000000000003	4448.005454300321
0.0216	4448.005454300321
0.0224	3947.9486384211923
0.023200000000000002	2947.8350025357213
0.024	2010.2284638840938
0.024800000000000003	760.0864047862706
0.0256	-677.576973894902
0.0264	-2052.7332599239307
0.027200000000000002	-3177.8611381704104
0.028	-4115.467708795506
0.028800000000000003	-4490.510338428081
0.0296	-4615.524548481451
0.0304	-4177.97481367935
0.031200000000000002	-3615.4108705148683
0.032	-2490.2829895112664
0.0328	-1115.1267001237138
0.033600000000000005	260.0295787215582
0.0344	1697.692949920718
0.0352	2697.8065927031566
0.036000000000000004	3635.4131277987035
0.0368	4135.469944536919
0.0376	4322.991250459396
0.038400000000000004	4135.469944536919
0.0392	3760.427332112158
0.04	2947.8350025357213
0.0408	1885.214258363645
0.041600000000000005	572.5650951746502
0.0424	-740.0840775765828
0.0432	-2115.240364085126
0.044000000000000004	-3240.3682427252643
0.0448	-4115.467708795506
0.0456	-4428.003233434341
0.046400000000000004	-4428.003233434341
0.0472	-4115.467708795506
0.048	-3615.4108705148683
0.0488	-2240.2545724731754
0.049600000000000005	-990.112492520886
0.0504	322.5366820555646
0.0512	1822.70715557097
0.052000000000000005	2885.327900109929
0.0528	3635.4131277987035
0.0536	4260.484148506657
0.054400000000000004	4573.019658055331
0.055200000000000006	4197.977046532556
0.056	3760.427332112158
0.0568	2760.3136951936176
0.057600000000000005	1260.1432294640108
0.0584	197.52247536584036
0.0592	-1052.6195963114733
0.060000000000000005	-2365.2687809484196
0.0608	-3552.903765828465
0.0616	-3990.4534990936518
0.062400000000000004	-4553.017443443765
0.0632	-4490.510338428081
0.064	-3990.4534990936518
0.0648	-3365.382451900863
0.0656	-2115.240364085126
0.0664	-677.576973894902
0.06720000000000001	760.0864047862706
0.068	1947.721361134667
0.0688	2947.8350025357213
0.06960000000000001	3947.9486384211923
0.0704	4385.498352390539
0.0712	4385.498352390539
0.07200000000000001	4135.469944536919
0.0728	3510.3989233990433
0.0736	2760.3136951936176
0.07440000000000001	1385.1574354170589
0.0752	135.01537198835285
0.076	-1365.15511559078
0.07680000000000001	-2677.80430251942
0.0776	-3552.903765828465
0.0784	-4302.989023512986
0.0792	-4678.031653541024
0.08	-4553.017443443765
0.08080000000000001	-3927.9463942757575
0.0816	-3052.846929126361
0.0824	-1865.2119475712534
0.08320000000000001	-365.04145581286866
0.084	822.5935079468763
0.0848	2260.256874665851
0.08560000000000001	3385.3847189134685
0.0864	3822.9344342366676
0.0872	4385.498352390539
0.08800000000000001	4385.498352390539
0.0888	4010.455740481324
0.0896	3322.877616638376
0.09040000000000001	2510.28528510232
0.0912	1135.1290234245826
0.092	-240.02724873210536
0.09280000000000001	-1615.183531406452
0.0936	-2615.297198161483
0.0944	-3802.932184705569
0.0952	-4302.989023512986
0.096	-4553.017443443765
0.09680000000000001	-4365.496128462721
0.0976	-3552.903765828465
0.0984	-2865.3256157244323
0.09920000000000001	-1740.197739445197
0.1	-240.02724873210536
0.1008	1072.6219203723595
0.10160000000000001	2697.8065927031566
0.1024	3447.8918211670243
0.1032	4135.469944536919
0.10400000000000001	4510.512556188565
0.1048	4322.991250459396
0.1056	4010.455740481324
0.10640000000000001	3322.877616638376
0.1072	2322.763977307419
0.108	947.6077142030117
0.10880000000000001	-427.5485593857011
0.1096	-1865.2119475712534
0.11040000000000001	-2927.8327201697975
0.11120000000000001	-3677.9179752231576
0.112	-4302.989023512986
0.11280000000000001	-4678.031653541024
0.1136	-4302.989023512986
0.1144	-3740.425079953333
0.11520000000000001	-2802.818511300895
0.116	-1302.6480116913444
0.1168	-52.505938274087384
0.11760000000000001	1135.1290234245826
0.1184	2697.8065927031566
0.1192	3572.9060256095836
0.12000000000000001	4135.469944536919
0.1208	4448.005454300321
0.1216	4385.498352390539
0.12240000000000001	3885.4415363397566
0.1232	3135.3563096840517
0.124	1947.721361134667
0.12480000000000001	697.579301604128
0.12560000000000002	-615.069870234991
0.1264	-1990.2261557844467
0.1272	-3052.846929126361
0.128	-3802.932184705569
0.1288	-4302.989023512986
0.1296	-4615.524548481451
0.13040000000000002	-4302.989023512986
0.1312	-3365.382451900863
0.132	-2490.2829895112664
0.1328	-1177.6338039578986
0.1336	72.5082685892703
0.13440000000000002	1572.6787441841443
0.13520000000000001	2885.327900109929
0.136	3635.4131277987035
0.1368	3947.9486384211923
0.1376	4260.484148506657
0.1384	4510.512556188565
0.13920000000000002	3947.9486384211923
0.14	2822.8207976625417
0.1408	1822.70715557097
0.1416	572.5650951746502
0.1424	-802.5911812800332
0.1432	-2302.7616766999126
0.14400000000000002	-3302.875347302179
0.1448	-3990.4534990936518
0.1456	-4302.989023512986
0.1464	-4615.524548481451
0.1472	-4052.9606039336068
0.14800000000000002	-3365.382451900863
0.14880000000000002	-2427.775885218929
0.1496	-865.0982850051951
0.1504	197.52247536584036
0.1512	1822.70715557097
0.152	3135.3563096840517
0.15280000000000002	3572.9060256095836
0.15360000000000001	4510.512556188565
0.1544	4510.512556188565
0.1552	4197.977046532556
0.156	3510.3989233990433
0.1568	2635.2994901910424
0.15760000000000002	1510.1716412833775
0.1584	197.52247536584036
0.1592	-1052.6195963114733
0.16	-2427.775885218929
0.1608	-3490.396661163948
0.16160000000000002	-4115.467708795506
0.16240000000000002	-4615.524548481451
0.1632	-4302.989023512986
0.164	-4240.481918585196
0.1648	-3240.3682427252643
0.1656	-1927.719051666907
0.16640000000000002	-802.5911812800332
0.16720000000000002	697.579301604128
0.168	2010.2284638840938
0.1688	2885.327900109929
0.1696	3885.4415363397566
0.1704	4385.498352390539
0.17120000000000002	4322.991250459396
0.17200000000000001	4135.469944536919
0.1728	3510.3989233990433
0.1736	2635.2994901910424
0.1744	1197.6361264551524
0.1752	10.001165168418083
0.17600000000000002	-1302.6480116913444
0.1768	-2740.3114068991854
0.1776	-3740.425079953333
0.1784	-4052.9606039336068
0.1792	-4615.524548481451
0.18000000000000002	-4615.524548481451
0.18080000000000002	-4052.9606039336068
0.1816	-2927.8327201697975
0.1824	-1802.7048434973112
0.1832	-490.0556629803614
0.184	1010.1148172984831
0.18480000000000002	2447.7781825256534
0.18560000000000001	3197.8634120236966
0.1864	3947.9486384211923
0.1872	4385.498352390539
0.188	4197.977046532556
0.1888	4260.484148506657
0.18960000000000002	3447.8918211670243
0.1904	2385.2710799272754
0.1912	1447.6645383610157
0.192	-365.04145581286866
0.1928	-1615.183531406452
0.19360000000000002	-2615.297198161483
0.19440000000000002	-3865.4392894795747
0.1952	-4240.481918585196
0.196	-4615.524548481451
0.1968	-4490.510338428081
0.1976	-3865.4392894795747
0.19840000000000002	-2865.3256157244323
0.19920000000000002	-1490.1693234550767
