0	-1029.3669542282005
0.0008	533.3106345540727
0.0016	1783.4526958162314
0.0024000000000000002	2783.56633859867
0.0032	3721.172873694217
0.004	4221.229690432432
0.0048000000000000004	4283.73679242807
0.0056	4283.73679242807
0.0064	3596.1586692945566
0.007200000000000001	2846.073441089131
0.008	1720.9455929587712
0.0088	33.25380762142595
0.009600000000000001	-966.85985041596
0.010400000000000001	-2217.0019308043993
0.0112	-3279.6227060053498
0.012	-4154.722172689682
0.0128	-4529.764802585938
0.013600000000000001	-4279.736382567207
0.014400000000000001	-4092.2150677838363
0.0152	-3279.6227060053498
0.016	-2217.0019308043993
0.016800000000000002	-966.85985041596
0.0176	658.3248410701635
0.0184	2033.4811070301803
0.019200000000000002	3158.608953218267
0.02	3721.172873694217
0.020800000000000003	4346.243894402171
0.0216	4596.272302084079
0.0224	4221.229690432432
0.023200000000000002	3658.665771505097
0.024	2721.0592360865558
0.024800000000000003	1408.4100783468457
0.0256	-29.253295842849184
0.0264	-1279.3953696952667
0.027200000000000002	-2529.5374522659695
0.028	-3467.144019932952
0.028800000000000003	-4092.2150677838363
0.0296	-4529.764802585938
0.0304	-4404.750592532568
0.031200000000000002	-4029.7079628999927
0.032	-3217.1156014066655
0.0328	-1591.9308895193972
0.033600000000000005	-466.8030207013362
0.0344	970.860356981284
0.0352	2408.523723202932
0.036000000000000004	3158.608953218267
0.0368	3846.1870780076715
0.0376	4471.258098286053
0.038400000000000004	4471.258098286053
0.0392	4096.215486376837
0.04	3721.172873694217
0.0408	2533.5379284211667
0.041600000000000005	1283.3958723506657
0.0424	-29.253295842849184
0.0432	-1716.945097601798
0.044000000000000004	-2779.565869828919
0.0448	-3592.158229327644
0.0456	-4154.722172689682
0.046400000000000004	-4654.779012727144
0.0472	-4404.750592532568
0.048	-3842.186648380244
0.0488	-3029.5942877419293
0.049600000000000005	-1716.945097601798
0.0504	-341.78881349018775
0.0512	1033.367460098525
0.052000000000000005	2346.016620561364
0.0528	3471.144464808982
0.0536	4033.7083843167056
0.054400000000000004	4346.243894402171
0.055200000000000006	4346.243894402171
0.056	4033.7083843167056
0.0568	3346.130260237376
0.057600000000000005	2408.523723202932
0.0584	1158.3816662678728
0.0592	-404.29591708484804
0.060000000000000005	-1779.45220167574
0.0608	-2967.0871832308476
0.0616	-3779.6795435840613
0.062400000000000004	-4404.750592532568
0.0632	-4529.764802585938
0.064	-4404.750592532568
0.0648	-3779.6795435840613
0.0656	-2842.072974274284
0.0664	-1279.3953696952667
0.06720000000000001	95.76091106393142
0.068	1220.888769320096
0.0688	2658.552133553021
0.06960000000000001	3471.144464808982
0.0704	3971.20128223527
0.0712	4158.722588415374
0.07200000000000001	4408.750996354909
0.0728	3783.6799758617417
0.0736	2971.0876460054424
0.07440000000000001	2158.495312507497
0.0752	845.8461506817839
0.076	-654.3243316810695
0.07680000000000001	-1966.9735140284174
0.0776	-3154.608496829751
0.0784	-3779.6795435840613
0.0792	-4279.736382567207
0.08	-4654.779012727144
0.08080000000000001	-4404.750592532568
0.0816	-3592.158229327644
0.0824	-2529.5374522659695
0.08320000000000001	-1216.888265795831
0.084	220.7751178838662
0.0848	1533.424284256529
0.08560000000000001	2783.56633859867
0.0864	3596.1586692945566
0.0872	4221.229690432432
0.08800000000000001	4283.73679242807
0.0888	4158.722588415374
0.0896	3971.20128223527
0.09040000000000001	2908.580543558055
0.0912	1908.4669014664833
0.092	408.29642795107793
0.09280000000000001	-904.3527466253727
0.0936	-2154.494826577662
0.0944	-3217.1156014066655
0.0952	-3967.2008580380934
0.096	-4592.2719076455105
0.09680000000000001	-4529.764802585938
0.0976	-4154.722172689682
0.0984	-3154.608496829751
0.09920000000000001	-2404.523243615753
0.1	-1029.3669542282005
0.1008	470.8035312634893
0.10160000000000001	1783.4526958162314
0.1024	2971.0876460054424
0.1032	3783.6799758617417
0.10400000000000001	4283.73679242807
0.1048	4471.258098286053
0.1056	4221.229690432432
0.10640000000000001	3658.665771505097
0.1072	3158.608953218267
0.108	1595.9313871788909
0.10880000000000001	158.26801448478363
0.1096	-1029.3669542282005
0.11040000000000001	-2467.0303479299764
0.11120000000000001	-3529.651124619355
0.112	-4217.229277617473
0.11280000000000001	-4404.750592532568
0.1136	-4342.243487538828
0.1144	-4029.7079628999927
0.11520000000000001	-3529.651124619355
0.116	-2154.494826577662
0.1168	-591.8172279993887
0.11760000000000001	658.3248410701635
0.1184	1970.9740042591584
0.1192	2908.580543558055
0.12000000000000001	3721.172873694217
0.1208	4408.750996354909
0.1216	4346.243894402171
0.12240000000000001	4283.73679242807
0.1232	3533.6515670625377
0.124	2471.0308258227888
0.12480000000000001	1220.888769320096
0.12560000000000002	95.76091106393142
0.1264	-1216.888265795831
0.1272	-2592.044556623907
0.128	-3342.12981062592
0.1288	-4154.722172689682
0.1296	-4592.2719076455105
0.13040000000000002	-4404.750592532568
0.1312	-3967.2008580380934
0.132	-3154.608496829751
0.1328	-1904.4664098889334
0.1336	-404.29591708484804
0.13440000000000002	970.860356981284
0.13520000000000001	2158.495312507497
0.136	3158.608953218267
0.1368	3908.694180132181
0.1376	4346.243894402171
0.1384	4283.73679242807
0.13920000000000002	4221.229690432432
0.14	3533.6515670625377
0.1408	2596.0450309978332
0.1416	1095.8745631939964
0.1424	-91.76039932883577
0.1432	-1404.4095775595633
0.14400000000000002	-2717.0587654053816
0.1448	-3779.6795435840613
0.1456	-4467.257697548252
0.1464	-4654.779012727144
0.1472	-4404.750592532568
0.14800000000000002	-3717.1724388100556
0.14880000000000002	-3029.5942877419293
0.1496	-1716.945097601798
0.1504	-216.77460636605974
0.1512	1095.8745631939964
0.152	2283.509517898259
0.15280000000000002	3283.62315791921
0.15360000000000001	3846.1870780076715
0.1544	4346.243894402171
0.1552	4346.243894402171
0.156	3908.694180132181
0.1568	3346.130260237376
0.15760000000000002	2471.0308258227888
0.1584	1095.8745631939964
0.1592	-279.28170991735533
0.16	-1779.45220167574
0.1608	-2967.0871832308476
0.16160000000000002	-3842.186648380244
0.16240000000000002	-4342.243487538828
0.1632	-4717.286117830721
0.164	-4342.243487538828
0.1648	-3654.6653340578196
0.1656	-2717.0587654053816
0.16640000000000002	-1466.9166815243661
0.16720000000000002	-216.77460636605974
0.168	1158.3816662678728
0.1688	2658.552133553021
0.1696	3346.130260237376
0.1704	3971.20128223527
0.17120000000000002	4471.258098286053
0.17200000000000001	4408.750996354909
0.1728	3971.20128223527
0.1736	3283.62315791921
0.1744	2158.495312507497
0.1752	658.3248410701635
0.17600000000000002	-716.8314353845199
0.1768	-2029.4806181896129
0.1776	-3092.101392274897
0.1784	-3842.186648380244
0.1792	-4467.257697548252
0.18000000000000002	-4217.229277617473
0.18080000000000002	-4342.243487538828
0.1816	-3717.1724388100556
0.1824	-2779.565869828919
0.1832	-1029.3669542282005
0.184	220.7751178838662
0.18480000000000002	1595.9313871788909
0.18560000000000001	2846.073441089131
0.1864	3596.1586692945566
0.1872	4096.215486376837
0.188	4346.243894402171
0.1888	4096.215486376837
0.18960000000000002	3721.172873694217
0.1904	2908.580543558055
0.1912	1783.4526958162314
0.192	470.8035312634893
0.1928	-779.3385391096817
0.19360000000000002	-2029.4806181896129
0.19440000000000002	-3342.12981062592
0.1952	-4029.7079628999927
0.196	-4842.300328104
0.1968	-4592.2719076455105
0.1976	-4217.229277617473
0.19840000000000002	-3404.6369152684347
0.19920000000000002	-2342.0161393234157
