0	-1252.392300362524
0.0008	185.27108331717318
0.0016	1622.9344555129646
0.0024000000000000002	2810.569406522438
0.0032	3560.6546347278636
0.004	4435.75406371936
0.0048000000000000004	4435.75406371936
0.0056	4310.739859835478
0.0064	3810.6830434409785
0.007200000000000001	2935.5836114387494
0.008	1872.9628668997902
0.0088	497.80659998737974
0.009600000000000001	-1127.3780926290783
0.010400000000000001	-2252.5059653710923
0.0112	-3190.112531396444
0.012	-4065.2119974666857
0.0128	-4627.7759422122035
0.013600000000000001	-4502.761732114945
0.014400000000000001	-4190.226207256375
0.0152	-3440.1409498351277
0.016	-2315.0130696195993
0.016800000000000002	-877.3496774233645
0.0176	497.80659998737974
0.0184	1560.4273526121979
0.019200000000000002	2935.5836114387494
0.02	3685.668839127524
0.020800000000000003	4310.739859835478
0.0216	4498.261165629141
0.0224	4248.232757861377
0.023200000000000002	3623.161736938404
0.024	2810.569406522438
0.024800000000000003	1622.9344555129646
0.0256	247.7781866946607
0.0264	-1127.3780926290783
0.027200000000000002	-2315.0130696195993
0.028	-3252.6196359733585
0.028800000000000003	-4190.226207256375
0.0296	-4690.283047293837
0.0304	-4315.2404171339
0.031200000000000002	-3815.1835781507543
0.032	-3440.1409498351277
0.0328	-2252.5059653710923
0.033600000000000005	-627.3212625660817
0.0344	935.356322414591
0.0352	1997.9770724634873
0.036000000000000004	3123.104918651574
0.0368	3873.190145565488
0.0376	4310.739859835478
0.038400000000000004	4498.261165629141
0.0392	4310.739859835478
0.04	3498.1475324958446
0.0408	2685.5552015198627
0.041600000000000005	1372.9060437801527
0.0424	60.25687649723841
0.0432	-1314.8994042619597
0.044000000000000004	-2690.055695570365
0.0448	-3502.648054499645
0.0456	-4252.733312184166
0.046400000000000004	-4690.283047293837
0.0472	-4440.254627099261
0.048	-3690.1693686245126
0.0488	-3377.633845192613
0.049600000000000005	-1877.4633403380867
0.0504	-502.3070552680292
0.0512	1122.8776317011798
0.052000000000000005	2185.4983806469827
0.0528	3185.612021012872
0.0536	3935.697247668577
0.054400000000000004	4248.232757861377
0.055200000000000006	4623.275369384151
0.056	3998.2043497500126
0.0568	3498.1475324958446
0.057600000000000005	2435.5267912560957
0.0584	1122.8776317011798
0.0592	-252.27864093275275
0.060000000000000005	-1752.449132168491
0.0608	-2940.084113308345
0.0616	-3690.1693686245126
0.062400000000000004	-4190.226207256375
0.0632	-4690.283047293837
0.064	-4502.761732114945
0.0648	-3940.1977877648314
0.0656	-2815.069904395612
0.0664	-1627.4349240860902
0.06720000000000001	-64.75733040954219
0.068	997.863425531832
0.0688	2498.0338938544737
0.06960000000000001	3498.1475324958446
0.0704	4123.218553848681
0.0712	4123.218553848681
0.07200000000000001	4373.246961788216
0.0728	4060.7114518101444
0.0736	3373.1333279671962
0.07440000000000001	2248.005483331566
0.0752	872.8492192756967
0.076	-377.29284805688076
0.07680000000000001	-1689.9420281163766
0.0776	-2877.577008840977
0.0784	-3877.690682946937
0.0792	-4502.761732114945
0.08	-4627.7759422122035
0.08080000000000001	-4252.733312184166
0.0816	-3627.6622638943372
0.0824	-2752.5627999720746
0.08320000000000001	-1439.9136121262563
0.084	-2.250226945267059
0.0848	1247.8918377839727
0.08560000000000001	2623.048098986328
0.0864	3623.161736938404
0.0872	4060.7114518101444
0.08800000000000001	4498.261165629141
0.0888	4310.739859835478
0.0896	3748.1759412950487
0.09040000000000001	3060.5978162688552
0.0912	2122.991277940804
0.092	872.8492192756967
0.09280000000000001	-627.3212625660817
0.0936	-1877.4633403380867
0.0944	-3002.5912177975406
0.0952	-4002.7048926047864
0.096	-4377.747522105521
0.09680000000000001	-4627.7759422122035
0.0976	-4190.226207256375
0.0984	-3565.155159186048
0.09920000000000001	-2565.0414868326625
0.1	-1064.8709887948935
0.1008	185.27108331717318
0.10160000000000001	1435.4131467458792
0.1024	2810.569406522438
0.1032	3623.161736938404
0.10400000000000001	4435.75406371936
0.1048	4185.725655865739
0.1056	4623.275369384151
0.10640000000000001	3935.697247668577
0.1072	2935.5836114387494
0.108	1810.4557640854619
0.10880000000000001	372.7923933843849
0.1096	-939.8567811920657
0.11040000000000001	-2252.5059653710923
0.11120000000000001	-3190.112531396444
0.112	-4065.2119974666857
0.11280000000000001	-4565.268837152631
0.1136	-4565.268837152631
0.1144	-4065.2119974666857
0.11520000000000001	-3565.155159186048
0.116	-2377.5201738901087
0.1168	-814.8425736763747
0.11760000000000001	497.80659998737974
0.1184	1935.4699696924654
0.1192	2748.062304031977
0.12000000000000001	3623.161736938404
0.1208	4060.7114518101444
0.1216	4560.7682675173855
0.12240000000000001	4185.725655865739
0.1232	3685.668839127524
0.124	2935.5836114387494
0.12480000000000001	1560.4273526121979
0.12560000000000002	185.27108331717318
0.1264	-1189.8851964848
0.1272	-2252.5059653710923
0.128	-3377.633845192613
0.1288	-4190.226207256375
0.1296	-4752.790152397414
0.13040000000000002	-4440.254627099261
0.1312	-4002.7048926047864
0.132	-3065.0983223086223
0.1328	-2189.998861144355
0.1336	-627.3212625660817
0.13440000000000002	685.3279097290942
0.13520000000000001	2060.484175212914
0.136	3123.104918651574
0.1368	3873.190145565488
0.1376	4123.218553848681
0.1384	4435.75406371936
0.13920000000000002	4060.7114518101444
0.14	3498.1475324958446
0.1408	2810.569406522438
0.1416	1247.8918377839727
0.1424	-2.250226945267059
0.1432	-1314.8994042619597
0.14400000000000002	-2565.0414868326625
0.1448	-3565.155159186048
0.1456	-4127.719102350529
0.1464	-4502.761732114945
0.1472	-4627.7759422122035
0.14800000000000002	-3940.1977877648314
0.14880000000000002	-3065.0983223086223
0.1496	-2002.4775485951104
0.1504	-439.79995165154105
0.1512	810.3421161150909
0.152	2185.4983806469827
0.15280000000000002	3310.626225670683
0.15360000000000001	3998.2043497500126
0.1544	4123.218553848681
0.1552	4560.7682675173855
0.156	4373.246961788216
0.1568	3435.640430242289
0.15760000000000002	2498.0338938544737
0.1584	1122.8776317011798
0.1592	-314.78574448404834
0.16	-1564.9278200776316
0.1608	-2627.5485911906
0.16160000000000002	-3690.1693686245126
0.16240000000000002	-4377.747522105521
0.1632	-4627.7759422122035
0.164	-4440.254627099261
0.1648	-3815.1835781507543
0.1656	-3002.5912177975406
0.16640000000000002	-1627.4349240860902
0.16720000000000002	-252.27864093275275
0.168	1060.3705286273034
0.1688	2310.512585994671
0.1696	3373.1333279671962
0.1704	3998.2043497500126
0.17120000000000002	4435.75406371936
0.17200000000000001	4435.75406371936
0.1728	4060.7114518101444
0.1736	3310.626225670683
0.1744	2310.512585994671
0.1752	1185.3847347534029
0.17600000000000002	-502.3070552680292
0.1768	-1689.9420281163766
0.1776	-2690.055695570365
0.1784	-3752.6764733767486
0.1792	-4377.747522105521
0.18000000000000002	-4565.268837152631
0.18080000000000002	-4440.254627099261
0.1816	-3752.6764733767486
0.1824	-2940.084113308345
0.1832	-1377.406508183165
0.184	60.25687649723841
0.18480000000000002	1310.3989407928311
0.18560000000000001	2560.5409964311402
0.1864	3498.1475324958446
0.1872	4060.7114518101444
0.188	4435.75406371936
0.1888	4373.246961788216
0.18960000000000002	3810.6830434409785
0.1904	3060.5978162688552
0.1912	2060.484175212914
0.192	622.8208065034705
0.1928	-689.8283662477625
0.19360000000000002	-2064.984652756306
0.19440000000000002	-3065.0983223086223
0.1952	-3940.1977877648314
0.196	-4440.254627099261
0.1968	-4502.761732114945
0.1976	-4252.733312184166
0.19840000000000002	-3627.6622638943372
0.19920000000000002	-2627.5485911906
