0	0
0.0008	0.4490845501422882
0.0016	0.9627628326416016
0.0024000000000000002	1.494101881980896
0.0032	1.9957689046859741
0.004	2.4228055477142334
0.0048000000000000004	2.737165927886963
0.0056	2.9112648963928223
0.0064	2.9294919967651367
0.007200000000000001	2.7902350425720215
0.008	2.5062174797058105
0.0088	2.1017744541168213
0.009600000000000001	1.6133899688720703
0.010400000000000001	1.0848344564437866
0.0112	0.5631533265113831
0.012	0.0963541716337204
0.0128	-0.2729547917842865
0.013600000000000001	-0.5112769603729248
0.014400000000000001	-0.5968019366264343
0.0152	-0.521543025970459
0.016	-0.2923368513584137
0.016800000000000002	0.07035614550113678
0.0176	0.5332768559455872
0.0184	1.0530670881271362
0.019200000000000002	1.5826687812805176
0.02	2.074899196624756
0.020800000000000003	2.4856748580932617
0.0216	2.7782373428344727
0.0224	2.927001476287842
0.023200000000000002	2.9186437129974365
0.024	2.7539267539978027
0.024800000000000003	2.447598934173584
0.0256	2.0248076915740967
0.0264	1.523499608039856
0.027200000000000002	0.9903571009635925
0.028	0.47273802757263184
0.028800000000000003	0.017100241035223007
0.0296	-0.3342105448246002
0.0304	-0.5491600632667542
0.031200000000000002	-0.6083626747131348
0.032	-0.5060814023017883
0.0328	-0.25172775983810425
0.033600000000000005	0.13195069134235382
0.0344	0.6094949841499329
0.0352	1.1364719867706299
0.036000000000000004	1.6658236980438232
0.0368	2.150442361831665
0.0376	2.545657157897949
0.038400000000000004	2.8165841102600098
0.0392	2.9403507709503174
0.04	2.9052083492279053
0.0408	2.714643716812134
0.041600000000000005	2.3855056762695312
0.0424	1.9460538625717163
0.0432	1.4359714984893799
0.044000000000000004	0.9015291929244995
0.0448	0.3905094563961029
0.0456	-0.05060479789972305
0.046400000000000004	-0.3810926675796509
0.0472	-0.5711946487426758
0.048	-0.6034500002861023
0.0488	-0.4746463894844055
0.049600000000000005	-0.196832537651062
0.0504	0.20508161187171936
0.0512	0.6942997574806213
0.052000000000000005	1.2253763675689697
0.0528	1.7505285739898682
0.0536	2.2222859859466553
0.054400000000000004	2.598102569580078
0.055200000000000006	2.8458194732666016
0.056	2.9435887336730957
0.0568	2.8817737102508545
0.057600000000000005	2.6666617393493652
0.0584	2.3170132637023926
0.0592	1.8630503416061401
0.060000000000000005	1.3458187580108643
0.0608	0.8114638924598694
0.0616	0.3086933195590973
0.062400000000000004	-0.11636003851890564
0.0632	-0.4252125918865204
0.064	-0.5899421572685242
0.0648	-0.5950126647949219
0.0656	-0.43996167182922363
0.0664	-0.13921259343624115
0.06720000000000001	0.2803248465061188
0.068	0.780191957950592
0.0688	1.314318299293518
0.06960000000000001	1.8338334560394287
0.0704	2.2923171520233154
0.0712	2.6490981578826904
0.07200000000000001	2.8731424808502197
0.0728	2.9446141719818115
0.0736	2.8564019203186035
0.07440000000000001	2.6171798706054688
0.0752	2.247558355331421
0.076	1.7800843715667725
0.07680000000000001	1.2569408416748047
0.0776	0.7245607972145081
0.0784	0.2318142205476761
0.0792	-0.17611587047576904
0.08	-0.4625456929206848
0.08080000000000001	-0.601490318775177
0.0816	-0.5795760750770569
0.0824	-0.3989526033401489
0.08320000000000001	-0.07601819187402725
0.084	0.3602426052093506
0.0848	0.8694213628768921
0.08560000000000001	1.4047850370407104
0.0864	1.917725920677185
0.0872	2.3621482849121094
0.08800000000000001	2.698681354522705
0.0888	2.8984529972076416
0.0896	2.943464994430542
0.09040000000000001	2.829205274581909
0.0912	2.5664355754852295
0.092	2.1777162551879883
0.09280000000000001	1.6976933479309082
0.0936	1.170062780380249
0.0944	0.641532301902771
0.0952	0.16020958125591278
0.096	-0.2295723259449005
0.09680000000000001	-0.49282947182655334
0.0976	-0.6054767370223999
0.0984	-0.5566026568412781
0.09920000000000001	-0.3508816957473755
0.1	-0.006711883936077356
0.1008	0.44483494758605957
0.10160000000000001	0.9613754153251648
0.1024	1.4960516691207886
0.1032	2.0010182857513428
0.10400000000000001	2.430467367172241
0.1048	2.746152400970459
0.1056	2.920888900756836
0.10640000000000001	2.939016103744507
0.1072	2.798896551132202
0.108	2.5133042335510254
0.10880000000000001	2.1063990592956543
0.1096	1.6150147914886475
0.11040000000000001	1.0842095613479614
0.11120000000000001	0.5608285665512085
0.112	0.0921545922756195
0.11280000000000001	-0.27869173884391785
0.1136	-0.5179637670516968
0.1144	-0.6037012338638306
0.11520000000000001	-0.5278923511505127
0.116	-0.2975488305091858
0.1168	0.06714397668838501
0.11760000000000001	0.5325144529342651
0.1184	1.0547668933868408
0.1192	1.5873433351516724
0.12000000000000001	2.082723379135132
0.1208	2.4955239295959473
0.1216	2.789011240005493
0.12240000000000001	2.938225269317627
0.1232	2.9295926094055176
0.124	2.763950824737549
0.12480000000000001	2.455960512161255
0.12560000000000002	2.031994581222534
0.1264	1.53049898147583
0.1272	0.9972439408302307
0.128	0.47966238856315613
0.1288	0.024174584075808525
0.1296	-0.3269612193107605
0.13040000000000002	-0.5416732430458069
0.1312	-0.6005759239196777
0.132	-0.4979821741580963
0.1328	-0.24332855641841888
0.1336	0.14058737456798553
0.13440000000000002	0.618394136428833
0.13520000000000001	1.1454585790634155
0.136	1.6746728420257568
0.1368	2.1592040061950684
0.1376	2.554518699645996
0.1384	2.8254332542419434
0.13920000000000002	2.9489500522613525
0.14	2.9135825634002686
0.1408	2.7228429317474365
0.1416	2.39351749420166
0.1424	1.9538906812667847
0.1432	1.4437083005905151
0.14400000000000002	0.9092784523963928
0.1448	0.3984087109565735
0.1456	-0.0425555519759655
0.1464	-0.3729184567928314
0.1472	-0.5632954239845276
0.14800000000000002	-0.5967256426811218
0.14880000000000002	-0.46858444809913635
0.1496	-0.1904081255197525
0.1504	0.2117685079574585
0.1512	0.7011241316795349
0.152	1.2322382926940918
0.15280000000000002	1.7571654319763184
0.15360000000000001	2.2292351722717285
0.1544	2.605464458465576
0.1552	2.8529813289642334
0.156	2.950537919998169
0.1568	2.8884730339050293
0.15760000000000002	2.673048734664917
0.1584	2.3231253623962402
0.1592	1.8689748048782349
0.16	1.3516432046890259
0.1608	0.8173258304595947
0.16160000000000002	0.3146553039550781
0.16240000000000002	-0.1102730929851532
0.1632	-0.4189256727695465
0.164	-0.5834177136421204
0.1648	-0.5885757803916931
0.1656	-0.4335872530937195
0.16640000000000002	-0.1326131969690323
0.16720000000000002	0.28708672523498535
0.168	0.7870163321495056
0.1688	1.321217656135559
0.1696	1.8408328294754028
0.1704	2.299578905105591
0.17120000000000002	2.656559944152832
0.17200000000000001	2.880429267883301
0.1728	2.951601028442383
0.1736	2.863088846206665
0.1744	2.623554229736328
0.1752	2.2536330223083496
0.17600000000000002	1.78602135181427
0.1768	1.2628278732299805
0.1776	0.7304227352142334
0.1784	0.2377636879682541
0.1792	-0.1699664294719696
0.18000000000000002	-0.45609626173973083
0.18080000000000002	-0.5947909355163574
0.1816	-0.5729516744613647
0.1824	-0.3923656940460205
0.1832	-0.06930629909038544
0.184	0.3669795095920563
0.18480000000000002	0.8761832118034363
0.18560000000000001	1.4116344451904297
0.1864	1.9245752096176147
0.1872	2.369147777557373
0.188	2.70573091506958
0.1888	2.905164957046509
0.18960000000000002	2.949826955795288
0.1904	2.8353047370910645
0.1912	2.572360038757324
0.192	2.183565616607666
0.1928	1.7035677433013916
0.19360000000000002	1.1759247779846191
0.19440000000000002	0.6474442481994629
0.1952	0.1662590354681015
0.196	-0.22331039607524872
0.1968	-0.4862300753593445
0.1976	-0.5982649326324463
0.19840000000000002	-0.5489158630371094
0.19920000000000002	-0.34305742383003235
