0	-1643.4367435794557
0.0008	-143.2662523437175
0.0016	1294.3971233424381
0.0024000000000000002	2607.046282443509
0.0032	3544.652818831324
0.004	4044.709636257612
0.0048000000000000004	4294.738044454774
0.0056	4482.259350377251
0.0064	4169.72384039918
0.007200000000000001	3107.103102453577
0.008	2106.9894610525225
0.0088	794.3402983181295
0.009600000000000001	-393.29466667899396
0.010400000000000001	-1955.9722641672706
0.0112	-3206.1143519830075
0.012	-3893.692504015751
0.0128	-4581.2706587048015
0.013600000000000001	-4581.2706587048015
0.014400000000000001	-4331.242238510225
0.0152	-3643.6640847877134
0.016	-2518.5362026015646
0.016800000000000002	-1205.8870156729245
0.0176	-18.252045306493528
0.0184	1419.4113293818664
0.019200000000000002	2732.0604875753634
0.02	3419.6386142597185
0.020800000000000003	3982.202534154523
0.0216	4419.752248424513
0.0224	4357.245146450412
0.023200000000000002	3794.681227716559
0.024	3107.103102453577
0.024800000000000003	1794.4539469811134
0.0256	606.818988576415
0.0264	-643.3230813621776
0.027200000000000002	-2206.000681030564
0.028	-3206.1143519830075
0.028800000000000003	-4018.706713761494
0.0296	-4643.777763808379
0.0304	-4706.284868934017
0.031200000000000002	-4206.228028544865
0.032	-3518.649875305302
0.0328	-2393.521993907634
0.033600000000000005	-1018.365704040043
0.0344	419.2976786394138
0.0352	1669.4397412012331
0.036000000000000004	2919.581795111473
0.0368	3857.188329884084
0.0376	4294.738044454774
0.038400000000000004	4482.259350377251
0.0392	4419.752248424513
0.04	3607.15992108488
0.0408	3107.103102453577
0.041600000000000005	1731.946844102
0.0424	294.28347190620843
0.0432	-893.3514963936177
0.044000000000000004	-2080.98647255532
0.0448	-3518.649875305302
0.0456	-4018.706713761494
0.046400000000000004	-4331.242238510225
0.0472	-4643.777763808379
0.048	-4018.706713761494
0.0488	-3206.1143519830075
0.049600000000000005	-2331.0148895934108
0.0504	-830.8443926030304
0.0512	731.8331950925058
0.052000000000000005	1981.9752554888255
0.0528	3232.117307240609
0.0536	3732.174125527439
0.054400000000000004	4232.230942437716
0.055200000000000006	4544.766452308395
0.056	4294.738044454774
0.0568	3482.1457165562315
0.057600000000000005	2669.5533850201755
0.0584	1481.918432369188
0.0592	169.26926508627366
0.060000000000000005	-1268.3941195941297
0.0608	-2331.0148895934108
0.0616	-3518.649875305302
0.062400000000000004	-4206.228028544865
0.0632	-4581.2706587048015
0.064	-4456.256448563596
0.0648	-4081.21381866734
0.0656	-3081.1001428074087
0.0664	-2018.479368350294
0.06720000000000001	-580.8159776587272
0.068	794.3402983181295
0.0688	1981.9752554888255
0.06960000000000001	3294.6244096019072
0.0704	3982.202534154523
0.0712	4357.245146450412
0.07200000000000001	4357.245146450412
0.0728	4107.216738339048
0.0736	3419.6386142597185
0.07440000000000001	2607.046282443509
0.0752	1106.8758141208673
0.076	-143.2662523437175
0.07680000000000001	-1393.408327502024
0.0776	-2706.0575158065767
0.0784	-3768.678294357902
0.0792	-4268.735133516486
0.08	-4393.749343525909
0.08080000000000001	-4331.242238510225
0.0816	-3956.1996088776505
0.0824	-3081.1001428074087
0.08320000000000001	-1705.9438476533978
0.084	-143.2662523437175
0.0848	1044.3687110036262
0.08560000000000001	2294.510769236018
0.0864	3232.117307240609
0.0872	3919.6954320300138
0.08800000000000001	4357.245146450412
0.0888	4419.752248424513
0.0896	3982.202534154523
0.09040000000000001	3232.117307240609
0.0912	2357.0178719206015
0.092	1044.3687110036262
0.09280000000000001	106.7621616437682
0.0936	-1830.9580558665912
0.0944	-2831.0717247193097
0.0952	-3768.678294357902
0.096	-4206.228028544865
0.09680000000000001	-4706.284868934017
0.0976	-4331.242238510225
0.0984	-3768.678294357902
0.09920000000000001	-2706.0575158065767
0.1	-1330.901223537221
0.1008	44.25505817949306
0.10160000000000001	1169.3829172163387
0.1024	2357.0178719206015
0.1032	3419.6386142597185
0.10400000000000001	4107.216738339048
0.1048	4482.259350377251
0.1056	4294.738044454774
0.10640000000000001	3919.6954320300138
0.1072	3294.6244096019072
0.108	1981.9752554888255
0.10880000000000001	731.8331950925058
0.1096	-518.3088739770465
0.11040000000000001	-1830.9580558665912
0.11120000000000001	-3018.593038252555
0.112	-4081.21381866734
0.11280000000000001	-4456.256448563596
0.1136	-4643.777763808379
0.1144	-4331.242238510225
0.11520000000000001	-3768.678294357902
0.116	-2893.5788292085053
0.1168	-1330.901223537221
0.11760000000000001	44.25505817949306
0.1184	1481.918432369188
0.1192	2669.5533850201755
0.12000000000000001	3607.15992108488
0.1208	4232.230942437716
0.1216	4419.752248424513
0.12240000000000001	4169.72384039918
0.1232	3857.188329884084
0.124	3169.6102048578905
0.12480000000000001	2044.4823582815006
0.12560000000000002	669.3260918453452
0.1264	-830.8443926030304
0.1272	-2143.493576782057
0.128	-3268.621456603578
0.1288	-3956.1996088776505
0.1296	-4456.256448563596
0.13040000000000002	-4581.2706587048015
0.1312	-4206.228028544865
0.132	-3643.6640847877134
0.1328	-2518.5362026015646
0.1336	-1080.8728078957647
0.13440000000000002	419.2976786394138
0.13520000000000001	1669.4397412012331
0.136	2732.0604875753634
0.1368	3794.681227716559
0.1376	4169.72384039918
0.1384	4669.780656106421
0.13920000000000002	4107.216738339048
0.14	3607.15992108488
0.1408	3169.6102048578905
0.1416	1669.4397412012331
0.1424	419.2976786394138
0.1432	-1018.365704040043
0.14400000000000002	-2456.0290982436272
0.1448	-3393.6356659106095
0.1456	-4018.706713761494
0.1464	-4581.2706587048015
0.1472	-4643.777763808379
0.14800000000000002	-4081.21381866734
0.14880000000000002	-3206.1143519830075
0.1496	-2268.5077853010735
0.1504	-768.3372888343292
0.1512	544.3118852858315
0.152	2044.4823582815006
0.15280000000000002	3044.5960000277846
0.15360000000000001	3857.188329884084
0.1544	4294.738044454774
0.1552	4544.766452308395
0.156	4044.709636257612
0.1568	3607.15992108488
0.15760000000000002	2669.5533850201755
0.1584	1419.4113293818664
0.1592	106.7621616437682
0.16	-1268.3941195941297
0.1608	-2206.000681030564
0.16160000000000002	-3331.1285612460924
0.16240000000000002	-4081.21381866734
0.1632	-4581.2706587048015
0.164	-4581.2706587048015
0.1648	-3893.692504015751
0.1656	-3206.1143519830075
0.16640000000000002	-1768.4509517490515
0.16720000000000002	-455.8017703171354
0.168	794.3402983181295
0.1688	2044.4823582815006
0.1696	3169.6102048578905
0.1704	4044.709636257612
0.17120000000000002	4544.766452308395
0.17200000000000001	4482.259350377251
0.1728	4107.216738339048
0.1736	3544.652818831324
0.1744	2544.539179845131
0.1752	1169.3829172163387
0.17600000000000002	-205.77335589501308
0.1768	-1393.408327502024
0.1776	-2831.0717247193097
0.1784	-3706.171189561719
0.1792	-4456.256448563596
0.18000000000000002	-4706.284868934017
0.18080000000000002	-4393.749343525909
0.1816	-4081.21381866734
0.1824	-2956.085933719587
0.1832	-1768.4509517490515
0.184	-143.2662523437175
0.18480000000000002	1044.3687110036262
0.18560000000000001	2419.5249745837064
0.1864	3357.131511941552
0.1872	3919.6954320300138
0.188	4419.752248424513
0.1888	4482.259350377251
0.18960000000000002	4107.216738339048
0.1904	3169.6102048578905
0.1912	2482.0320772252744
0.192	981.8616078647319
0.1928	-330.7875630625058
0.19360000000000002	-1643.4367435794557
0.19440000000000002	-3018.593038252555
0.1952	-3893.692504015751
0.196	-4268.735133516486
0.1968	-4893.8061844428885
0.1976	-4393.749343525909
0.19840000000000002	-3706.171189561719
0.19920000000000002	-2831.0717247193097
