0	0
0.0008	0.4501735270023346
0.0016	0.9814016819000244
0.0024000000000000002	1.5454142093658447
0.0032	2.091503381729126
0.004	2.5699615478515625
0.0048000000000000004	2.9379308223724365
0.0056	3.163926124572754
0.0064	3.2280004024505615
0.007200000000000001	3.1239912509918213
0.008	2.861798048019409
0.0088	2.463843584060669
0.009600000000000001	1.9644867181777954
0.010400000000000001	1.4081732034683228
0.0112	0.8451977372169495
0.012	0.32714274525642395
0.0128	-0.09817151725292206
0.013600000000000001	-0.3920240104198456
0.014400000000000001	-0.5280174016952515
0.0152	-0.49327781796455383
0.016	-0.2909674346446991
0.016800000000000002	0.06055322289466858
0.0176	0.5297123789787292
0.0184	1.0726019144058228
0.019200000000000002	1.6396015882492065
0.02	2.1802663803100586
0.020800000000000003	2.645150899887085
0.0216	2.9928219318389893
0.0224	3.193819999694824
0.023200000000000002	3.2300844192504883
0.024	3.098053216934204
0.024800000000000003	2.810312509536743
0.0256	2.3911726474761963
0.0264	1.8774172067642212
0.027200000000000002	1.3157291412353516
0.028	0.7564658522605896
0.028800000000000003	0.25085967779159546
0.0296	-0.15468157827854156
0.0304	-0.4237115681171417
0.031200000000000002	-0.5317327380180359
0.032	-0.4684835374355316
0.0328	-0.2398882657289505
0.033600000000000005	0.13356775045394897
0.0344	0.6182379126548767
0.0352	1.1689016819000244
0.036000000000000004	1.7352139949798584
0.0368	2.266392230987549
0.0376	2.7141783237457275
0.038400000000000004	3.039039134979248
0.0392	3.2134523391723633
0.04	3.221444606781006
0.0408	3.062328577041626
0.041600000000000005	2.750840187072754
0.0424	2.313077211380005
0.0432	1.7879979610443115
0.044000000000000004	1.2231727838516235
0.0448	0.6694463491439819
0.0456	0.17772628366947174
0.046400000000000004	-0.20716705918312073
0.0472	-0.4506996273994446
0.048	-0.5304486155509949
0.0488	-0.43877723813056946
0.049600000000000005	-0.18442201614379883
0.0504	0.21016943454742432
0.0512	0.7091132402420044
0.052000000000000005	1.26595139503479
0.0528	1.8297513723373413
0.0536	2.34993052482605
0.054400000000000004	2.779568672180176
0.055200000000000006	3.0809192657470703
0.056	3.228360176086426
0.0568	3.20800518989563
0.057600000000000005	3.021979331970215
0.0584	2.686993360519409
0.0592	2.2311322689056396
0.060000000000000005	1.6955790519714355
0.0608	1.1291539669036865
0.0616	0.5824143886566162
0.062400000000000004	0.10561777651309967
0.0632	-0.25780272483825684
0.064	-0.4753004014492035
0.0648	-0.5265272259712219
0.0656	-0.4066711962223053
0.0664	-0.1269434541463852
0.06720000000000001	0.28812098503112793
0.068	0.800400972366333
0.0688	1.3619637489318848
0.06960000000000001	1.9219015836715698
0.0704	2.429931879043579
0.0712	2.8403093814849854
0.07200000000000001	3.1174747943878174
0.0728	3.2374558448791504
0.0736	3.1887662410736084
0.07440000000000001	2.9764180183410645
0.0752	2.6188595294952393
0.076	2.1461374759674072
0.07680000000000001	1.6017102003097534
0.0776	1.0349476337432861
0.0784	0.4962072968482971
0.0792	0.03535908833146095
0.08	-0.30591362714767456
0.08080000000000001	-0.49681398272514343
0.0816	-0.5192812085151672
0.0824	-0.37152794003486633
0.08320000000000001	-0.06696514785289764
0.084	0.3675473928451538
0.0848	0.8914012908935547
0.08560000000000001	1.4559886455535889
0.0864	2.0107271671295166
0.0872	2.505521297454834
0.08800000000000001	2.8958756923675537
0.0888	3.148081064224243
0.0896	3.240189790725708
0.09040000000000001	3.163403034210205
0.0912	2.9251575469970703
0.092	2.5458261966705322
0.09280000000000001	2.057918071746826
0.0936	1.5062165260314941
0.0944	0.940528929233551
0.0952	0.4114375710487366
0.096	-0.0322248712182045
0.09680000000000001	-0.35019993782043457
0.0976	-0.5137530565261841
0.0984	-0.5074981451034546
0.09920000000000001	-0.33213508129119873
0.1	-0.003399685025215149
0.1008	0.44921109080314636
0.10160000000000001	0.9832015037536621
0.1024	1.5496137142181396
0.1032	2.0978777408599854
0.10400000000000001	2.5782482624053955
0.1048	2.947592258453369
0.1056	3.174262762069702
0.10640000000000001	3.238349437713623
0.1072	3.1336278915405273
0.108	2.8700973987579346
0.10880000000000001	2.470317840576172
0.1096	1.9688738584518433
0.11040000000000001	1.4114853143692017
0.11120000000000001	0.848397433757782
0.112	0.3302549719810486
0.11280000000000001	-0.0948968231678009
0.1136	-0.3885493278503418
0.1144	-0.524330198764801
0.11520000000000001	-0.4893406927585602
0.116	-0.28678032755851746
0.1168	0.06501530110836029
0.11760000000000001	0.5344119668006897
0.1184	1.077451467514038
0.1192	1.6444261074066162
0.12000000000000001	2.185015916824341
0.1208	2.649775505065918
0.1216	2.9972214698791504
0.12240000000000001	3.197969675064087
0.1232	3.2339589595794678
0.124	3.101640224456787
0.12480000000000001	2.813612222671509
0.12560000000000002	2.3942973613739014
0.1264	1.8804044723510742
0.1272	1.31865394115448
0.128	0.7594031095504761
0.1288	0.25380939245224
0.1296	-0.15155687928199768
0.13040000000000002	-0.42031189799308777
0.1312	-0.5280581116676331
0.132	-0.46442142128944397
0.1328	-0.23541368544101715
0.1336	0.1382923126220703
0.13440000000000002	0.623087465763092
0.13520000000000001	1.1737887859344482
0.136	1.7401134967803955
0.1368	2.2712790966033936
0.1376	2.7189528942108154
0.1384	3.0436513423919678
0.13920000000000002	3.217839479446411
0.14	3.225456714630127
0.1408	3.0659282207489014
0.1416	2.754077434539795
0.1424	2.3160018920898438
0.1432	1.7907851934432983
0.14400000000000002	1.2259224653244019
0.1448	0.6721711158752441
0.1456	0.18055102229118347
0.1464	-0.20417983829975128
0.1472	-0.4474749267101288
0.14800000000000002	-0.5269364714622498
0.14880000000000002	-0.43495261669158936
0.1496	-0.18024741113185883
0.1504	0.21464401483535767
0.1512	0.7137752771377563
0.152	1.2707759141921997
0.15280000000000002	1.8347134590148926
0.15360000000000001	2.3548800945281982
0.1544	2.7843806743621826
0.1552	3.085456371307373
0.156	3.232609748840332
0.1568	3.2119672298431396
0.15760000000000002	3.025641441345215
0.1584	2.6904430389404297
0.1592	2.234457015991211
0.16	1.6987662315368652
0.1608	1.1322036981582642
0.16160000000000002	0.5854765772819519
0.16240000000000002	0.10880498588085175
0.1632	-0.2544030249118805
0.164	-0.4716382324695587
0.1648	-0.5226026177406311
0.1656	-0.40244659781455994
0.16640000000000002	-0.12236889451742172
0.16720000000000002	0.29289552569389343
0.168	0.8052880167961121
0.1688	1.366963267326355
0.1696	1.9268760681152344
0.1704	2.4347939491271973
0.17120000000000002	2.844959020614624
0.17200000000000001	3.1218245029449463
0.1728	3.241492986679077
0.1736	3.192491054534912
0.1744	2.979830265045166
0.1752	2.62200927734375
0.17600000000000002	2.1490747928619385
0.1768	1.60440993309021
0.1776	1.0375224351882935
0.1784	0.4988945424556732
0.1792	0.03824632614850998
0.18000000000000002	-0.3027639389038086
0.18080000000000002	-0.4933893084526062
0.1816	-0.5156065821647644
0.1824	-0.36754080653190613
0.1832	-0.06274054199457169
0.184	0.37198448181152344
0.18480000000000002	0.8960758447647095
0.18560000000000001	1.4608007669448853
0.1864	2.015564203262329
0.1872	2.5101709365844727
0.188	2.9003002643585205
0.1888	3.152355670928955
0.18960000000000002	3.2442145347595215
0.1904	3.1671152114868164
0.1912	2.928657293319702
0.192	2.549125909805298
0.1928	2.060955286026001
0.19360000000000002	1.5091288089752197
0.19440000000000002	0.943428635597229
0.1952	0.4144247770309448
0.196	-0.029062658548355103
0.1968	-0.3468502461910248
0.1976	-0.5101158618927002
0.19840000000000002	-0.5035359859466553
0.19920000000000002	-0.3279229998588562
