0	0
0.0008	0.4759335219860077
0.0016	1.0236350297927856
0.0024000000000000002	1.5930720567703247
0.0032	2.1333367824554443
0.004	2.595534086227417
0.0048000000000000004	2.938455581665039
0.0056	3.1328792572021484
0.0064	3.1612443923950195
0.007200000000000001	3.020676612854004
0.008	2.7242367267608643
0.0088	2.2973227500915527
0.009600000000000001	1.777855396270752
0.010400000000000001	1.2129801511764526
0.0112	0.6532418727874756
0.012	0.14918552339076996
0.0128	-0.25256863236427307
0.013600000000000001	-0.5154367685317993
0.014400000000000001	-0.6157962083816528
0.0152	-0.5440603494644165
0.016	-0.30672842264175415
0.016800000000000002	0.07472681254148483
0.0176	0.5655588507652283
0.0184	1.120209813117981
0.019200000000000002	1.6882343292236328
0.02	2.218937635421753
0.020800000000000003	2.6639115810394287
0.0216	2.9836478233337402
0.0224	3.1511616706848145
0.023200000000000002	3.15097975730896
0.024	2.9831271171569824
0.024800000000000003	2.6629397869110107
0.0256	2.217589855194092
0.0264	1.6859363317489624
0.027200000000000002	1.1157116889953613
0.028	0.5586605668067932
0.028800000000000003	0.06627805531024933
0.0296	-0.31606554985046387
0.0304	-0.55436110496521
0.031200000000000002	-0.6266858577728271
0.032	-0.5257904529571533
0.0328	-0.26139870285987854
0.033600000000000005	0.14300428330898285
0.0344	0.6502097845077515
0.0352	1.2131723165512085
0.036000000000000004	1.7812219858169556
0.0368	2.3027384281158447
0.0376	2.730389356613159
0.038400000000000004	3.0273401737213135
0.0392	3.168306827545166
0.04	3.1394901275634766
0.0408	2.943877696990967
0.041600000000000005	2.5991804599761963
0.0424	2.134819984436035
0.0432	1.5925674438476562
0.044000000000000004	1.020867943763733
0.0448	0.47107863426208496
0.0456	-0.005717955529689789
0.046400000000000004	-0.36606377363204956
0.0472	-0.5778245329856873
0.048	-0.6213021874427795
0.0488	-0.4921095371246338
0.049600000000000005	-0.20240779221057892
0.0504	0.22206823527812958
0.0512	0.7421474456787109
0.052000000000000005	1.3099095821380615
0.0528	1.8739345073699951
0.0536	2.382977247238159
0.054400000000000004	2.791217565536499
0.055200000000000006	3.063645839691162
0.056	3.17684006690979
0.0568	3.119513988494873
0.057600000000000005	2.8975791931152344
0.0584	2.530496597290039
0.0592	2.0497379302978516
0.060000000000000005	1.4986486434936523
0.0608	0.9268366098403931
0.0616	0.38609644770622253
0.062400000000000004	-0.07383935153484344
0.0632	-0.4113749563694
0.064	-0.5961634516716003
0.0648	-0.6106564402580261
0.0656	-0.4534916281700134
0.0664	-0.13919229805469513
0.06720000000000001	0.3043818771839142
0.068	0.836247444152832
0.0688	1.4071468114852905
0.06960000000000001	1.9653472900390625
0.0704	2.4605915546417236
0.0712	2.8484835624694824
0.07200000000000001	3.0957393646240234
0.0728	3.180786609649658
0.0736	3.0951380729675293
0.07440000000000001	2.8472559452056885
0.0752	2.4584755897521973
0.076	1.9623308181762695
0.07680000000000001	1.4039798974990845
0.0776	0.833692729473114
0.0784	0.30317652225494385
0.0792	-0.13891105353832245
0.08	-0.4528615474700928
0.08080000000000001	-0.6100152730941772
0.0816	-0.5953612327575684
0.0824	-0.41053661704063416
0.08320000000000001	-0.07227715849876404
0.084	0.3891952633857727
0.0848	0.9309598803520203
0.08560000000000001	1.5030591487884521
0.0864	2.053947925567627
0.0872	2.5341310501098633
0.08800000000000001	2.900862693786621
0.0888	3.1224961280822754
0.0896	3.1791958808898926
0.09040000000000001	3.065500259399414
0.0912	2.7922956943511963
0.092	2.3826425075531006
0.09280000000000001	1.8726615905761719
0.0936	1.3088737726211548
0.0944	0.7415237426757812
0.0952	0.22234392166137695
0.096	-0.20103305578231812
0.09680000000000001	-0.49053600430488586
0.0976	-0.6196425557136536
0.0984	-0.5760539174079895
0.09920000000000001	-0.36409446597099304
0.1	-0.0026497854851186275
0.1008	0.47544601559638977
0.10160000000000001	1.0256597995758057
0.1024	1.5976840257644653
0.1032	2.139948606491089
0.10400000000000001	2.6040332317352295
0.1048	2.9491419792175293
0.1056	3.1448781490325928
0.10640000000000001	3.1731057167053223
0.1072	3.0317130088806152
0.108	2.733748435974121
0.10880000000000001	2.304572105407715
0.1096	1.7825299501419067
0.11040000000000001	1.2147799730300903
0.11120000000000001	0.6518795490264893
0.112	0.14523592591285706
0.11280000000000001	-0.25828054547309875
0.1136	-0.5223735570907593
0.1144	-0.6231079697608948
0.11520000000000001	-0.5506846904754639
0.116	-0.31209036707878113
0.1168	0.07135215401649475
0.11760000000000001	0.5644965171813965
0.1184	1.121622085571289
0.1192	1.6920465230941772
0.12000000000000001	2.2244246006011963
0.1208	2.670861005783081
0.1216	2.9918346405029297
0.12240000000000001	3.1599483489990234
0.1232	3.1595163345336914
0.124	2.9905264377593994
0.12480000000000001	2.668614149093628
0.12560000000000002	2.221264600753784
0.1264	1.6884737014770508
0.1272	1.1182489395141602
0.128	0.5611478686332703
0.1288	0.0686153694987297
0.1296	-0.31365323066711426
0.13040000000000002	-0.5517363548278809
0.1312	-0.6237986087799072
0.132	-0.5225532054901123
0.1328	-0.25786149501800537
0.1336	0.1467914581298828
0.13440000000000002	0.6542094349861145
0.13520000000000001	1.2172094583511353
0.136	1.7851465940475464
0.1368	2.3065381050109863
0.1376	2.7343637943267822
0.1384	3.031402349472046
0.13920000000000002	3.172043800354004
0.14	3.1428897380828857
0.1408	2.946927547454834
0.1416	2.601905107498169
0.1424	2.1372323036193848
0.1432	1.5947422981262207
0.14400000000000002	1.0229802131652832
0.1448	0.47316598892211914
0.1456	-0.0035806181840598583
0.1464	-0.3637639582157135
0.1472	-0.5752747058868408
0.14800000000000002	-0.6184024214744568
0.14880000000000002	-0.48879730701446533
0.1496	-0.19874560832977295
0.1504	0.22600539028644562
0.1512	0.7462220788002014
0.152	1.3139592409133911
0.15280000000000002	1.8780467510223389
0.15360000000000001	2.387052059173584
0.1544	2.795379638671875
0.1552	3.0677831172943115
0.156	3.180577278137207
0.1568	3.122863531112671
0.15760000000000002	2.900528907775879
0.1584	2.5331337451934814
0.1592	2.0521626472473145
0.16	1.5010110139846802
0.1608	0.9291364550590515
0.16160000000000002	0.38844627141952515
0.16240000000000002	-0.07123956084251404
0.1632	-0.40847519040107727
0.164	-0.5928636789321899
0.1648	-0.6069692969322205
0.1656	-0.4494544565677643
0.16640000000000002	-0.13480517268180847
0.16720000000000002	0.30893146991729736
0.168	0.8407970666885376
0.1688	1.4116588830947876
0.1696	1.9697219133377075
0.1704	2.4647786617279053
0.17120000000000002	2.8526082038879395
0.17200000000000001	3.099764108657837
0.1728	3.1844987869262695
0.1736	3.098525285720825
0.1744	2.850405693054199
0.1752	2.461400270462036
0.17600000000000002	1.9650931358337402
0.1768	1.4066047668457031
0.1776	0.8362300395965576
0.1784	0.3057888150215149
0.1792	-0.13608628511428833
0.18000000000000002	-0.44971179962158203
0.18080000000000002	-0.606528103351593
0.1816	-0.5915615558624268
0.1824	-0.40644946694374084
0.1832	-0.06797753274440765
0.184	0.3936323821544647
0.18480000000000002	0.9355719685554504
0.18560000000000001	1.5077836513519287
0.1864	2.058647394180298
0.1872	2.5386431217193604
0.188	2.9050748348236084
0.1888	3.126420736312866
0.18960000000000002	3.1828455924987793
0.1904	3.0688750743865967
0.1912	2.795370578765869
0.192	2.3855297565460205
0.1928	1.875398874282837
0.19360000000000002	1.3113985061645508
0.19440000000000002	0.7439485788345337
0.1952	0.22486871480941772
0.196	-0.198270782828331
0.1968	-0.48752373456954956
0.1976	-0.6163928508758545
0.19840000000000002	-0.5725541710853577
0.19920000000000002	-0.36039480566978455
