0	0
0.0008	0.5123385190963745
0.0016	1.068322777748108
0.0024000000000000002	1.6185325384140015
0.0032	2.112522840499878
0.004	2.5056605339050293
0.0048000000000000004	2.7645862102508545
0.0056	2.8665151596069336
0.0064	2.8019230365753174
0.007200000000000001	2.5772595405578613
0.008	2.2119853496551514
0.0088	1.7370595932006836
0.009600000000000001	1.1957154273986816
0.010400000000000001	0.6368231177330017
0.0112	0.11090245842933655
0.012	-0.33367636799812317
0.0128	-0.65691739320755
0.013600000000000001	-0.8294110894203186
0.014400000000000001	-0.8347840309143066
0.0152	-0.6727361679077148
0.016	-0.3580658435821533
0.016800000000000002	0.08119224011898041
0.0176	0.6041421890258789
0.0184	1.162563681602478
0.019200000000000002	1.7064241170883179
0.02	2.186328411102295
0.020800000000000003	2.5592429637908936
0.0216	2.793321132659912
0.0224	2.8678901195526123
0.023200000000000002	2.7758259773254395
0.024	2.5259525775909424
0.024800000000000003	2.139730453491211
0.0256	1.650368571281433
0.0264	1.102500081062317
0.027200000000000002	0.5457324981689453
0.028	0.030210817232728004
0.028800000000000003	-0.3966822922229767
0.0296	-0.6963257193565369
0.0304	-0.8415471315383911
0.031200000000000002	-0.8185853958129883
0.032	-0.6298026442527771
0.0328	-0.29208463430404663
0.033600000000000005	0.1643342822790146
0.0344	0.6959334015846252
0.0352	1.2544798851013184
0.036000000000000004	1.7908661365509033
0.0368	2.2557342052459717
0.0376	2.6073758602142334
0.038400000000000004	2.815931558609009
0.0392	2.862778425216675
0.04	2.7434544563293457
0.0408	2.469046115875244
0.041600000000000005	2.062800884246826
0.0424	1.5602903366088867
0.0432	1.0070724487304688
0.044000000000000004	0.45342952013015747
0.0448	-0.05038084089756012
0.0456	-0.45850083231925964
0.046400000000000004	-0.7338591814041138
0.0472	-0.8514208793640137
0.048	-0.8001369833946228
0.0488	-0.5851068496704102
0.049600000000000005	-0.22512851655483246
0.0504	0.2473013550043106
0.0512	0.7872746586799622
0.052000000000000005	1.3458961248397827
0.0528	1.8736331462860107
0.0536	2.3222904205322266
0.054400000000000004	2.6517341136932373
0.055200000000000006	2.8340799808502197
0.056	2.8529796600341797
0.0568	2.706645965576172
0.057600000000000005	2.4082274436950684
0.0584	1.9828591346740723
0.0592	1.4687871932983398
0.060000000000000005	0.9122446775436401
0.0608	0.363463819026947
0.0616	-0.12739785015583038
0.062400000000000004	-0.5158198475837708
0.0632	-0.7662307024002075
0.064	-0.8558701872825623
0.0648	-0.7764390707015991
0.0656	-0.5353365540504456
0.0664	-0.1536853313446045
0.06720000000000001	0.3333806097507477
0.068	0.8800157904624939
0.0688	1.4370999336242676
0.06960000000000001	1.9550379514694214
0.0704	2.3865966796875
0.0712	2.693192720413208
0.07200000000000001	2.8489913940429688
0.0728	2.839918851852417
0.0736	2.6669375896453857
0.07440000000000001	2.345346450805664
0.0752	1.902229905128479
0.076	1.377821683883667
0.07680000000000001	0.8193792700767517
0.0776	0.2769477665424347
0.0784	-0.1998528242111206
0.0792	-0.5675019025802612
0.08	-0.7924028038978577
0.08080000000000001	-0.8539576530456543
0.0816	-0.7465293407440186
0.0824	-0.4800542891025543
0.08320000000000001	-0.07805504649877548
0.084	0.42243459820747375
0.0848	0.9744567275047302
0.08560000000000001	1.5285786390304565
0.0864	2.0353176593780518
0.0872	2.448378324508667
0.08800000000000001	2.731351852416992
0.0888	2.8601903915405273
0.0896	2.8231332302093506
0.09040000000000001	2.6239047050476074
0.0912	2.2800283432006836
0.092	1.8204383850097656
0.09280000000000001	1.2869560718536377
0.0936	0.7278262376785278
0.0944	0.19304394721984863
0.0952	-0.26810821890830994
0.096	-0.6137844920158386
0.09680000000000001	-0.812625527381897
0.0976	-0.845933198928833
0.0984	-0.7107451558113098
0.09920000000000001	-0.41951003670692444
0.1	0.0018998088780790567
0.1008	0.5143507719039917
0.10160000000000001	1.0702850818634033
0.1024	1.6201074123382568
0.1032	2.113985300064087
0.10400000000000001	2.507272720336914
0.1048	2.7660610675811768
0.1056	2.867802381515503
0.10640000000000001	2.8028855323791504
0.1072	2.5750973224639893
0.108	2.2067859172821045
0.10880000000000001	1.7316601276397705
0.1096	1.1903034448623657
0.11040000000000001	0.6315611600875854
0.11120000000000001	0.10581547021865845
0.112	-0.3386133909225464
0.11280000000000001	-0.6616169214248657
0.1136	-0.8337106704711914
0.1144	-0.8386711478233337
0.11520000000000001	-0.6762983202934265
0.116	-0.36130303144454956
0.1168	0.07824253290891647
0.11760000000000001	0.6016549468040466
0.1184	1.1604889631271362
0.1192	1.704349398612976
0.12000000000000001	2.184103488922119
0.1208	2.556830644607544
0.1216	2.790696382522583
0.12240000000000001	2.8650031089782715
0.1232	2.7726638317108154
0.124	2.5225653648376465
0.12480000000000001	2.136143207550049
0.12560000000000002	1.6465939283370972
0.1264	1.0984629392623901
0.1272	0.5415454506874084
0.128	0.026173725724220276
0.1288	-0.40049439668655396
0.1296	-0.6999003291130066
0.13040000000000002	-0.8448593020439148
0.1312	-0.821647584438324
0.132	-0.6326648592948914
0.1328	-0.2947343587875366
0.1336	0.1618720442056656
0.13440000000000002	0.6947585344314575
0.13520000000000001	1.2545799016952515
0.136	1.7909661531448364
0.1368	2.2556467056274414
0.1376	2.6069633960723877
0.1384	2.815169095993042
0.13920000000000002	2.861703634262085
0.14	2.7420670986175537
0.1408	2.4673337936401367
0.1416	2.060838460922241
0.1424	1.5581905841827393
0.1432	1.005560040473938
0.14400000000000002	0.45260462164878845
0.1448	-0.05109325796365738
0.1456	-0.45895078778266907
0.1464	-0.7340091466903687
0.1472	-0.8513333797454834
0.14800000000000002	-0.7996995449066162
0.14880000000000002	-0.5842944383621216
0.1496	-0.22405360639095306
0.1504	0.24852624535560608
0.1512	0.7870497107505798
0.152	1.344171404838562
0.15280000000000002	1.8718708753585815
0.15360000000000001	2.3203530311584473
0.1544	2.6495845317840576
0.1552	2.8316802978515625
0.156	2.8502423763275146
0.1568	2.703646183013916
0.15760000000000002	2.4050276279449463
0.1584	1.9794094562530518
0.1592	1.465087652206421
0.16	0.9084200859069824
0.1608	0.35971421003341675
0.16160000000000002	-0.13092249631881714
0.16240000000000002	-0.5191320180892944
0.1632	-0.7692678570747375
0.164	-0.858557403087616
0.1648	-0.7788138389587402
0.1656	-0.5374988317489624
0.16640000000000002	-0.15568512678146362
0.16720000000000002	0.3315308094024658
0.168	0.8782784938812256
0.1688	1.435400128364563
0.1696	1.9531880617141724
0.1704	2.384521961212158
0.17120000000000002	2.6908931732177734
0.17200000000000001	2.8464040756225586
0.1728	2.8370189666748047
0.1736	2.663588047027588
0.1744	2.341534376144409
0.1752	1.8981678485870361
0.17600000000000002	1.3736220598220825
0.1768	0.815567135810852
0.1776	0.27371057868003845
0.1784	-0.20282752811908722
0.1792	-0.5702140927314758
0.18000000000000002	-0.7948775887489319
0.18080000000000002	-0.8562198877334595
0.1816	-0.7485666275024414
0.1824	-0.4818165898323059
0.1832	-0.07955489307641983
0.184	0.4209097623825073
0.18480000000000002	0.9728069305419922
0.18560000000000001	1.5268038511276245
0.1864	2.033405303955078
0.1872	2.446303606033325
0.188	2.729064464569092
0.1888	2.857753276824951
0.18960000000000002	2.820496082305908
0.1904	2.621042490005493
0.1912	2.276916027069092
0.192	1.8171137571334839
0.1928	1.2836438417434692
0.19360000000000002	0.7247015237808228
0.19440000000000002	0.19005674123764038
0.1952	-0.2710079252719879
0.196	-0.6165466904640198
0.1968	-0.815150260925293
0.1976	-0.8481704592704773
0.19840000000000002	-0.712744951248169
0.19920000000000002	-0.4213598370552063
