0	-707.3303555627353
0.0008	667.8259213699494
0.0016	2042.9821878061048
0.0024000000000000002	3105.602931978181
0.0032	3730.6739550520433
0.004	4418.252077949117
0.0048000000000000004	4293.2378739793785
0.0056	3980.7023636791273
0.0064	3668.166852841503
0.007200000000000001	2668.0532145447796
0.008	1605.4324678034754
0.0088	-82.25931928964565
0.009600000000000001	-1519.9227059724508
0.010400000000000001	-2520.0363730769604
0.0112	-3707.671360037115
0.012	-4207.728199020261
0.0128	-4707.785039409413
0.013600000000000001	-4395.249514001305
0.014400000000000001	-4270.235303991882
0.0152	-3082.6003132828046
0.016	-1832.458226341987
0.016800000000000002	-457.30194079253124
0.0176	855.3472310465877
0.0184	2167.9963933265535
0.019200000000000002	3480.6455460808356
0.02	4168.223669923784
0.020800000000000003	4230.73077196232
0.0216	4230.73077196232
0.0224	4043.2094657822163
0.023200000000000002	3543.1526483559282
0.024	2480.5319067498785
0.024800000000000003	1230.3898498148192
0.0256	-207.27352637040894
0.0264	-1457.4156019639922
0.027200000000000002	-2770.064790727338
0.028	-3832.685569651192
0.028800000000000003	-4270.235303991882
0.0296	-4645.277934283775
0.0304	-4457.756619038992
0.031200000000000002	-4020.20688423689
0.032	-3020.0932087279507
0.0328	-1582.4298100027372
0.033600000000000005	-207.27352637040894
0.0344	917.8543342287303
0.0352	2355.5177014452056
0.036000000000000004	3480.6455460808356
0.0368	4105.716567863652
0.0376	4355.744975975016
0.038400000000000004	4605.77338374278
0.0392	3980.7023636791273
0.04	3293.1242391265114
0.0408	2230.5034960544435
0.041600000000000005	1042.8685405282304
0.0424	-457.30194079253124
0.0432	-1644.9369140548515
0.044000000000000004	-3020.0932087279507
0.0448	-3520.150045780698
0.0456	-4332.742408985621
0.046400000000000004	-4457.756619038992
0.0472	-4395.249514001305
0.048	-3707.671360037115
0.0488	-2770.064790727338
0.049600000000000005	-1519.9227059724508
0.0504	-144.76642281911336
0.0512	1230.3898498148192
0.052000000000000005	2793.067419633502
0.0528	3543.1526483559282
0.0536	4168.223669923784
0.054400000000000004	4480.7591799018555
0.055200000000000006	4355.744975975016
0.056	3793.181057241163
0.0568	3043.0958295523888
0.057600000000000005	2042.9821878061048
0.0584	667.8259213699494
0.0592	-644.8232518375735
0.060000000000000005	-1832.458226341987
0.0608	-3145.107417859719
0.0616	-4020.20688423689
0.062400000000000004	-4395.249514001305
0.0632	-4457.756619038992
0.064	-4207.728199020261
0.0648	-3457.6429410724086
0.0656	-2645.050581858435
0.0664	-1207.3871861483203
0.06720000000000001	292.78330143081257
0.068	1667.9395707258373
0.0688	2668.0532145447796
0.06960000000000001	3605.659750609484
0.0704	4293.2378739793785
0.0712	4418.252077949117
0.07200000000000001	4668.280485631025
0.0728	3793.181057241163
0.0736	2918.0816246360773
0.07440000000000001	1792.9537765057175
0.0752	417.7975081640179
0.076	-832.3445630784263
0.07680000000000001	-2207.50085150596
0.0776	-3270.1216270789737
0.0784	-4270.235303991882
0.0792	-4520.263724098564
0.08	-4582.770829180197
0.08080000000000001	-4145.221094070526
0.0816	-3332.6287317214883
0.0824	-2332.5150600688066
0.08320000000000001	-832.3445630784263
0.084	542.8117148104357
0.0848	1730.446673626604
0.08560000000000001	2918.0816246360773
0.0864	3730.6739550520433
0.0872	4168.223669923784
0.08800000000000001	4543.266281832999
0.0888	4355.744975975016
0.0896	3793.181057241163
0.09040000000000001	2918.0816246360773
0.0912	1542.9253648595186
0.092	167.7690946108778
0.09280000000000001	-957.3587706812541
0.0936	-2332.5150600688066
0.0944	-3520.150045780698
0.0952	-4207.728199020261
0.096	-4582.770829180197
0.09680000000000001	-4707.785039409413
0.0976	-4020.20688423689
0.0984	-3395.1358363860054
0.09920000000000001	-2207.50085150596
0.1	-769.8374593097251
0.1008	542.8117148104357
0.10160000000000001	2042.9821878061048
0.1024	3105.602931978181
0.1032	3793.181057241163
0.10400000000000001	4293.2378739793785
0.1048	4355.744975975016
0.1056	4105.716567863652
0.10640000000000001	3605.659750609484
0.1072	2918.0816246360773
0.108	1355.4040558976121
0.10880000000000001	105.26199116837233
0.1096	-1394.9084979774198
0.11040000000000001	-2707.5576862819726
0.11120000000000001	-3582.657150510873
0.112	-4395.249514001305
0.11280000000000001	-4582.770829180197
0.1136	-4457.756619038992
0.1144	-4082.713989142736
0.11520000000000001	-3082.6003132828046
0.116	-1769.9511222244473
0.1168	-644.8232518375735
0.11760000000000001	855.3472310465877
0.1184	2167.9963933265535
0.1192	3480.6455460808356
0.12000000000000001	3980.7023636791273
0.1208	4355.744975975016
0.1216	4355.744975975016
0.12240000000000001	4105.716567863652
0.1232	3480.6455460808356
0.124	2543.039009369735
0.12480000000000001	1230.3898498148192
0.12560000000000002	-207.27352637040894
0.1264	-1394.9084979774198
0.1272	-2707.5576862819726
0.128	-3395.1358363860054
0.1288	-4332.742408985621
0.1296	-4645.277934283775
0.13040000000000002	-4395.249514001305
0.1312	-3770.1784648332978
0.132	-3020.0932087279507
0.1328	-1707.4440181287937
0.1336	-269.78062994324137
0.13440000000000002	855.3472310465877
0.13520000000000001	2355.5177014452056
0.136	3418.1384437843226
0.1368	3980.7023636791273
0.1376	4418.252077949117
0.1384	4355.744975975016
0.13920000000000002	4043.2094657822163
0.14	3355.6313414661563
0.1408	2167.9963933265535
0.1416	1105.3756436454714
0.1424	-644.8232518375735
0.1432	-1707.4440181287937
0.14400000000000002	-2957.586104194983
0.1448	-3895.192674491147
0.1456	-4332.742408985621
0.1464	-4582.770829180197
0.1472	-4457.756619038992
0.14800000000000002	-3645.164255263109
0.14880000000000002	-2895.078999683901
0.1496	-1332.401394012617
0.1504	-19.75221578188939
0.1512	1105.3756436454714
0.152	2543.039009369735
0.15280000000000002	3480.6455460808356
0.15360000000000001	4168.223669923784
0.1544	4480.7591799018555
0.1552	4355.744975975016
0.156	3793.181057241163
0.1568	3293.1242391265114
0.15760000000000002	2042.9821878061048
0.1584	1042.8685405282304
0.1592	-832.3445630784263
0.16	-2082.4866430307156
0.1608	-3207.6145224584034
0.16160000000000002	-3770.1784648332978
0.16240000000000002	-4520.263724098564
0.1632	-4395.249514001305
0.164	-4332.742408985621
0.1648	-3520.150045780698
0.1656	-2457.529268719023
0.16640000000000002	-1144.8800822488847
0.16720000000000002	230.27619803173002
0.168	1542.9253648595186
0.1688	2668.0532145447796
0.1696	3543.1526483559282
0.1704	4293.2378739793785
0.17120000000000002	4480.7591799018555
0.17200000000000001	4543.266281832999
0.1728	3605.659750609484
0.1736	3043.0958295523888
0.1744	1730.446673626604
0.1752	542.8117148104357
0.17600000000000002	-769.8374593097251
0.1768	-2082.4866430307156
0.1776	-3457.6429410724086
0.1784	-4020.20688423689
0.1792	-4457.756619038992
0.18000000000000002	-4332.742408985621
0.18080000000000002	-4207.728199020261
0.1816	-3582.657150510873
0.1824	-2270.0079557764693
0.1832	-769.8374593097251
0.184	355.2904048083001
0.18480000000000002	2042.9821878061048
0.18560000000000001	3105.602931978181
0.1864	3605.659750609484
0.1872	4293.2378739793785
0.188	4480.7591799018555
0.1888	4293.2378739793785
0.18960000000000002	3543.1526483559282
0.1904	2793.067419633502
0.1912	1605.4324678034754
0.192	292.78330143081257
0.1928	-1207.3871861483203
0.19360000000000002	-2270.0079557764693
0.19440000000000002	-3270.1216270789737
0.1952	-4332.742408985621
0.196	-4582.770829180197
0.1968	-4395.249514001305
0.1976	-4020.20688423689
0.19840000000000002	-3332.6287317214883
0.19920000000000002	-2207.50085150596
