0	-136.7655136109679
0.0008	1300.8978615762899
0.0016	2738.56122531218
0.0024000000000000002	3301.125147144834
0.0032	4051.2103735423298
0.004	4426.252985580533
0.0048000000000000004	4176.224577640998
0.0056	3988.703271460894
0.0064	3176.110942443891
0.007200000000000001	2238.5044044393
0.008	988.3623462069081
0.0088	-511.8081351138535
0.009600000000000001	-2011.9786289639887
0.010400000000000001	-3199.6136121810414
0.0112	-3887.1917639725143
0.012	-4512.262813360314
0.0128	-4574.769918419886
0.013600000000000001	-4199.727288391849
0.014400000000000001	-3637.1633448321954
0.0152	-2699.5567761797574
0.016	-1386.9075883339392
0.016800000000000002	50.75579684705008
0.0176	1613.433376404515
0.0184	2863.575430314755
0.019200000000000002	3363.6322494630003
0.02	4051.2103735423298
0.020800000000000003	4488.760087511677
0.0216	4363.745883627795
0.0224	3926.196169357805
0.023200000000000002	3051.0967376568587
0.024	1988.4759934847825
0.024800000000000003	613.3197270486271
0.0256	-511.8081351138535
0.0264	-2199.499941578775
0.027200000000000002	-3199.6136121810414
0.028	-3699.6704495844315
0.028800000000000003	-4449.7557083226275
0.0296	-4574.769918419886
0.0304	-4324.741498313204
0.031200000000000002	-3512.149135393731
0.032	-2199.499941578775
0.0328	-1199.386276570207
0.033600000000000005	425.79841717670206
0.0344	1863.461787877779
0.0352	2676.0541227786453
0.036000000000000004	3613.6606585201807
0.0368	4176.224577640998
0.0376	4363.745883627795
0.038400000000000004	4363.745883627795
0.0392	3488.646454034606
0.04	2738.56122531218
0.0408	1800.9546850418556
0.041600000000000005	425.79841717670206
0.0424	-1011.8649650025764
0.0432	-2574.5425673982827
0.044000000000000004	-3324.627821400296
0.0448	-4137.220183464058
0.0456	-4512.262813360314
0.046400000000000004	-4574.769918419886
0.0472	-4324.741498313204
0.048	-3449.6420307073276
0.0488	-2262.007045827282
0.049600000000000005	-886.8507573997485
0.0504	800.8410367252654
0.0512	1863.461787877779
0.052000000000000005	2863.575430314755
0.0528	3738.674862919841
0.0536	4363.745883627795
0.054400000000000004	4488.760087511677
0.055200000000000006	4113.7174756024615
0.056	3488.646454034606
0.0568	2551.039917646791
0.057600000000000005	1613.433376404515
0.0584	425.79841717670206
0.0592	-1136.8791726924828
0.060000000000000005	-2512.0354630403453
0.0608	-3512.149135393731
0.0616	-4074.713078558212
0.062400000000000004	-4574.769918419886
0.0632	-4387.248603306944
0.064	-3887.1917639725143
0.0648	-3387.1349260428105
0.0656	-2011.9786289639887
0.0664	-449.3010314757121
0.06720000000000001	800.8410367252654
0.068	2175.9973017331213
0.0688	3176.110942443891
0.06960000000000001	3863.6890672332956
0.0704	4363.745883627795
0.0712	4488.760087511677
0.07200000000000001	4113.7174756024615
0.0728	3488.646454034606
0.0736	2551.039917646791
0.07440000000000001	1363.4049645851483
0.0752	-199.2726171404356
0.076	-1449.414692298742
0.07680000000000001	-2762.063880603295
0.0776	-3637.1633448321954
0.0784	-4074.713078558212
0.0792	-4387.248603306944
0.08	-4387.248603306944
0.08080000000000001	-3949.6988688124693
0.0816	-3137.106507604127
0.0824	-1636.9360043240595
0.08320000000000001	-511.8081351138535
0.084	988.3623462069081
0.0848	2301.0115071238833
0.08560000000000001	3238.618044805189
0.0864	3738.674862919841
0.0872	4363.745883627795
0.08800000000000001	4551.267189421458
0.0888	3988.703271460894
0.0896	3363.6322494630003
0.09040000000000001	2113.4901990052313
0.0912	988.3623462069081
0.092	-324.2868242645636
0.09280000000000001	-1699.4431083761738
0.0936	-3012.092298516305
0.0944	-3762.177554358437
0.0952	-4449.7557083226275
0.096	-4512.262813360314
0.09680000000000001	-4449.7557083226275
0.0976	-3762.177554358437
0.0984	-2762.063880603295
0.09920000000000001	-1386.9075883339392
0.1	-261.7797206917312
0.1008	1300.8978615762899
0.10160000000000001	2613.5470202234574
0.1024	3301.125147144834
0.1032	3988.703271460894
0.10400000000000001	4488.760087511677
0.1048	4488.760087511677
0.1056	3988.703271460894
0.10640000000000001	3238.618044805189
0.1072	2363.5186097869882
0.108	988.3623462069081
0.10880000000000001	-324.2868242645636
0.1096	-2011.9786289639887
0.11040000000000001	-3074.599403049273
0.11120000000000001	-3949.6988688124693
0.112	-4637.27702350152
0.11280000000000001	-4699.784128605097
0.1136	-4262.234393341583
0.1144	-3512.149135393731
0.11520000000000001	-2699.5567761797574
0.116	-1324.4004843908479
0.1168	238.27710710949032
0.11760000000000001	1613.433376404515
0.1184	2801.068327824294
0.1192	3676.167760730721
0.12000000000000001	4113.7174756024615
0.1208	4363.745883627795
0.1216	4488.760087511677
0.12240000000000001	3863.6890672332956
0.1232	2988.5896352310665
0.124	1863.461787877779
0.12480000000000001	550.8126237796969
0.12560000000000002	-699.3294461588957
0.1264	-2262.007045827282
0.1272	-3262.1207167797256
0.128	-4074.713078558212
0.1288	-4574.769918419886
0.1296	-4574.769918419886
0.13040000000000002	-4137.220183464058
0.1312	-3449.6420307073276
0.132	-2574.5425673982827
0.1328	-1074.3720688367612
0.1336	425.79841717670206
0.13440000000000002	1488.4191705381963
0.13520000000000001	2988.5896352310665
0.136	3988.703271460894
0.1368	4176.224577640998
0.1376	4363.745883627795
0.1384	4363.745883627795
0.13920000000000002	3863.6890672332956
0.14	2988.5896352310665
0.1408	1800.9546850418556
0.1416	425.79841717670206
0.1424	-949.3578611903358
0.1432	-2449.5283587043523
0.14400000000000002	-3199.6136121810414
0.1448	-4074.713078558212
0.1456	-4574.769918419886
0.1464	-4637.27702350152
0.1472	-4074.713078558212
0.14800000000000002	-3387.1349260428105
0.14880000000000002	-2387.021254390129
0.1496	-761.8365498840576
0.1504	675.8268302957877
0.1512	1863.461787877779
0.152	3113.6038400611724
0.15280000000000002	3988.703271460894
0.15360000000000001	3988.703271460894
0.1544	4426.252985580533
0.1552	4301.238781653694
0.156	3676.167760730721
0.1568	2613.5470202234574
0.15760000000000002	1488.4191705381963
0.1584	488.3055204891134
0.1592	-1324.4004843908479
0.16	-2637.049671778048
0.1608	-3512.149135393731
0.16160000000000002	-4199.727288391849
0.16240000000000002	-4324.741498313204
0.1632	-4762.291233730735
0.164	-4012.2059736743686
0.1648	-3324.627821400296
0.1656	-2011.9786289639887
0.16640000000000002	-574.3152387737646
0.16720000000000002	925.8552430680138
0.168	2050.9830962558044
0.1688	2926.082532783679
0.1696	3801.181965087366
0.1704	4363.745883627795
0.17120000000000002	4426.252985580533
0.17200000000000001	4363.745883627795
0.1728	3551.153556288162
0.1736	2613.5470202234574
0.1744	1425.9120675724698
0.1752	-324.2868242645636
0.17600000000000002	-1324.4004843908479
0.1768	-2762.063880603295
0.1776	-3449.6420307073276
0.1784	-4074.713078558212
0.1792	-4699.784128605097
0.18000000000000002	-4574.769918419886
0.18080000000000002	-3762.177554358437
0.1816	-2949.5851940052235
0.1824	-1824.4573165457696
0.1832	-324.2868242645636
0.184	925.8552430680138
0.18480000000000002	2363.5186097869882
0.18560000000000001	3238.618044805189
0.1864	3988.703271460894
0.1872	4551.267189421458
0.188	4301.238781653694
0.1888	4051.2103735423298
0.18960000000000002	3363.6322494630003
0.1904	2363.5186097869882
0.1912	1050.8694493241492
0.192	-261.7797206917312
0.1928	-1761.950212450116
0.19360000000000002	-2824.57098504866
0.19440000000000002	-3512.149135393731
0.1952	-4324.741498313204
0.196	-4699.784128605097
0.1968	-4449.7557083226275
0.1976	-3762.177554358437
0.19840000000000002	-2887.078089516028
0.19920000000000002	-1449.414692298742
