0	-1341.4024166724994
0.0008	-153.76744671951747
0.0016	1221.3888244828559
0.0024000000000000002	2659.0521877220017
0.0032	3534.1516206284286
0.004	3971.701335500169
0.0048000000000000004	4409.251049319166
0.0056	4284.236845478241
0.0064	3721.6729271310032
0.007200000000000001	3221.616109360708
0.008	2033.9811616308289
0.0088	596.317793419119
0.009600000000000001	-653.8242752161459
0.010400000000000001	-1903.9663525524084
0.0112	-3216.6155431515654
0.012	-3966.7007992569124
0.0128	-4216.729218660505
0.013600000000000001	-4654.278953462606
0.014400000000000001	-4154.222113776661
0.0152	-3404.136856882018
0.016	-2591.5444988066447
0.016800000000000002	-1028.866897502041
0.0176	158.76807038468542
0.0184	1533.9243392029894
0.019200000000000002	2784.066392681387
0.02	3596.6587228175486
0.020800000000000003	3909.1942334400374
0.0216	4346.743947409384
0.0224	4159.2226415514015
0.023200000000000002	3659.1658249850734
0.024	2846.573495128774
0.024800000000000003	1658.9385449395631
0.0256	408.79648367740447
0.0264	-653.8242752161459
0.027200000000000002	-2279.0089774543303
0.028	-3091.601334107516
0.028800000000000003	-4091.7150089147617
0.0296	-4216.729218660505
0.0304	-4466.757638415496
0.031200000000000002	-4091.7150089147617
0.032	-3529.151066145103
0.0328	-2091.4876649050857
0.033600000000000005	-841.3455862611881
0.0344	471.3035869463347
0.0352	1783.952750589815
0.036000000000000004	2846.573495128774
0.0368	3784.1800292555126
0.0376	4096.715539555764
0.038400000000000004	4346.743947409384
0.0392	4221.729743525502
0.04	3534.1516206284286
0.0408	2721.5592902124627
0.041600000000000005	1721.4456477754866
0.0424	158.76807038468542
0.0432	-1216.3882089390536
0.044000000000000004	-2404.0231859295745
0.0448	-3404.136856882018
0.0456	-4029.2079040748067
0.046400000000000004	-4529.264743409236
0.0472	-4404.250533443876
0.048	-3904.1936944607296
0.0488	-3154.1084386185976
0.049600000000000005	-1966.473456648062
0.0504	-528.8100679615163
0.0512	846.3462061046157
0.052000000000000005	1971.4740589029389
0.0528	3096.6019047028967
0.0536	3721.6729271310032
0.054400000000000004	4471.75815120741
0.055200000000000006	4346.743947409384
0.056	4221.729743525502
0.0568	3534.1516206284286
0.057600000000000005	2534.037982676353
0.0584	1346.403030435904
0.0592	-153.76744671951747
0.060000000000000005	-1278.8953127947752
0.0608	-2654.0516031426378
0.0616	-3591.65817080962
0.062400000000000004	-4154.222113776661
0.0632	-4341.743428494141
0.064	-4654.278953462606
0.0648	-3779.179484934488
0.0656	-3091.601334107516
0.0664	-1716.4450403960655
0.06720000000000001	-403.7958607940236
0.068	908.8533092218568
0.0688	2221.502469684696
0.06960000000000001	3346.6303139323136
0.0704	3909.1942334400374
0.0712	4159.2226415514015
0.07200000000000001	4346.743947409384
0.0728	4159.2226415514015
0.0736	3159.1090070425416
0.07440000000000001	2409.0237775444984
0.0752	1096.3746184434276
0.076	-28.753239812736865
0.07680000000000001	-1341.4024166724994
0.0776	-2904.0800207055872
0.0784	-3654.1652754960232
0.0792	-4341.743428494141
0.08	-4404.250533443876
0.08080000000000001	-4466.757638415496
0.0816	-3716.6723802043125
0.0824	-2841.57291628205
0.08320000000000001	-1591.4308324010344
0.084	-278.7816537132603
0.0848	1158.8817214739975
0.08560000000000001	2409.0237775444984
0.0864	3409.1374161858694
0.0872	4159.2226415514015
0.08800000000000001	4409.251049319166
0.0888	4221.729743525502
0.0896	3971.701335500169
0.09040000000000001	3221.616109360708
0.0912	2033.9811616308289
0.092	908.8533092218568
0.09280000000000001	-466.30296436685603
0.0936	-1841.4592484784662
0.0944	-2841.57291628205
0.0952	-3904.1936944607296
0.096	-4216.729218660505
0.09680000000000001	-4654.278953462606
0.0976	-4154.222113776661
0.0984	-3716.6723802043125
0.09920000000000001	-2716.558707500575
0.1	-1403.909520571935
0.1008	-28.753239812736865
0.10160000000000001	1346.403030435904
0.1024	2784.066392681387
0.1032	3346.6303139323136
0.10400000000000001	3909.1942334400374
0.1048	4409.251049319166
0.1056	4221.729743525502
0.10640000000000001	3846.6871313586016
0.1072	3034.0948023415986
0.108	2033.9811616308289
0.10880000000000001	658.824896622973
0.1096	-653.8242752161459
0.11040000000000001	-2028.9805607656017
0.11120000000000001	-3216.6155431515654
0.112	-3779.179484934488
0.11280000000000001	-4341.743428494141
0.1136	-4591.77184842492
0.1144	-4091.7150089147617
0.11520000000000001	-3591.65817080962
0.116	-2654.0516031426378
0.1168	-1028.866897502041
0.11760000000000001	346.289380386821
0.1184	1658.9385449395631
0.1192	2659.0521877220017
0.12000000000000001	3596.6587228175486
0.1208	4221.729743525502
0.1216	4284.236845478241
0.12240000000000001	4034.2084375387058
0.1232	3721.6729271310032
0.124	2909.0805975545663
0.12480000000000001	1783.952750589815
0.12560000000000002	346.289380386821
0.1264	-903.85268998635
0.1272	-2153.994769066281
0.128	-3154.1084386185976
0.1288	-4091.7150089147617
0.1296	-4466.757638415496
0.13040000000000002	-4154.222113776661
0.1312	-4091.7150089147617
0.132	-3279.1226477064192
0.1328	-2216.5018732493045
0.1336	-903.85268998635
0.13440000000000002	533.8106901934952
0.13520000000000001	1721.4456477754866
0.136	2846.573495128774
0.1368	3909.1942334400374
0.1376	4096.715539555764
0.1384	4409.251049319166
0.13920000000000002	4034.2084375387058
0.14	3471.6445184178883
0.1408	2784.066392681387
0.1416	1471.4172363022226
0.1424	-91.26034325524233
0.1432	-1216.3882089390536
0.14400000000000002	-2466.530290200084
0.1448	-3654.1652754960232
0.1456	-4154.222113776661
0.1464	-4404.250533443876
0.1472	-4466.757638415496
0.14800000000000002	-3904.1936944607296
0.14880000000000002	-3279.1226477064192
0.1496	-2091.4876649050857
0.1504	-466.30296436685603
0.1512	971.3604123173282
0.152	1783.952750589815
0.15280000000000002	3159.1090070425416
0.15360000000000001	3784.1800292555126
0.1544	3971.701335500169
0.1552	4471.75815120741
0.156	4284.236845478241
0.1568	3534.1516206284286
0.15760000000000002	2846.573495128774
0.1584	1158.8817214739975
0.1592	-91.26034325524233
0.16	-1341.4024166724994
0.1608	-2716.558707500575
0.16160000000000002	-3466.6439615025884
0.16240000000000002	-4091.7150089147617
0.1632	-4466.757638415496
0.164	-4591.77184842492
0.1648	-3841.686589686724
0.1656	-2966.5871251509525
0.16640000000000002	-1716.4450403960655
0.16720000000000002	-278.7816537132603
0.168	971.3604123173282
0.1688	2284.009572326264
0.1696	3284.123211657221
0.1704	3909.1942334400374
0.17120000000000002	4346.743947409384
0.17200000000000001	4284.236845478241
0.1728	4034.2084375387058
0.1736	3409.1374161858694
0.1744	2409.0237775444984
0.1752	1033.8675153912045
0.17600000000000002	-28.753239812736865
0.1768	-1528.9237284362316
0.1776	-2841.57291628205
0.1784	-3654.1652754960232
0.1792	-4279.236323566351
0.18000000000000002	-4591.77184842492
0.18080000000000002	-4154.222113776661
0.1816	-3904.1936944607296
0.1824	-2779.0658118803403
0.1832	-1403.909520571935
0.184	-341.288757242728
0.18480000000000002	1096.3746184434276
0.18560000000000001	2409.0237775444984
0.1864	3409.1374161858694
0.1872	3971.701335500169
0.188	4346.743947409384
0.1888	4284.236845478241
0.18960000000000002	3971.701335500169
0.1904	3096.6019047028967
0.1912	2096.4882643370074
0.192	783.8391029657214
0.1928	-278.7816537132603
0.19360000000000002	-1591.4308324010344
0.19440000000000002	-2904.0800207055872
0.1952	-3841.686589686724
0.196	-3966.7007992569124
0.1968	-4654.278953462606
0.1976	-4216.729218660505
0.19840000000000002	-3654.1652754960232
0.19920000000000002	-2654.0516031426378
