0	-980.1113566341228
0.0008	582.5662321481504
0.0016	1832.7082934103091
0.0024000000000000002	2832.8219361927477
0.0032	3707.9213690991746
0.004	4270.48528802651
0.0048000000000000004	4332.992390022147
0.0056	4207.978186009452
0.0064	3770.4284712882945
0.007200000000000001	2770.3148336806335
0.008	1520.17277890665
0.0088	520.059128857567
0.009600000000000001	-1230.139772101189
0.010400000000000001	-2417.7747503358987
0.0112	-3542.9026317335665
0.012	-4480.50920499186
0.0128	-4668.0305202366435
0.013600000000000001	-4480.50920499186
0.014400000000000001	-4042.9594701897586
0.0152	-3167.860003812588
0.016	-2042.7321247785585
0.016800000000000002	-605.0687340869918
0.0176	457.55202554515563
0.0184	2082.736704624258
0.019200000000000002	3082.8503460253123
0.02	3707.9213690991746
0.020800000000000003	4332.992390022147
0.0216	4270.48528802651
0.0224	4020.4568798293476
0.023200000000000002	3582.9071646566154
0.024	2582.7935260152444
0.024800000000000003	1207.6372638619505
0.0256	-105.01190524251433
0.0264	-1292.6468760223943
0.027200000000000002	-2605.2960634095944
0.028	-3605.409736463742
0.028800000000000003	-4167.973680023395
0.0296	-4668.0305202366435
0.0304	-4543.016310051433
0.031200000000000002	-3917.9452604440157
0.032	-2855.3244811475743
0.0328	-1730.1966040816624
0.033600000000000005	-230.02611232327763
0.0344	1145.1301607880741
0.0352	2270.2580128077534
0.036000000000000004	3395.385857831454
0.0368	4020.4568798293476
0.0376	4458.006593948987
0.038400000000000004	4520.51369588013
0.0392	3832.9355734558194
0.04	3270.3716531736427
0.0408	2332.765115492337
0.041600000000000005	1270.1443669141736
0.0424	-292.53321589611005
0.0432	-1605.182395955606
0.044000000000000004	-2855.3244811475743
0.0448	-3917.9452604440157
0.0456	-4355.49499493849
0.046400000000000004	-4668.0305202366435
0.0472	-4230.48078497313
0.048	-3730.4239459899836
0.0488	-2542.788959029829
0.049600000000000005	-1542.6752919253195
0.0504	-230.02611232327763
0.0512	1270.1443669141736
0.052000000000000005	2582.7935260152444
0.0528	3395.385857831454
0.0536	4082.9639819107833
0.054400000000000004	4458.006593948987
0.055200000000000006	4270.48528802651
0.056	3895.442675601749
0.0568	3145.357448429626
0.057600000000000005	2145.243807373685
0.0584	895.1017482758616
0.0592	-480.0545267453999
0.060000000000000005	-1855.2108122948557
0.0608	-2855.3244811475743
0.0616	-3980.452365305915
0.062400000000000004	-4418.002099954174
0.0632	-4605.523415133066
0.064	-4292.98788994475
0.0648	-3480.3955270252773
0.0656	-2542.788959029829
0.0664	-1230.139772101189
0.06720000000000001	82.50940521550365
0.068	1395.1585729536018
0.0688	2770.3148336806335
0.06960000000000001	3707.9213690991746
0.0704	4207.978186009452
0.0712	4395.499491996248
0.07200000000000001	4020.4568798293476
0.0728	3770.4284712882945
0.0736	3145.357448429626
0.07440000000000001	1645.1869847729686
0.0752	645.0733354170807
0.076	-855.097149031295
0.07680000000000001	-2105.2392289835843
0.0776	-3167.860003812588
0.0784	-3980.452365305915
0.0792	-4605.523415133066
0.08	-4668.0305202366435
0.08080000000000001	-4167.973680023395
0.0816	-3480.3955270252773
0.0824	-2605.2960634095944
0.08320000000000001	-917.6042528218823
0.084	332.5378188554314
0.0848	1582.6798818506068
0.08560000000000001	3020.34324359952
0.0864	3707.9213690991746
0.0872	4082.9639819107833
0.08800000000000001	4332.992390022147
0.0888	4207.978186009452
0.0896	3707.9213690991746
0.09040000000000001	3207.8645508123445
0.0912	1645.1869847729686
0.092	270.0307154779439
0.09280000000000001	-917.6042528218823
0.0936	-2355.2676460216753
0.0944	-3355.381317674357
0.0952	-4042.9594701897586
0.096	-4543.016310051433
0.09680000000000001	-4605.523415133066
0.0976	-4105.466575095605
0.0984	-3167.860003812588
0.09920000000000001	-2167.7463332103216
0.1	-855.097149031295
0.1008	520.059128857567
0.10160000000000001	1957.722499060561
0.1024	3020.34324359952
0.1032	3707.9213690991746
0.10400000000000001	4520.51369588013
0.1048	4520.51369588013
0.1056	4270.48528802651
0.10640000000000001	3645.4142668886343
0.1072	2770.3148336806335
0.108	1395.1585729536018
0.10880000000000001	82.50940521550365
0.1096	-1105.1255643240293
0.11040000000000001	-2355.2676460216753
0.11120000000000001	-3605.409736463742
0.112	-4167.973680023395
0.11280000000000001	-4355.49499493849
0.1136	-4355.49499493849
0.1144	-4105.466575095605
0.11520000000000001	-3167.860003812588
0.116	-1917.7179164343397
0.1168	-542.561630405311
0.11760000000000001	1020.1159545753617
0.1184	2082.736704624258
0.1192	3145.357448429626
0.12000000000000001	3832.9355734558194
0.1208	4270.48528802651
0.1216	4332.992390022147
0.12240000000000001	3957.9497777262586
0.1232	3332.8787555132876
0.124	2520.2864234168665
0.12480000000000001	1332.6514699447434
0.12560000000000002	-167.51900877198204
0.1264	-1417.6610839302884
0.1272	-2730.3102722348412
0.128	-3605.409736463742
0.1288	-4292.98788994475
0.1296	-4543.016310051433
0.13040000000000002	-4418.002099954174
0.1312	-3917.9452604440157
0.132	-2730.3102722348412
0.1328	-1855.2108122948557
0.1336	-417.5474231072585
0.13440000000000002	1082.6230576926027
0.13520000000000001	2457.77932079701
0.136	3395.385857831454
0.1368	3895.442675601749
0.1376	4270.48528802651
0.1384	4395.499491996248
0.13920000000000002	3957.9497777262586
0.14	3270.3716531736427
0.1408	2332.765115492337
0.1416	957.6088514364674
0.1424	-355.04031949077034
0.1432	-1730.1966040816624
0.14400000000000002	-2730.3102722348412
0.1448	-3855.4381556040607
0.1456	-4292.98788994475
0.1464	-4668.0305202366435
0.1472	-4355.49499493849
0.14800000000000002	-3667.916841215978
0.14880000000000002	-2730.3102722348412
0.1496	-1355.1539799654856
0.1504	-230.02611232327763
0.1512	1145.1301607880741
0.152	2770.3148336806335
0.15280000000000002	3395.385857831454
0.15360000000000001	4082.9639819107833
0.1544	4645.527899678156
0.1552	4270.48528802651
0.156	3770.4284712882945
0.1568	3270.3716531736427
0.15760000000000002	2270.2580128077534
0.1584	770.087541889865
0.1592	-605.0687340869918
0.16	-1855.2108122948557
0.1608	-2980.3386901478516
0.16160000000000002	-4042.9594701897586
0.16240000000000002	-4355.49499493849
0.1632	-4605.523415133066
0.164	-4355.49499493849
0.1648	-3792.9310507861665
0.1656	-2605.2960634095944
0.16640000000000002	-1230.139772101189
0.16720000000000002	145.01650865800912
0.168	1395.1585729536018
0.1688	2707.807731147099
0.1696	3770.4284712882945
0.1704	4207.978186009452
0.17120000000000002	4520.51369588013
0.17200000000000001	4270.48528802651
0.1728	3832.9355734558194
0.1736	3145.357448429626
0.1744	2145.243807373685
0.1752	645.0733354170807
0.17600000000000002	-667.5758377904422
0.1768	-2167.7463332103216
0.1776	-3105.3528992356732
0.1784	-3980.452365305915
0.1792	-4605.523415133066
0.18000000000000002	-4605.523415133066
0.18080000000000002	-4105.466575095605
0.1816	-3667.916841215978
0.1824	-2480.281854671892
0.1832	-1042.6184604683076
0.184	332.5378188554314
0.18480000000000002	1707.6940876737353
0.18560000000000001	2770.3148336806335
0.1864	3770.4284712882945
0.1872	4270.48528802651
0.188	4458.006593948987
0.1888	4270.48528802651
0.18960000000000002	3707.9213690991746
0.1904	3020.34324359952
0.1912	2020.229601853236
0.192	-105.01190524251433
0.1928	-980.1113566341228
0.19360000000000002	-2292.760541729338
0.19440000000000002	-3480.3955270252773
0.1952	-4167.973680023395
0.196	-4543.016310051433
0.1968	-4605.523415133066
0.1976	-3917.9452604440157
0.19840000000000002	-3355.381317674357
0.19920000000000002	-2167.7463332103216
