0	-329.0373642036575
0.0008	1108.6260129797156
0.0016	2233.7538653886877
0.0024000000000000002	3358.8817108004005
0.0032	4046.4598351164605
0.004	4421.502447283361
0.0048000000000000004	4296.488243313623
0.0056	3733.9243243862875
0.0064	3358.8817108004005
0.007200000000000001	2483.7822760841227
0.008	1046.1189098624745
0.0088	-391.54446782014566
0.009600000000000001	-1454.165232629748
0.010400000000000001	-2891.828630349657
0.0112	-3891.942305156903
0.012	-4391.999144667061
0.0128	-4704.534670075169
0.013600000000000001	-4454.5062497047475
0.014400000000000001	-3766.9280954990536
0.0152	-2704.3073169477284
0.016	-1391.6581286431756
0.016800000000000002	-79.00894995540148
0.0176	1171.133116075187
0.0184	2546.2893787039793
0.019200000000000002	3483.89591541508
0.02	4171.474039258028
0.020800000000000003	4358.99534530926
0.0216	4358.99534530926
0.0224	3921.445630888862
0.023200000000000002	3171.360403716739
0.024	2233.7538653886877
0.024800000000000003	921.1047035629745
0.0256	-454.05157145828707
0.0264	-1954.2220653084223
0.027200000000000002	-3141.857048525475
0.028	-3954.449410018802
0.028800000000000003	-4391.999144667061
0.0296	-4517.01335476432
0.0304	-4329.492039651377
0.031200000000000002	-3516.8996764464537
0.032	-2579.2931081224815
0.0328	-1454.165232629748
0.033600000000000005	171.01946394512197
0.0344	1296.1473222012864
0.0352	2733.8106864342117
0.036000000000000004	3671.417222175747
0.0368	4233.981141296565
0.0376	4358.99534530926
0.038400000000000004	4609.023753077025
0.0392	3858.9385287429322
0.04	2983.8390964392456
0.0408	1921.2183515333454
0.041600000000000005	546.0620841446798
0.0424	-766.5870899754809
0.0432	-2266.757586442225
0.044000000000000004	-3329.378362387244
0.0448	-4016.9565149026457
0.0456	-4454.5062497047475
0.046400000000000004	-4579.520459845953
0.0472	-4266.9849346576375
0.048	-3329.378362387244
0.0488	-2454.278899384779
0.049600000000000005	-1079.1226090369164
0.0504	296.03367076505674
0.0512	1796.2041458399617
0.052000000000000005	2796.3177889677463
0.0528	3671.417222175747
0.0536	4233.981141296565
0.054400000000000004	4546.516651167243
0.055200000000000006	4296.488243313623
0.056	3796.4314265754074
0.0568	2796.3177889677463
0.057600000000000005	1671.1899400600814
0.0584	358.54077414254425
0.0592	-954.1084013470099
0.060000000000000005	-2391.771795048786
0.0608	-3391.885467051761
0.0616	-4141.970724736282
0.062400000000000004	-4767.0417752228095
0.0632	-4642.027564949531
0.064	-4204.477829686017
0.0648	-3329.378362387244
0.0656	-2141.7433779232088
0.0664	-641.5728825033293
0.06720000000000001	671.0762907041935
0.068	1858.711248697422
0.0688	3108.853301312425
0.06960000000000001	3733.9243243862875
0.0704	4108.966937197896
0.0712	4484.0095492361
0.07200000000000001	4171.474039258028
0.0728	3796.4314265754074
0.0736	3046.346198886633
0.07440000000000001	1421.1615282407147
0.0752	46.00525703834137
0.076	-1141.6297129146405
0.07680000000000001	-2516.7860037427163
0.0776	-3579.406781176629
0.0784	-4391.999144667061
0.0792	-4642.027564949531
0.08	-4517.01335476432
0.08080000000000001	-3954.449410018802
0.0816	-3141.857048525475
0.0824	-1891.7149611472269
0.08320000000000001	-579.0657787998789
0.084	796.0904971769778
0.0848	2358.7680707794498
0.08560000000000001	3171.360403716739
0.0864	3608.910119943728
0.0872	4358.99534530926
0.08800000000000001	4421.502447283361
0.0888	3983.9527330133715
0.0896	3421.3888131185668
0.09040000000000001	2608.7964813023573
0.0912	1171.133116075187
0.092	-79.00894995540148
0.09280000000000001	-1329.1510246783728
0.0936	-2766.8144213930937
0.0944	-3579.406781176629
0.0952	-4329.492039651377
0.096	-4517.01335476432
0.09680000000000001	-4391.999144667061
0.0976	-3829.435200316948
0.0984	-3016.8428393937065
0.09920000000000001	-1641.6865447206073
0.1	-266.5302606089972
0.1008	1108.6260129797156
0.10160000000000001	2296.2609680948663
0.1024	3171.360403716739
0.1032	4108.966937197896
0.10400000000000001	4546.516651167243
0.1048	4358.99534530926
0.1056	3921.445630888862
0.10640000000000001	3358.8817108004005
0.1072	2421.2751734425547
0.108	796.0904971769778
0.10880000000000001	-329.0373642036575
0.1096	-1579.179440668493
0.11040000000000001	-3016.8428393937065
0.11120000000000001	-3766.9280954990536
0.112	-4329.492039651377
0.11280000000000001	-4642.027564949531
0.1136	-4329.492039651377
0.1144	-3829.435200316948
0.11520000000000001	-2829.3215258604614
0.116	-1266.6439207352814
0.1168	-16.50184644764522
0.11760000000000001	1296.1473222012864
0.1184	2483.7822760841227
0.1192	3358.8817108004005
0.12000000000000001	4108.966937197896
0.1208	4546.516651167243
0.1216	4421.502447283361
0.12240000000000001	3858.9385287429322
0.1232	3108.853301312425
0.124	1983.7254543476738
0.12480000000000001	983.6118067235802
0.12560000000000002	-766.5870899754809
0.1264	-1829.2078570077429
0.1272	-3016.8428393937065
0.128	-4016.9565149026457
0.1288	-4454.5062497047475
0.1296	-4642.027564949531
0.13040000000000002	-4204.477829686017
0.1312	-3766.9280954990536
0.132	-2641.800212524191
0.1328	-1329.1510246783728
0.1336	171.01946394512197
0.13440000000000002	1608.6828371377196
0.13520000000000001	2858.8248914798605
0.136	3546.4030176901724
0.1368	4108.966937197896
0.1376	4484.0095492361
0.1384	4421.502447283361
0.13920000000000002	3796.4314265754074
0.14	3108.853301312425
0.1408	2046.232557140349
0.1416	546.0620841446798
0.1424	-891.6012975347694
0.1432	-2141.7433779232088
0.14400000000000002	-3266.8712577447295
0.1448	-3954.449410018802
0.1456	-4517.01335476432
0.1464	-4579.520459845953
0.1472	-4204.477829686017
0.14800000000000002	-3579.406781176629
0.14880000000000002	-2391.771795048786
0.1496	-891.6012975347694
0.1504	483.5549808322685
0.1512	1546.1757341937628
0.152	2796.3177889677463
0.15280000000000002	3671.417222175747
0.15360000000000001	4358.99534530926
0.1544	4484.0095492361
0.1552	4421.502447283361
0.156	3608.910119943728
0.1568	2858.8248914798605
0.15760000000000002	2046.232557140349
0.1584	171.01946394512197
0.1592	-1079.1226090369164
0.16	-2079.2362736964715
0.1608	-3579.406781176629
0.16160000000000002	-4141.970724736282
0.16240000000000002	-4642.027564949531
0.1632	-4579.520459845953
0.164	-4079.463619808492
0.1648	-3454.3925717381644
0.1656	-2079.2362736964715
0.16640000000000002	-704.0799862284912
0.16720000000000002	546.0620841446798
0.168	1983.7254543476738
0.1688	2921.3319939703215
0.1696	3796.4314265754074
0.1704	4233.981141296565
0.17120000000000002	4358.99534530926
0.17200000000000001	4108.966937197896
0.1728	3546.4030176901724
0.1736	2796.3177889677463
0.1744	1358.6544252318563
0.1752	171.01946394512197
0.17600000000000002	-1204.1368168140762
0.1768	-2516.7860037427163
0.1776	-3579.406781176629
0.1784	-4016.9565149026457
0.1792	-4266.9849346576375
0.18000000000000002	-4454.5062497047475
0.18080000000000002	-4016.9565149026457
0.1816	-3204.364153124159
0.1824	-1829.2078570077429
0.1832	-641.5728825033293
0.184	858.5976003808319
0.18480000000000002	2171.2467626607977
0.18560000000000001	3233.8675060994574
0.1864	3733.9243243862875
0.1872	4358.99534530926
0.188	4984.066364084894
0.1888	3921.445630888862
0.18960000000000002	3608.910119943728
0.1904	2546.2893787039793
0.1912	1046.1189098624745
0.192	-204.02315703616478
0.1928	-1391.6581286431756
0.19360000000000002	-2704.3073169477284
0.19440000000000002	-3454.3925717381644
0.1952	-4329.492039651377
0.196	-4579.520459845953
0.1968	-4329.492039651377
0.1976	-4016.9565149026457
0.19840000000000002	-3079.3499439485604
0.19920000000000002	-1829.2078570077429
