0	0
0.0008	0.5636172890663147
0.0016	1.1742925643920898
0.0024000000000000002	1.7775684595108032
0.0032	2.3187878131866455
0.004	2.748868227005005
0.0048000000000000004	3.0306880474090576
0.0056	3.1394622325897217
0.0064	3.0646800994873047
0.007200000000000001	2.8138904571533203
0.008	2.408616542816162
0.0088	1.8832420110702515
0.009600000000000001	1.2853997945785522
0.010400000000000001	0.6693594455718994
0.0112	0.09086530655622482
0.012	-0.3966504633426666
0.0128	-0.7493672966957092
0.013600000000000001	-0.9357883334159851
0.014400000000000001	-0.9377903938293457
0.0152	-0.7554482817649841
0.016	-0.4054602086544037
0.016800000000000002	0.08136450499296188
0.0176	0.6597553491592407
0.0184	1.2758926153182983
0.019200000000000002	1.8741689920425415
0.02	2.4003899097442627
0.020800000000000003	2.807809829711914
0.0216	3.062032461166382
0.0224	3.1403472423553467
0.023200000000000002	3.035130500793457
0.024	2.7567312717437744
0.024800000000000003	2.32863450050354
0.0256	1.7874866724014282
0.0264	1.182820200920105
0.027200000000000002	0.5694544911384583
0.028	0.0027966960333287716
0.028800000000000003	-0.4650210440158844
0.0296	-0.7919654846191406
0.0304	-0.9483395218849182
0.031200000000000002	-0.9189947247505188
0.032	-0.7070305347442627
0.0328	-0.3315824568271637
0.033600000000000005	0.17411541938781738
0.0344	0.7627303004264832
0.0352	1.3796799182891846
0.036000000000000004	1.9696571826934814
0.0368	2.479217290878296
0.0376	2.8633267879486084
0.038400000000000004	3.089477062225342
0.0392	3.1371452808380127
0.04	3.001818895339966
0.0408	2.696322441101074
0.041600000000000005	2.2461278438568115
0.0424	1.690693974494934
0.0432	1.080890417098999
0.044000000000000004	0.47159940004348755
0.0448	-0.08189725130796432
0.0456	-0.5289421081542969
0.046400000000000004	-0.8291891813278198
0.0472	-0.9550788402557373
0.048	-0.8945121169090271
0.0488	-0.6534507870674133
0.049600000000000005	-0.25336766242980957
0.0504	0.2695285677909851
0.0512	0.8662676811218262
0.052000000000000005	1.482392430305481
0.0528	2.062558174133301
0.0536	2.554257392883301
0.054400000000000004	2.9140069484710693
0.055200000000000006	3.1112725734710693
0.056	3.128131151199341
0.0568	2.9630703926086426
0.057600000000000005	2.6310389041900635
0.0584	2.1599466800689697
0.0592	1.5918264389038086
0.060000000000000005	0.9783483147621155
0.0608	0.3744817078113556
0.0616	-0.16475388407707214
0.062400000000000004	-0.589713454246521
0.0632	-0.862238347530365
0.064	-0.9573060870170593
0.0648	-0.8656924366950989
0.0656	-0.5960714817047119
0.0664	-0.17250308394432068
0.06720000000000001	0.3661291003227234
0.068	0.9697550535202026
0.0688	1.5837674140930176
0.06960000000000001	2.1527717113494873
0.0704	2.6251728534698486
0.0712	2.959637403488159
0.07200000000000001	3.127718448638916
0.0728	3.1138675212860107
0.0736	2.919534921646118
0.07440000000000001	2.562018394470215
0.0752	2.0714781284332275
0.076	1.4919965267181396
0.07680000000000001	0.8761560916900635
0.0776	0.27887633442878723
0.0784	-0.2445858120918274
0.0792	-0.646210253238678
0.08	-0.8905754685401917
0.08080000000000001	-0.9547337889671326
0.0816	-0.8323231935501099
0.0824	-0.5350174307823181
0.08320000000000001	-0.08922626078128815
0.084	0.46405452489852905
0.0848	1.0733299255371094
0.08560000000000001	1.6838551759719849
0.0864	2.2400732040405273
0.0872	2.6916887760162354
0.08800000000000001	3.0000810623168945
0.0888	3.1386148929595947
0.0896	3.0940921306610107
0.09040000000000001	2.871162176132202
0.0912	2.4892609119415283
0.092	1.980584740638733
0.09280000000000001	1.391291618347168
0.0936	0.7744138836860657
0.0944	0.1854332834482193
0.0952	-0.3206431269645691
0.096	-0.6981574892997742
0.09680000000000001	-0.9137005805969238
0.0976	-0.9466745257377625
0.0984	-0.7939669489860535
0.09920000000000001	-0.46977636218070984
0.1	-0.002762238960713148
0.1008	0.5637547373771667
0.10160000000000001	1.1773172616958618
0.1024	1.7825804948806763
0.1032	2.324274778366089
0.10400000000000001	2.754030227661133
0.1048	3.0354249477386475
0.1056	3.1438119411468506
0.10640000000000001	3.06866717338562
0.1072	2.817540168762207
0.108	2.4119911193847656
0.10880000000000001	1.8864291906356812
0.1096	1.2884994745254517
0.11040000000000001	0.672409176826477
0.11120000000000001	0.09395251423120499
0.112	-0.39337578415870667
0.11280000000000001	-0.7457801699638367
0.1136	-0.9318012595176697
0.1144	-0.9334033131599426
0.11520000000000001	-0.7505987286567688
0.116	-0.4002107083797455
0.1168	0.08680147677659988
0.11760000000000001	0.6653172969818115
0.1184	1.2816170454025269
0.1192	1.8799560070037842
0.12000000000000001	2.40606427192688
0.1208	2.813209295272827
0.1216	3.0671193599700928
0.12240000000000001	3.1451094150543213
0.1232	3.0395426750183105
0.124	2.7607808113098145
0.12480000000000001	2.3323841094970703
0.12560000000000002	1.7910863161087036
0.1264	1.1862698793411255
0.1272	0.5728417038917542
0.128	0.006296364590525627
0.1288	-0.46124643087387085
0.1296	-0.7878409028053284
0.13040000000000002	-0.9438650012016296
0.1312	-0.9141702055931091
0.132	-0.701831042766571
0.1328	-0.3260830044746399
0.1336	0.1797148734331131
0.13440000000000002	0.7684547305107117
0.13520000000000001	1.385516881942749
0.136	1.9755066633224487
0.1368	2.484816551208496
0.1376	2.8685014247894287
0.1384	3.0943267345428467
0.13920000000000002	3.1416447162628174
0.14	3.005993604660034
0.1408	2.700247049331665
0.1416	2.249877452850342
0.1424	1.6942811012268066
0.1432	1.084415078163147
0.14400000000000002	0.4751615524291992
0.1448	-0.07817260175943375
0.1456	-0.5248924493789673
0.1464	-0.8248271346092224
0.1472	-0.9503417611122131
0.14800000000000002	-0.889362633228302
0.14880000000000002	-0.64796382188797
0.1496	-0.2476181983947754
0.1504	0.2755029797554016
0.1512	0.872467041015625
0.152	1.4887043237686157
0.15280000000000002	2.068732500076294
0.15360000000000001	2.559856653213501
0.1544	2.9191064834594727
0.1552	3.116122007369995
0.156	3.1326682567596436
0.1568	2.9673449993133545
0.15760000000000002	2.635063648223877
0.1584	2.163733720779419
0.1592	1.5954385995864868
0.16	0.9818479418754578
0.1608	0.37798136472702026
0.16160000000000002	-0.16101673245429993
0.16240000000000002	-0.585713803768158
0.1632	-0.8579762578010559
0.164	-0.9526565074920654
0.1648	-0.8606429100036621
0.1656	-0.5906844735145569
0.16640000000000002	-0.1667536497116089
0.16720000000000002	0.37219101190567017
0.168	0.9759419560432434
0.1688	1.58985435962677
0.1696	2.1586086750030518
0.1704	2.630422353744507
0.17120000000000002	2.9642744064331055
0.17200000000000001	3.132067918777466
0.1728	3.11791729927063
0.1736	2.923234462738037
0.1744	2.565305709838867
0.1752	2.074427843093872
0.17600000000000002	1.494746208190918
0.1768	0.8788183331489563
0.1776	0.2815885841846466
0.1784	-0.24179857969284058
0.1792	-0.6432729959487915
0.18000000000000002	-0.8873507380485535
0.18080000000000002	-0.9511340856552124
0.1816	-0.8283736109733582
0.1824	-0.5306803584098816
0.1832	-0.08452671021223068
0.184	0.46901655197143555
0.18480000000000002	1.0785044431686401
0.18560000000000001	1.6890671253204346
0.1864	2.2452852725982666
0.1872	2.6965134143829346
0.188	3.004305601119995
0.1888	3.1424145698547363
0.18960000000000002	3.0974419116973877
0.1904	2.8740744590759277
0.1912	2.4917356967926025
0.192	1.9827220439910889
0.1928	1.39324152469635
0.19360000000000002	0.7763761878013611
0.19440000000000002	0.18744559586048126
0.1952	-0.31854331493377686
0.196	-0.6957451701164246
0.1968	-0.9109008312225342
0.1976	-0.9434998035430908
0.19840000000000002	-0.79035484790802
0.19920000000000002	-0.4657517671585083
