0	0
0.0008	0.5789602994918823
0.0016	1.2131152153015137
0.0024000000000000002	1.8452829122543335
0.0032	2.4185688495635986
0.004	2.8814778327941895
0.0048000000000000004	3.194401502609253
0.0056	3.330130100250244
0.0064	3.275590419769287
0.007200000000000001	3.037031412124634
0.008	2.6348891258239746
0.0088	2.102147340774536
0.009600000000000001	1.4877138137817383
0.010400000000000001	0.8475828170776367
0.0112	0.23924864828586578
0.012	-0.2810193598270416
0.0128	-0.6662759780883789
0.013600000000000001	-0.8817620873451233
0.014400000000000001	-0.906954824924469
0.0152	-0.739891767501831
0.016	-0.3958336114883423
0.016800000000000002	0.09539763629436493
0.0176	0.6876941323280334
0.0184	1.3253862857818604
0.019200000000000002	1.951442003250122
0.02	2.50944185256958
0.020800000000000003	2.9496281147003174
0.0216	3.234467029571533
0.0224	3.3386738300323486
0.023200000000000002	3.2523248195648193
0.024	2.9839189052581787
0.024800000000000003	2.5563039779663086
0.0256	2.0063140392303467
0.0264	1.3840687274932861
0.027200000000000002	0.7453626394271851
0.028	0.14792735874652863
0.028800000000000003	-0.35280510783195496
0.0296	-0.7115518450737
0.0304	-0.8959911465644836
0.031200000000000002	-0.8886620998382568
0.032	-0.6914269924163818
0.0328	-0.32063400745391846
0.033600000000000005	0.1912827342748642
0.0344	0.7949156165122986
0.0352	1.434807538986206
0.036000000000000004	2.053589105606079
0.0368	2.595327854156494
0.0376	3.0116539001464844
0.038400000000000004	3.2674458026885986
0.0392	3.3400306701660156
0.04	3.222222328186035
0.0408	2.9238195419311523
0.041600000000000005	2.471407175064087
0.0424	1.905631184577942
0.0432	1.2765491008758545
0.044000000000000004	0.6406176686286926
0.0448	0.0554811954498291
0.0456	-0.4243658781051636
0.046400000000000004	-0.7557153701782227
0.0472	-0.908870279788971
0.048	-0.8690570592880249
0.0488	-0.6413499712944031
0.049600000000000005	-0.24490945041179657
0.0504	0.2854180335998535
0.0512	0.8988000154495239
0.052000000000000005	1.53926682472229
0.0528	2.149336576461792
0.0536	2.6731021404266357
0.054400000000000004	3.0643181800842285
0.055200000000000006	3.290663003921509
0.056	3.3314011096954346
0.0568	3.1823956966400146
0.057600000000000005	2.8576457500457764
0.0584	2.3843979835510254
0.0592	1.804073452949524
0.060000000000000005	1.1696044206619263
0.0608	0.5379225611686707
0.0616	-0.033115364611148834
0.062400000000000004	-0.4905521869659424
0.0632	-0.7938170433044434
0.064	-0.9153376221656799
0.0648	-0.8432150483131409
0.0656	-0.5860359072685242
0.0664	-0.16496030986309052
0.06720000000000001	0.38290297985076904
0.068	1.004634141921997
0.0688	1.6442385911941528
0.06960000000000001	2.2437844276428223
0.0704	2.7481517791748047
0.0712	3.1138203144073486
0.07200000000000001	3.310368061065674
0.0728	3.319121837615967
0.0736	3.1395070552825928
0.07440000000000001	2.7881345748901367
0.0752	2.293889045715332
0.076	1.7005033493041992
0.07680000000000001	1.0619847774505615
0.0776	0.43622729182243347
0.0784	-0.11904969811439514
0.0792	-0.5533388257026672
0.08	-0.8279315829277039
0.08080000000000001	-0.9174678325653076
0.0816	-0.8133485317230225
0.0824	-0.528609573841095
0.08320000000000001	-0.08517363667488098
0.084	0.47886309027671814
0.0848	1.107706069946289
0.08560000000000001	1.7445732355117798
0.0864	2.3316078186035156
0.0872	2.8156771659851074
0.08800000000000001	3.1552233695983887
0.0888	3.321523904800415
0.0896	3.298556089401245
0.09040000000000001	3.088906764984131
0.0912	2.711411952972412
0.092	2.197343349456787
0.09280000000000001	1.5925837755203247
0.0936	0.9522777795791626
0.0944	0.33443206548690796
0.0952	-0.20393413305282593
0.096	-0.6140257120132446
0.09680000000000001	-0.8592963814735413
0.0976	-0.9166483879089355
0.0984	-0.7806321978569031
0.09920000000000001	-0.46437138319015503
0.1	0.004812031053006649
0.1008	0.5838847756385803
0.10160000000000001	1.2181397676467896
0.1024	1.8502699136734009
0.1032	2.4233057498931885
0.10400000000000001	2.8858773708343506
0.1048	3.1984386444091797
0.1056	3.3338422775268555
0.10640000000000001	3.279015064239502
0.1072	3.0398688316345215
0.108	2.637213945388794
0.10880000000000001	2.1045095920562744
0.1096	1.4901885986328125
0.11040000000000001	0.8506075143814087
0.11120000000000001	0.24306078255176544
0.112	-0.2767447829246521
0.11280000000000001	-0.6615388989448547
0.1136	-0.8766626119613647
0.1144	-0.9015678763389587
0.11520000000000001	-0.7341797947883606
0.116	-0.3898591995239258
0.1168	0.10147204250097275
0.11760000000000001	0.6938560009002686
0.1184	1.3315606117248535
0.1192	1.9574788808822632
0.12000000000000001	2.515266180038452
0.1208	2.9551150798797607
0.1216	3.2396414279937744
0.12240000000000001	3.343623399734497
0.1232	3.2570366859436035
0.124	2.9879934787750244
0.12480000000000001	2.5598411560058594
0.12560000000000002	2.00968861579895
0.1264	1.3873684406280518
0.1272	0.7481123805046082
0.128	0.1501646488904953
0.1288	-0.35034283995628357
0.1296	-0.7088646292686462
0.13040000000000002	-0.8930414319038391
0.1312	-0.8853499293327332
0.132	-0.6870149374008179
0.1328	-0.3154595196247101
0.1336	0.19638223946094513
0.13440000000000002	0.8000651597976685
0.13520000000000001	1.439932107925415
0.136	2.0585885047912598
0.1368	2.6000523567199707
0.1376	3.01611590385437
0.1384	3.271657943725586
0.13920000000000002	3.3439552783966064
0.14	3.2258718013763428
0.1408	2.9288065433502197
0.1416	2.477768898010254
0.1424	1.9117680788040161
0.1432	1.2825984954833984
0.14400000000000002	0.6468296051025391
0.1448	0.06198055297136307
0.1456	-0.4176165461540222
0.1464	-0.7487160563468933
0.1472	-0.9015460014343262
0.14800000000000002	-0.8614327907562256
0.14880000000000002	-0.6352630257606506
0.1496	-0.24035990238189697
0.1504	0.29016754031181335
0.1512	0.903574526309967
0.152	1.5439789295196533
0.15280000000000002	2.153848648071289
0.15360000000000001	2.677426815032959
0.1544	3.06850528717041
0.1552	3.2945876121520996
0.156	3.3350508213043213
0.1568	3.1858205795288086
0.15760000000000002	2.8608078956604004
0.1584	2.3873226642608643
0.1592	1.8068732023239136
0.16	1.1724790334701538
0.1608	0.5403472781181335
0.16160000000000002	-0.031215552240610123
0.16240000000000002	-0.4884774088859558
0.1632	-0.7914047837257385
0.164	-0.9126003980636597
0.1648	-0.8402653932571411
0.1656	-0.586048424243927
0.16640000000000002	-0.16803500056266785
0.16720000000000002	0.3798532783985138
0.168	1.001609444618225
0.1688	1.641088843345642
0.1696	2.240459680557251
0.1704	2.7447147369384766
0.17120000000000002	3.1101956367492676
0.17200000000000001	3.306480884552002
0.1728	3.3149847984313965
0.1736	3.1351826190948486
0.1744	2.7836475372314453
0.1752	2.289264440536499
0.17600000000000002	1.6958413124084473
0.1768	1.0574476718902588
0.1776	0.43077781796455383
0.1784	-0.12537407875061035
0.1792	-0.5594382286071777
0.18000000000000002	-0.8337684869766235
0.18080000000000002	-0.922954797744751
0.1816	-0.8185104727745056
0.1824	-0.5340090394020081
0.1832	-0.09087307751178741
0.184	0.4733511209487915
0.18480000000000002	1.1022940874099731
0.18560000000000001	1.7391862869262695
0.1864	2.326145887374878
0.1872	2.810040235519409
0.188	3.1493489742279053
0.1888	3.315312147140503
0.18960000000000002	3.291956663131714
0.1904	3.0819075107574463
0.1912	2.7041125297546387
0.192	2.18985652923584
0.1928	1.5849969387054443
0.19360000000000002	0.9449659585952759
0.19440000000000002	0.32759523391723633
0.1952	-0.21050849556922913
0.196	-0.620387613773346
0.1968	-0.8653708100318909
0.1976	-0.9223228693008423
0.19840000000000002	-0.7858692407608032
0.19920000000000002	-0.46927088499069214
