0	-673.5765194518026
0.0008	514.0584471962065
0.0016	1889.2147145848721
0.0024000000000000002	3201.863869150984
0.0032	3701.920687437814
0.004	4139.470402309555
0.0048000000000000004	4452.005912287626
0.0056	4076.963300249423
0.0064	3701.920687437814
0.007200000000000001	2764.314152019273
0.008	1389.1578912922414
0.0088	139.01582699664868
0.009600000000000001	-1298.6475576837547
0.010400000000000001	-2486.282536333252
0.0112	-3423.8891040002345
0.012	-4111.467256756965
0.0128	-4611.524096794426
0.013600000000000001	-4486.509886653221
0.014400000000000001	-3986.4530469672754
0.0152	-3048.84647634218
0.016	-1798.7043898386764
0.016800000000000002	-548.5623120666714
0.0176	764.0868602285045
0.0184	2139.2431257123244
0.019200000000000002	3076.849664363952
0.02	3951.949096064898
0.020800000000000003	4389.498810334888
0.0216	4577.020116128551
0.0224	4076.963300249423
0.023200000000000002	3514.399380741699
0.024	2639.2999469305505
0.024800000000000003	1264.1436852528132
0.0256	-111.01258690387476
0.0264	-1486.1688695782213
0.027200000000000002	-2923.8322672981303
0.028	-3673.9175228773383
0.028800000000000003	-4236.48146663449
0.0296	-4611.524096794426
0.0304	-4424.002781615534
0.031200000000000002	-3923.945942105376
0.032	-2986.339371809212
0.0328	-1673.6901816690806
0.033600000000000005	-236.02679398463806
0.0344	1076.6223760312423
0.0352	2451.7786391356494
0.036000000000000004	3389.3851761700935
0.0368	4014.456198167987
0.0376	4452.005912287626
0.038400000000000004	4389.498810334888
0.0392	4076.963300249423
0.04	3389.3851761700935
0.0408	2326.7644338309765
0.041600000000000005	826.5939634323586
0.0424	-236.02679398463806
0.0432	-1423.6617655916489
0.044000000000000004	-2986.339371809212
0.0448	-3923.945942105376
0.0456	-4486.509886653221
0.046400000000000004	-4736.538307023642
0.0472	-4549.016991712793
0.048	-3611.4104181251023
0.0488	-2486.282536333252
0.049600000000000005	-1548.67597358668
0.0504	14.001620089868084
0.0512	1389.1578912922414
0.052000000000000005	2514.285741755506
0.0528	3326.878073851927
0.0536	4076.963300249423
0.054400000000000004	4389.498810334888
0.055200000000000006	4264.484606365149
0.056	3826.934891794459
0.0568	3076.849664363952
0.057600000000000005	2201.7502284402144
0.0584	889.1010666145012
0.0592	-673.5765194518026
0.060000000000000005	-1923.7185980957001
0.0608	-3236.3677900726325
0.0616	-3923.945942105376
0.062400000000000004	-4361.49567659985
0.0632	-4611.524096794426
0.064	-4361.49567659985
0.0648	-3486.3962086866377
0.0656	-2611.296745070955
0.0664	-1048.619142129668
0.06720000000000001	139.01582699664868
0.068	1576.6792001892463
0.0688	2764.314152019273
0.06960000000000001	3514.399380741699
0.0704	4139.470402309555
0.0712	4452.005912287626
0.07200000000000001	4139.470402309555
0.0728	3826.934891794459
0.0736	3076.849664363952
0.07440000000000001	1889.2147145848721
0.0752	576.56555048679
0.076	-673.5765194518026
0.07680000000000001	-2361.2683276830357
0.0776	-3298.874894693203
0.0784	-4111.467256756965
0.0792	-4674.031201898004
0.08	-4674.031201898004
0.08080000000000001	-4173.974361684755
0.0816	-3361.3819993357174
0.0824	-2611.296745070955
0.08320000000000001	-986.1120382954832
0.084	451.5513438837952
0.0848	1764.2005088914884
0.08560000000000001	2639.2999469305505
0.0864	3764.427789626934
0.0872	4264.484606365149
0.08800000000000001	4514.51301421877
0.0888	4264.484606365149
0.0896	3764.427789626934
0.09040000000000001	2701.8070494857384
0.0912	1764.2005088914884
0.092	264.03003381658345
0.09280000000000001	-986.1120382954832
0.0936	-2298.7612233906984
0.0944	-3298.874894693203
0.0952	-4173.974361684755
0.096	-4549.016991712793
0.09680000000000001	-4674.031201898004
0.0976	-4048.960151851119
0.0984	-3048.84647634218
0.09920000000000001	-2423.775431997259
0.1	-736.0836231769645
0.1008	639.0726537557202
0.10160000000000001	1951.7218173992005
0.1024	3201.863869150984
0.1032	3889.441993940389
0.10400000000000001	4326.991708360787
0.1048	4452.005912287626
0.1056	4326.991708360787
0.10640000000000001	3639.413585227274
0.1072	2701.8070494857384
0.108	1326.650788283383
0.10880000000000001	201.5229304175009
0.1096	-1361.154661626846
0.11040000000000001	-2486.282536333252
0.11120000000000001	-3611.4104181251023
0.112	-4361.49567659985
0.11280000000000001	-4674.031201898004
0.1136	-4486.509886653221
0.1144	-3923.945942105376
0.11520000000000001	-3173.8606854739483
0.116	-2111.2399106449448
0.1168	-548.5623120666714
0.11760000000000001	951.608169775107
0.1184	1951.7218173992005
0.1192	3139.3567667682655
0.12000000000000001	3764.427789626934
0.1208	4577.020116128551
0.1216	4452.005912287626
0.12240000000000001	4139.470402309555
0.1232	3451.8922784666065
0.124	2514.285741755506
0.12480000000000001	1264.1436852528132
0.12560000000000002	-173.51969043334248
0.1264	-1423.6617655916489
0.1272	-2673.8038494726643
0.128	-3798.931732447527
0.1288	-4424.002781615534
0.1296	-4674.031201898004
0.13040000000000002	-4486.509886653221
0.1312	-3736.424627651344
0.132	-2986.339371809212
0.1328	-1673.6901816690806
0.1336	-298.5338975574705
0.13440000000000002	1451.664994279563
0.13520000000000001	2264.257331146393
0.136	3451.8922784666065
0.1368	3951.949096064898
0.1376	4514.51301421877
0.1384	4514.51301421877
0.13920000000000002	4014.456198167987
0.14	3326.878073851927
0.1408	2139.2431257123244
0.1416	1201.63658220059
0.1424	-486.05520840676036
0.1432	-1611.1830776169663
0.14400000000000002	-2923.8322672981303
0.1448	-3861.438837265421
0.1456	-4361.49567659985
0.1464	-4799.045412171283
0.1472	-4236.48146663449
0.14800000000000002	-3736.424627651344
0.14880000000000002	-2861.3251628089347
0.1496	-1423.6617655916489
0.1504	-48.50548339611851
0.1512	1201.63658220059
0.152	2639.2999469305505
0.15280000000000002	3576.906482995255
0.15360000000000001	4139.470402309555
0.1544	4389.498810334888
0.1552	4264.484606365149
0.156	3951.949096064898
0.1568	3326.878073851927
0.15760000000000002	2139.2431257123244
0.1584	764.0868602285045
0.1592	-736.0836231769645
0.16	-1736.1972857430228
0.1608	-3236.3677900726325
0.16160000000000002	-3861.438837265421
0.16240000000000002	-4486.509886653221
0.1632	-4549.016991712793
0.164	-4298.988571606111
0.1648	-3798.931732447527
0.1656	-2548.7896406911896
0.16640000000000002	-1111.1262459853897
0.16720000000000002	139.01582699664868
0.168	1576.6792001892463
0.1688	2764.314152019273
0.1696	3639.413585227274
0.1704	4139.470402309555
0.17120000000000002	4452.005912287626
0.17200000000000001	4264.484606365149
0.1728	3764.427789626934
0.1736	2889.328357021848
0.1744	1889.2147145848721
0.1752	576.56555048679
0.17600000000000002	-798.5907269239542
0.1768	-2298.7612233906984
0.1776	-3298.874894693203
0.1784	-4048.960151851119
0.1792	-4236.48146663449
0.18000000000000002	-4611.524096794426
0.18080000000000002	-4236.48146663449
0.1816	-3611.4104181251023
0.1824	-2111.2399106449448
0.1832	-923.6049344832427
0.184	389.0442405497888
0.18480000000000002	1764.2005088914884
0.18560000000000001	2826.8212545313872
0.1864	3951.949096064898
0.1872	4264.484606365149
0.188	4514.51301421877
0.1888	4139.470402309555
0.18960000000000002	3639.413585227274
0.1904	2889.328357021848
0.1912	1576.6792001892463
0.192	389.0442405497888
0.1928	-986.1120382954832
0.19360000000000002	-2486.282536333252
0.19440000000000002	-3298.874894693203
0.1952	-4111.467256756965
0.196	-4361.49567659985
0.1968	-4736.538307023642
0.1976	-3923.945942105376
0.19840000000000002	-3236.3677900726325
0.19920000000000002	-2236.254119120189
