0	0
0.0008	0.5022211074829102
0.0016	1.1044950485229492
0.0024000000000000002	1.7508397102355957
0.0032	2.3835108280181885
0.004	2.944951057434082
0.0048000000000000004	3.3844406604766846
0.0056	3.665233612060547
0.0064	3.762706995010376
0.007200000000000001	3.666999578475952
0.008	3.3879482746124268
0.0088	2.9491004943847656
0.009600000000000001	2.3878400325775146
0.010400000000000001	1.7557615041732788
0.0112	1.1094220876693726
0.012	0.5073156356811523
0.0128	0.00564916618168354
0.013600000000000001	-0.35061943531036377
0.014400000000000001	-0.529668390750885
0.0152	-0.5140743255615234
0.016	-0.30558690428733826
0.016800000000000002	0.07688333839178085
0.0176	0.5995899438858032
0.0184	1.2134627103805542
0.019200000000000002	1.861857295036316
0.02	2.4864165782928467
0.020800000000000003	3.0302209854125977
0.0216	3.4452507495880127
0.0224	3.6967713832855225
0.023200000000000002	3.7620229721069336
0.024	3.6344313621520996
0.024800000000000003	3.326695442199707
0.0256	2.864299774169922
0.0264	2.2869160175323486
0.027200000000000002	1.6478757858276367
0.028	1.0049735307693481
0.028800000000000003	0.41627824306488037
0.0296	-0.06379041820764542
0.0304	-0.39214932918548584
0.031200000000000002	-0.5393139719963074
0.032	-0.4907981753349304
0.0328	-0.25151383876800537
0.033600000000000005	0.15716634690761566
0.0344	0.6986836194992065
0.0352	1.320518136024475
0.036000000000000004	1.9671378135681152
0.0368	2.5815980434417725
0.0376	3.1065170764923096
0.038400000000000004	3.496161460876465
0.0392	3.717785120010376
0.04	3.75077748298645
0.0408	3.591801404953003
0.041600000000000005	3.2557809352874756
0.0424	2.7707502841949463
0.0432	2.1789052486419678
0.044000000000000004	1.534765601158142
0.0448	0.8968627452850342
0.0456	0.3228410482406616
0.046400000000000004	-0.13450489938259125
0.0472	-0.43441668152809143
0.048	-0.5494970083236694
0.0488	-0.46829700469970703
0.049600000000000005	-0.19894061982631683
0.0504	0.23487460613250732
0.0512	0.7941651940345764
0.052000000000000005	1.4258862733840942
0.0528	2.0726559162139893
0.0536	2.6765296459198
0.054400000000000004	3.1819005012512207
0.055200000000000006	3.54541015625
0.056	3.736661672592163
0.0568	3.73730731010437
0.057600000000000005	3.5475594997406006
0.0584	3.184903860092163
0.0592	2.679137945175171
0.060000000000000005	2.074906587600708
0.0608	1.4278672933578491
0.0616	0.7964888215065002
0.062400000000000004	0.23859044909477234
0.0632	-0.1950203776359558
0.064	-0.4657101035118103
0.0648	-0.5482187271118164
0.0656	-0.43463441729545593
0.0664	-0.13595592975616455
0.06720000000000001	0.32214444875717163
0.068	0.8976834416389465
0.0688	1.5359039306640625
0.06960000000000001	2.1774489879608154
0.0704	2.7663867473602295
0.0712	3.250809669494629
0.07200000000000001	3.58752179145813
0.0728	3.7478389739990234
0.0736	3.7161128520965576
0.07440000000000001	3.495918035507202
0.0752	3.1067276000976562
0.076	2.581076145172119
0.07680000000000001	1.9663084745407104
0.0776	1.3179067373275757
0.0784	0.6946274638175964
0.0792	0.1540023684501648
0.08	-0.25502341985702515
0.08080000000000001	-0.49579116702079773
0.0816	-0.5456780195236206
0.0824	-0.40002191066741943
0.08320000000000001	-0.07245878130197525
0.084	0.4087018370628357
0.0848	0.9985894560813904
0.08560000000000001	1.6416594982147217
0.0864	2.2790050506591797
0.0872	2.8543691635131836
0.08800000000000001	3.3168563842773438
0.0888	3.625908851623535
0.0896	3.754829168319702
0.09040000000000001	3.6908936500549316
0.0912	3.440826892852783
0.092	3.02610182762146
0.09280000000000001	2.482002019882202
0.0936	1.857947826385498
0.0944	1.209846019744873
0.0952	0.5963032245635986
0.096	0.07436379790306091
0.09680000000000001	-0.3087521195411682
0.0976	-0.5189104080200195
0.0984	-0.5361380577087402
0.09920000000000001	-0.35884758830070496
0.1	-0.0032746915239840746
0.1008	0.49937134981155396
0.10160000000000001	1.1018702983856201
0.1024	1.7481650114059448
0.1032	2.380635976791382
0.10400000000000001	2.941826343536377
0.1048	3.381140947341919
0.1056	3.661696434020996
0.10640000000000001	3.7588822841644287
0.1072	3.6628875732421875
0.108	3.3835361003875732
0.10880000000000001	2.9444384574890137
0.1096	2.383002996444702
0.11040000000000001	1.750836968421936
0.11120000000000001	1.104597568511963
0.112	0.502578616142273
0.11280000000000001	0.0009996118023991585
0.1136	-0.3550940155982971
0.1144	-0.533955454826355
0.11520000000000001	-0.5180864334106445
0.116	-0.30928656458854675
0.1168	0.0734211653470993
0.11760000000000001	0.5962652564048767
0.1184	1.209850549697876
0.1192	1.8578451871871948
0.12000000000000001	2.482154369354248
0.1208	3.0257089138031006
0.1216	3.440526008605957
0.12240000000000001	3.6917343139648438
0.1232	3.7567358016967773
0.124	3.628894329071045
0.12480000000000001	3.320883274078369
0.12560000000000002	2.858337879180908
0.1264	2.280879020690918
0.1272	1.6418514251708984
0.128	0.998224139213562
0.1288	0.40884146094322205
0.1296	-0.07107721269130707
0.13040000000000002	-0.3992111384868622
0.1312	-0.5460883378982544
0.132	-0.4972475469112396
0.1328	-0.25763824582099915
0.1336	0.15130440890789032
0.13440000000000002	0.6930091977119446
0.13520000000000001	1.3164435625076294
0.136	1.964638113975525
0.1368	2.5790483951568604
0.1376	3.1037797927856445
0.1384	3.4931867122650146
0.13920000000000002	3.7145605087280273
0.14	3.747265338897705
0.1408	3.5880894660949707
0.1416	3.2523562908172607
0.1424	2.767550468444824
0.1432	2.175605535507202
0.14400000000000002	1.5314034223556519
0.1448	0.8931506276130676
0.1456	0.3188789486885071
0.1464	-0.1382545381784439
0.1472	-0.4378163516521454
0.14800000000000002	-0.5525217056274414
0.14880000000000002	-0.471009224653244
0.1496	-0.2013653963804245
0.1504	0.23271231353282928
0.1512	0.7921153903007507
0.152	1.4239989519119263
0.15280000000000002	2.070756196975708
0.15360000000000001	2.6740548610687256
0.1544	3.178938150405884
0.1552	3.5422353744506836
0.156	3.733186960220337
0.1568	3.7334325313568115
0.15760000000000002	3.5432722568511963
0.1584	3.1803293228149414
0.1592	2.6744258403778076
0.16	2.070007085800171
0.1608	1.4228802919387817
0.16160000000000002	0.7913017868995667
0.16240000000000002	0.23321597278118134
0.1632	-0.20015737414360046
0.164	-0.47055962681770325
0.1648	-0.5528057813644409
0.1656	-0.43890899419784546
0.16640000000000002	-0.1398555487394333
0.16720000000000002	0.3184947967529297
0.168	0.894221305847168
0.1688	1.5326417684555054
0.1696	2.1762616634368896
0.1704	2.7670366764068604
0.17120000000000002	3.2511844635009766
0.17200000000000001	3.5876593589782715
0.1728	3.7476139068603516
0.1736	3.71547532081604
0.1744	3.494943141937256
0.1752	3.1054654121398926
0.17600000000000002	2.579601287841797
0.1768	1.9646836519241333
0.1776	1.3162568807601929
0.1784	0.6931400895118713
0.1792	0.1528024971485138
0.18000000000000002	-0.2559608221054077
0.18080000000000002	-0.49651607871055603
0.1816	-0.5461404919624329
0.1824	-0.4001469016075134
0.1832	-0.07227129489183426
0.184	0.4091767966747284
0.18480000000000002	0.9993268847465515
0.18560000000000001	1.6424719095230103
0.1864	2.281142234802246
0.1872	2.8577687740325928
0.188	3.320068597793579
0.1888	3.6288461685180664
0.18960000000000002	3.757441520690918
0.1904	3.6931686401367188
0.1912	3.442814350128174
0.192	3.0278265476226807
0.1928	2.48350191116333
0.19360000000000002	1.8593602180480957
0.19440000000000002	1.2112709283828735
0.1952	0.5979406237602234
0.196	0.07623863220214844
0.1968	-0.3066647946834564
0.1976	-0.5164106488227844
0.19840000000000002	-0.5331383347511292
0.19920000000000002	-0.3555103838443756
