0	0
0.0008	0.5815090537071228
0.0016	1.2103509902954102
0.0024000000000000002	1.8301938772201538
0.0032	2.384993076324463
0.004	2.8247783184051514
0.0048000000000000004	3.112678289413452
0.0056	3.2232460975646973
0.0064	3.1449201107025146
0.007200000000000001	2.8856375217437744
0.008	2.467583179473877
0.0088	1.9259912967681885
0.009600000000000001	1.310106873512268
0.010400000000000001	0.6759493350982666
0.0112	0.08097533881664276
0.012	-0.42014560103416443
0.0128	-0.7821680307388306
0.013600000000000001	-0.9726451635360718
0.014400000000000001	-0.9733288288116455
0.0152	-0.7844564318656921
0.016	-0.4231009781360626
0.016800000000000002	0.07889074832201004
0.0176	0.6748234033584595
0.0184	1.3092273473739624
0.019200000000000002	1.924845576286316
0.02	2.466083526611328
0.020800000000000003	2.8845458030700684
0.0216	3.1451737880706787
0.0224	3.224731922149658
0.023200000000000002	3.115321636199951
0.024	2.827829360961914
0.024800000000000003	2.386427402496338
0.0256	1.8285621404647827
0.0264	1.20551598072052
0.027200000000000002	0.5740331411361694
0.028	-0.0087296012789011
0.028800000000000003	-0.4892650842666626
0.0296	-0.8245401978492737
0.0304	-0.9841204881668091
0.031200000000000002	-0.9525323510169983
0.032	-0.7332879304885864
0.0328	-0.3458600640296936
0.033600000000000005	0.17569226026535034
0.0344	0.7819614410400391
0.0352	1.4170153141021729
0.036000000000000004	2.0240094661712646
0.0368	2.5475990772247314
0.0376	2.9417636394500732
0.038400000000000004	3.1734068393707275
0.0392	3.221318483352661
0.04	3.081036329269409
0.0408	2.765796661376953
0.041600000000000005	2.3017220497131348
0.0424	1.7294456958770752
0.0432	1.1015124320983887
0.044000000000000004	0.47437918186187744
0.0448	-0.09472241252660751
0.0456	-0.5535975694656372
0.046400000000000004	-0.8612380027770996
0.0472	-0.9894089102745056
0.048	-0.92569899559021
0.0488	-0.6765450239181519
0.049600000000000005	-0.26380711793899536
0.0504	0.2755184769630432
0.0512	0.8902618288993835
0.052000000000000005	1.5244033336639404
0.0528	2.120948314666748
0.0536	2.6254899501800537
0.054400000000000004	2.994232177734375
0.055200000000000006	3.1962032318115234
0.056	3.2124552726745605
0.0568	3.0415761470794678
0.057600000000000005	2.6990768909454346
0.0584	2.2136542797088623
0.0592	1.6284793615341187
0.060000000000000005	0.9968715310096741
0.0608	0.37548765540122986
0.0616	-0.17890292406082153
0.062400000000000004	-0.615105390548706
0.0632	-0.8943235874176025
0.064	-0.9908602237701416
0.0648	-0.8952159881591797
0.0656	-0.6167148947715759
0.0664	-0.17984186112880707
0.06720000000000001	0.3757071793079376
0.068	0.9974498152732849
0.0688	1.629166603088379
0.06960000000000001	2.2141127586364746
0.0704	2.6991186141967773
0.0712	3.0421383380889893
0.07200000000000001	3.213937520980835
0.0728	3.1984426975250244
0.0736	2.997316598892212
0.07440000000000001	2.62849497795105
0.0752	2.123086929321289
0.076	1.5263506174087524
0.07680000000000001	0.8924680352210999
0.0776	0.278083473443985
0.0784	-0.2601962089538574
0.0792	-0.672601044178009
0.08	-0.9227972030639648
0.08080000000000001	-0.9874870181083679
0.0816	-0.8602334260940552
0.0824	-0.5532726645469666
0.08320000000000001	-0.0936393216252327
0.084	0.4766083061695099
0.0848	1.1037755012512207
0.08560000000000001	1.73174250125885
0.0864	2.303527593612671
0.0872	2.767085552215576
0.08800000000000001	3.083245277404785
0.0888	3.2245349884033203
0.0896	3.1773433685302734
0.09040000000000001	2.946732759475708
0.0912	2.5528135299682617
0.092	2.028632402420044
0.09280000000000001	1.4215972423553467
0.0936	0.7866021990776062
0.0944	0.18100428581237793
0.0952	-0.33912724256515503
0.096	-0.7265720963478088
0.09680000000000001	-0.9470712542533875
0.0976	-0.9796642661094666
0.0984	-0.821176290512085
0.09920000000000001	-0.4864557385444641
0.1	-0.004999516997486353
0.1008	0.578721821308136
0.10160000000000001	1.2102885246276855
0.1024	1.8329311609268188
0.1032	2.3899924755096436
0.10400000000000001	2.8303651809692383
0.1048	3.117952823638916
0.1056	3.2282705307006836
0.10640000000000001	3.149594783782959
0.1072	2.890049457550049
0.108	2.4717578887939453
0.10880000000000001	1.9300284385681152
0.1096	1.3140190839767456
0.11040000000000001	0.6797614693641663
0.11120000000000001	0.08491247147321701
0.112	-0.41594597697257996
0.11280000000000001	-0.7776309251785278
0.1136	-0.9677706360816956
0.1144	-0.9681418538093567
0.11520000000000001	-0.778956949710846
0.116	-0.4173765182495117
0.1168	0.08464019745588303
0.11760000000000001	0.6804853677749634
0.1184	1.3148393630981445
0.1192	1.930357575416565
0.12000000000000001	2.471245527267456
0.1208	2.8892455101013184
0.1216	3.149498224258423
0.12240000000000001	3.228731632232666
0.1232	3.119046449661255
0.124	2.8313164710998535
0.12480000000000001	2.3897645473480225
0.12560000000000002	1.8319368362426758
0.1264	1.2088781595230103
0.1272	0.5774328112602234
0.128	-0.005079944152384996
0.1288	-0.4853154718875885
0.1296	-0.8202781081199646
0.13040000000000002	-0.9795958995819092
0.1312	-0.9477578401565552
0.132	-0.7282634377479553
0.1328	-0.34072306752204895
0.1336	0.18077927827835083
0.13440000000000002	0.7870609164237976
0.13520000000000001	1.4221023321151733
0.136	2.0289463996887207
0.1368	2.5523736476898193
0.1376	2.9463257789611816
0.1384	3.1777565479278564
0.13920000000000002	3.225430488586426
0.14	3.0848233699798584
0.1408	2.769371271133423
0.1416	2.305271625518799
0.1424	1.7328953742980957
0.1432	1.1048871278762817
0.14400000000000002	0.4778788685798645
0.1448	-0.09103526175022125
0.1456	-0.5496604442596436
0.1464	-0.8570758700370789
0.1472	-0.9849967956542969
0.14800000000000002	-0.9209994673728943
0.14880000000000002	-0.671608030796051
0.1496	-0.2586576044559479
0.1504	0.2808929681777954
0.1512	0.895723819732666
0.152	1.5297902822494507
0.15280000000000002	2.1261727809906006
0.15360000000000001	2.6308019161224365
0.1544	2.999669075012207
0.1552	3.2014153003692627
0.156	3.21736741065979
0.1568	3.046175718307495
0.15760000000000002	2.7034263610839844
0.1584	2.2177913188934326
0.1592	1.6325289011001587
0.16	1.0009835958480835
0.1608	0.37972477078437805
0.16160000000000002	-0.17447833716869354
0.16240000000000002	-0.6105433106422424
0.1632	-0.8895865678787231
0.164	-0.9858607053756714
0.1648	-0.8899664878845215
0.1656	-0.6112779378890991
0.16640000000000002	-0.174192413687706
0.16720000000000002	0.38153162598609924
0.168	1.0033117532730103
0.1688	1.6349785327911377
0.1696	2.219712257385254
0.1704	2.7044930458068848
0.17120000000000002	3.047300338745117
0.17200000000000001	3.218824625015259
0.1728	3.203092336654663
0.1736	3.0017411708831787
0.1744	2.6326820850372314
0.1752	2.12709903717041
0.17600000000000002	1.530287742614746
0.1768	0.8964551687240601
0.1776	0.28228309750556946
0.1784	-0.2557216286659241
0.1792	-0.6678764820098877
0.18000000000000002	-0.9177601933479309
0.18080000000000002	-0.9821500182151794
0.1816	-0.8546964526176453
0.1824	-0.5474731922149658
0.1832	-0.08758990466594696
0.184	0.48273271322250366
0.18480000000000002	1.1098873615264893
0.18560000000000001	1.7376794815063477
0.1864	2.3092520236968994
0.1872	2.7726223468780518
0.188	3.08848237991333
0.1888	3.2294845581054688
0.18960000000000002	3.182030439376831
0.1904	2.951132297515869
0.1912	2.557025671005249
0.192	2.0327820777893066
0.1928	1.4257217645645142
0.19360000000000002	0.7908518314361572
0.19440000000000002	0.1853538602590561
0.1952	-0.3346901535987854
0.196	-0.7218850255012512
0.1968	-0.9420717358589172
0.1976	-0.9743397235870361
0.19840000000000002	-0.8155643343925476
0.19920000000000002	-0.48064377903938293
