0	0
0.0008	0.5768056511878967
0.0016	1.2118682861328125
0.0024000000000000002	1.8480682373046875
0.0032	2.42802357673645
0.004	2.8992021083831787
0.0048000000000000004	3.221169948577881
0.0056	3.3662805557250977
0.0064	3.3205225467681885
0.007200000000000001	3.088745594024658
0.008	2.690998077392578
0.0088	2.160726308822632
0.009600000000000001	1.546387791633606
0.010400000000000001	0.9023524522781372
0.0112	0.28638923168182373
0.012	-0.24372009932994843
0.0128	-0.639617919921875
0.013600000000000001	-0.8656578063964844
0.014400000000000001	-0.9007418751716614
0.0152	-0.7416703104972839
0.016	-0.4028414487838745
0.016800000000000002	0.0859227329492569
0.0176	0.6787518858909607
0.0184	1.3203513622283936
0.019200000000000002	1.9535640478134155
0.02	2.521008253097534
0.020800000000000003	2.9712886810302734
0.0216	3.2664716243743896
0.0224	3.380735158920288
0.023200000000000002	3.302793025970459
0.024	3.0405068397521973
0.024800000000000003	2.616274356842041
0.0256	2.066041946411133
0.0264	1.440142273902893
0.027200000000000002	0.795431911945343
0.028	0.18990515172481537
0.028800000000000003	-0.32069364190101624
0.0296	-0.6901566386222839
0.0304	-0.8852371573448181
0.031200000000000002	-0.887611985206604
0.032	-0.6971684694290161
0.0328	-0.33092984557151794
0.033600000000000005	0.17844486236572266
0.0344	0.7833478450775146
0.0352	1.4277095794677734
0.036000000000000004	2.054447889328003
0.0368	2.60615611076355
0.0376	3.0328011512756348
0.038400000000000004	3.299224615097046
0.0392	3.381666421890259
0.04	3.2718398571014404
0.0408	2.9807190895080566
0.041600000000000005	2.5328638553619385
0.0424	1.9664206504821777
0.0432	1.3335967063903809
0.044000000000000004	0.6911861300468445
0.0448	0.09742068499326706
0.0456	-0.39245519042015076
0.046400000000000004	-0.7348083853721619
0.0472	-0.8985670804977417
0.048	-0.8681326508522034
0.0488	-0.6467422246932983
0.049600000000000005	-0.25391870737075806
0.0504	0.27515408396720886
0.0512	0.8908810019493103
0.052000000000000005	1.5366300344467163
0.0528	2.1547067165374756
0.0536	2.6886415481567383
0.054400000000000004	3.0907516479492188
0.055200000000000006	3.3277781009674072
0.056	3.3781731128692627
0.0568	3.236924648284912
0.057600000000000005	2.917768955230713
0.0584	2.4472663402557373
0.0592	1.8658995628356934
0.060000000000000005	1.2273635864257812
0.0608	0.5890276432037354
0.0616	0.008948316797614098
0.062400000000000004	-0.45902976393699646
0.0632	-0.7734982967376709
0.064	-0.9056475758552551
0.0648	-0.8426414728164673
0.0656	-0.5909415483474731
0.0664	-0.1725829839706421
0.06720000000000001	0.3746880292892456
0.068	0.999639093875885
0.0688	1.6448382139205933
0.06960000000000001	2.2521660327911377
0.0704	2.766777515411377
0.0712	3.1434402465820312
0.07200000000000001	3.3505945205688477
0.0728	3.3688676357269287
0.0736	3.1966724395751953
0.07440000000000001	2.850182056427002
0.0752	2.358081340789795
0.076	1.7631161212921143
0.07680000000000001	1.120468020439148
0.0776	0.4880940020084381
0.0784	-0.0766618400812149
0.0792	-0.5215297341346741
0.08	-0.8072386384010315
0.08080000000000001	-0.9073286652565002
0.0816	-0.811900794506073
0.0824	-0.5303413271903992
0.08320000000000001	-0.08737265318632126
0.084	0.47684672474861145
0.0848	1.1090846061706543
0.08560000000000001	1.7516214847564697
0.0864	2.3468754291534424
0.0872	2.8410139083862305
0.08800000000000001	3.191279172897339
0.0888	3.367849111557007
0.0896	3.3538379669189453
0.09040000000000001	3.151045799255371
0.0912	2.7776455879211426
0.092	2.2644095420837402
0.09280000000000001	1.6571705341339111
0.0936	1.012097716331482
0.0944	0.38716039061546326
0.0952	-0.16078464686870575
0.096	-0.5816174745559692
0.09680000000000001	-0.8378043174743652
0.0976	-0.9053476452827454
0.0984	-0.7777729034423828
0.09920000000000001	-0.46712881326675415
0.1	-0.0004624828288797289
0.1008	0.5791804194450378
0.10160000000000001	1.2169677019119263
0.1024	1.8556674718856812
0.1032	2.437685251235962
0.10400000000000001	2.9103384017944336
0.1048	3.2333812713623047
0.1056	3.3788416385650635
0.10640000000000001	3.3325963020324707
0.1072	3.0996570587158203
0.108	2.7001595497131348
0.10880000000000001	2.167325496673584
0.1096	1.549737572669983
0.11040000000000001	0.9039273262023926
0.11120000000000001	0.288051575422287
0.112	-0.24185776710510254
0.11280000000000001	-0.6376556158065796
0.1136	-0.8635954856872559
0.1144	-0.898529589176178
0.11520000000000001	-0.7391705513000488
0.116	-0.400016725063324
0.1168	0.08899744600057602
0.11760000000000001	0.6820890307426453
0.1184	1.3238509893417358
0.1192	1.957238793373108
0.12000000000000001	2.524732828140259
0.1208	2.974788188934326
0.1216	3.2696340084075928
0.12240000000000001	3.38354754447937
0.1232	3.305305242538452
0.124	3.0427064895629883
0.12480000000000001	2.618161678314209
0.12560000000000002	2.0675668716430664
0.1264	1.4413421154022217
0.1272	0.7964693307876587
0.128	0.1909300833940506
0.1288	-0.31968119740486145
0.1296	-0.6890692114830017
0.13040000000000002	-0.883912205696106
0.1312	-0.8859996199607849
0.132	-0.6952186226844788
0.1328	-0.3285800516605377
0.1336	0.1811446100473404
0.13440000000000002	0.7862600684165955
0.13520000000000001	1.430659294128418
0.136	2.057260036468506
0.1368	2.608830690383911
0.1376	3.03523850440979
0.1384	3.301299571990967
0.13920000000000002	3.3833413124084473
0.14	3.2731146812438965
0.1408	2.9816064834594727
0.1416	2.5334012508392334
0.1424	1.9666831493377686
0.1432	1.3336342573165894
0.14400000000000002	0.6912236213684082
0.1448	0.09754569828510284
0.1456	-0.3922176957130432
0.1464	-0.7343084216117859
0.1472	-0.8977795839309692
0.14800000000000002	-0.8669952154159546
0.14880000000000002	-0.6452173590660095
0.1496	-0.2520938515663147
0.1504	0.2772164046764374
0.1512	0.8931308388710022
0.152	1.53892982006073
0.15280000000000002	2.157031536102295
0.15360000000000001	2.6908915042877197
0.1544	3.0927891731262207
0.1552	3.3296403884887695
0.156	3.37979793548584
0.1568	3.2381744384765625
0.15760000000000002	2.9186315536499023
0.1584	2.4477663040161133
0.1592	1.8661994934082031
0.16	1.227638602256775
0.1608	0.5892151594161987
0.16160000000000002	0.009123330004513264
0.16240000000000002	-0.45874226093292236
0.1632	-0.7729732990264893
0.164	-0.9047976732254028
0.1648	-0.8414415717124939
0.1656	-0.5893541574478149
0.16640000000000002	-0.1706831455230713
0.16720000000000002	0.3767753541469574
0.168	1.0017764568328857
0.1688	1.6470130681991577
0.1696	2.2543656826019287
0.1704	2.7688775062561035
0.17120000000000002	3.1452651023864746
0.17200000000000001	3.352031946182251
0.1728	3.369955062866211
0.1736	3.1974222660064697
0.1744	2.850569486618042
0.1752	2.3581314086914062
0.17600000000000002	1.7630161046981812
0.1768	1.120293140411377
0.1776	0.4878815710544586
0.1784	-0.0767493024468422
0.1792	-0.521429717540741
0.18000000000000002	-0.8068511486053467
0.18080000000000002	-0.9065287113189697
0.1816	-0.8106883764266968
0.1824	-0.5288289189338684
0.1832	-0.08559779822826385
0.184	0.4788340628147125
0.18480000000000002	1.1111843585968018
0.18560000000000001	1.7537962198257446
0.1864	2.348950147628784
0.1872	2.8427889347076416
0.188	3.192704200744629
0.1888	3.36889910697937
0.18960000000000002	3.354550361633301
0.1904	3.1514830589294434
0.1912	2.777858018875122
0.192	2.264522075653076
0.1928	1.6571580171585083
0.19360000000000002	1.0119727849960327
0.19440000000000002	0.3871229290962219
0.1952	-0.160609632730484
0.196	-0.581155002117157
0.1968	-0.8370543718338013
0.1976	-0.9043227434158325
0.19840000000000002	-0.7764355540275574
0.19920000000000002	-0.46547895669937134
