0	0
0.0008	0.5522580742835999
0.0016	1.1748968362808228
0.0024000000000000002	1.8104718923568726
0.0032	2.4017512798309326
0.004	2.895364999771118
0.0048000000000000004	3.2486298084259033
0.0056	3.4315240383148193
0.0064	3.426849365234375
0.007200000000000001	3.235318660736084
0.008	2.8740923404693604
0.0088	2.3731801509857178
0.009600000000000001	1.7772523164749146
0.010400000000000001	1.140878677368164
0.0112	0.5212408304214478
0.012	-0.02484186179935932
0.0128	-0.4475119709968567
0.013600000000000001	-0.7091233134269714
0.014400000000000001	-0.7850532531738281
0.0152	-0.6683149337768555
0.016	-0.36975714564323425
0.016800000000000002	0.08437291532754898
0.0176	0.6525294184684753
0.0184	1.2812426090240479
0.019200000000000002	1.9134055376052856
0.02	2.4919486045837402
0.020800000000000003	2.9649016857147217
0.0216	3.2917442321777344
0.0224	3.444016456604004
0.023200000000000002	3.407395124435425
0.024	3.185892343521118
0.024800000000000003	2.798743724822998
0.0256	2.278308391571045
0.0264	1.6719316244125366
0.027200000000000002	1.0347081422805786
0.028	0.42354440689086914
0.028800000000000003	-0.10529004037380219
0.0296	-0.5034501552581787
0.0304	-0.7352769374847412
0.031200000000000002	-0.7789726257324219
0.032	-0.6307124495506287
0.0328	-0.30386993288993835
0.033600000000000005	0.17275793850421906
0.0344	0.7547256350517273
0.0352	1.3877009153366089
0.036000000000000004	2.0149266719818115
0.0368	2.579458713531494
0.0376	3.030613899230957
0.038400000000000004	3.3300342559814453
0.0392	3.451322078704834
0.04	3.3830413818359375
0.0408	3.13210391998291
0.041600000000000005	2.7199952602386475
0.0424	2.1816742420196533
0.0432	1.5662859678268433
0.044000000000000004	0.9295123815536499
0.0448	0.3283351957798004
0.0456	-0.1818511188030243
0.046400000000000004	-0.5544637441635132
0.0472	-0.7559686303138733
0.048	-0.7673550248146057
0.0488	-0.5878979563713074
0.049600000000000005	-0.23358315229415894
0.0504	0.2640177011489868
0.0512	0.8581092357635498
0.052000000000000005	1.4938342571258545
0.0528	2.114560604095459
0.0536	2.6636691093444824
0.054400000000000004	3.091764211654663
0.055200000000000006	3.362962245941162
0.056	3.4531404972076416
0.0568	3.35351300239563
0.057600000000000005	3.0738534927368164
0.0584	2.638009786605835
0.0592	2.0832154750823975
0.060000000000000005	1.4602779150009155
0.0608	0.8254165649414062
0.0616	0.23563826084136963
0.062400000000000004	-0.25435009598731995
0.0632	-0.600227952003479
0.064	-0.7708483934402466
0.0648	-0.750000536441803
0.0656	-0.5398715138435364
0.0664	-0.1591842621564865
0.06720000000000001	0.3580271899700165
0.068	0.9630301594734192
0.0688	1.6003174781799316
0.06960000000000001	2.213057279586792
0.0704	2.744917392730713
0.0712	3.1487021446228027
0.07200000000000001	3.3908655643463135
0.0728	3.4493846893310547
0.0736	3.3185477256774902
0.07440000000000001	3.010791063308716
0.0752	2.5520997047424316
0.076	1.9821943044662476
0.07680000000000001	1.3530573844909668
0.0776	0.721383273601532
0.0784	0.1448536068201065
0.0792	-0.3234744071960449
0.08	-0.6418925523757935
0.08080000000000001	-0.7811786532402039
0.0816	-0.7280089855194092
0.0824	-0.4876704514026642
0.08320000000000001	-0.08138570934534073
0.084	0.454386442899704
0.0848	1.0690385103225708
0.08560000000000001	1.7064133882522583
0.0864	2.309128999710083
0.0872	2.82222843170166
0.08800000000000001	3.200928211212158
0.0888	3.4134695529937744
0.0896	3.4401919841766357
0.09040000000000001	3.27858304977417
0.0912	2.943516492843628
0.092	2.4630022048950195
0.09280000000000001	1.8792858123779297
0.0936	1.2454744577407837
0.0944	0.6189497709274292
0.0952	0.05719365179538727
0.096	-0.38857415318489075
0.09680000000000001	-0.6787075996398926
0.0976	-0.7861968874931335
0.0984	-0.7008179426193237
0.09920000000000001	-0.4307573437690735
0.1	0.00014997756807133555
0.1008	0.5529829859733582
0.10160000000000001	1.175771713256836
0.1024	1.811434268951416
0.1032	2.4026386737823486
0.10400000000000001	2.8960647583007812
0.1048	3.249042272567749
0.1056	3.431549072265625
0.10640000000000001	3.426461935043335
0.1072	3.234593629837036
0.108	2.873080015182495
0.10880000000000001	2.371955156326294
0.1096	1.7758649587631226
0.11040000000000001	1.1393413543701172
0.11120000000000001	0.5197035074234009
0.112	-0.02622922882437706
0.11280000000000001	-0.4486243724822998
0.1136	-0.7098982334136963
0.1144	-0.7854782342910767
0.11520000000000001	-0.6683274507522583
0.116	-0.3693571984767914
0.1168	0.0850728452205658
0.11760000000000001	0.6535418033599854
0.1184	1.2825050354003906
0.1192	1.9147553443908691
0.12000000000000001	2.4932608604431152
0.1208	2.9660141468048096
0.1216	3.2926316261291504
0.12240000000000001	3.444641590118408
0.1232	3.4076452255249023
0.124	3.1857922077178955
0.12480000000000001	2.7983810901641846
0.12560000000000002	2.2776083946228027
0.1264	1.670881748199463
0.1272	1.0334956645965576
0.128	0.42236950993537903
0.1288	-0.10626494884490967
0.1296	-0.5042375326156616
0.13040000000000002	-0.7358143925666809
0.1312	-0.7790976166725159
0.132	-0.630424976348877
0.1328	-0.3032824993133545
0.1336	0.17364534735679626
0.13440000000000002	0.7559130191802979
0.13520000000000001	1.3890258073806763
0.136	2.016251564025879
0.1368	2.5806710720062256
0.1376	3.0315887928009033
0.1384	3.330684185028076
0.13920000000000002	3.4516096115112305
0.14	3.3829662799835205
0.1408	3.1316914558410645
0.1416	2.719207763671875
0.1424	2.180574417114258
0.1432	1.5650861263275146
0.14400000000000002	0.9283624887466431
0.1448	0.32729780673980713
0.1456	-0.18276351690292358
0.1464	-0.5551137328147888
0.1472	-0.756256103515625
0.14800000000000002	-0.7673675417900085
0.14880000000000002	-0.5876355171203613
0.1496	-0.2329707145690918
0.1504	0.26500508189201355
0.1512	0.8593841195106506
0.152	1.4952090978622437
0.15280000000000002	2.1158480644226074
0.15360000000000001	2.6647815704345703
0.1544	3.0927016735076904
0.1552	3.363612174987793
0.156	3.453378200531006
0.1568	3.353325605392456
0.15760000000000002	3.07317852973938
0.1584	2.6369099617004395
0.1592	2.081765651702881
0.16	1.4585280418395996
0.1608	0.8235917687416077
0.16160000000000002	0.2338259369134903
0.16240000000000002	-0.25606241822242737
0.1632	-0.6016402840614319
0.164	-0.7719107866287231
0.1648	-0.7507129907608032
0.1656	-0.540183961391449
0.16640000000000002	-0.15905927121639252
0.16720000000000002	0.35855212807655334
0.168	0.963805079460144
0.1688	1.601142406463623
0.1696	2.2138571739196777
0.1704	2.745654821395874
0.17120000000000002	3.14925217628479
0.17200000000000001	3.3911280632019043
0.1728	3.44932222366333
0.1736	3.3180854320526123
0.1744	3.0099036693573
0.1752	2.550962209701538
0.17600000000000002	1.9808694124221802
0.1768	1.3516700267791748
0.1776	0.7200459241867065
0.1784	0.14354124665260315
0.1792	-0.32464930415153503
0.18000000000000002	-0.6427674293518066
0.18080000000000002	-0.7816410660743713
0.1816	-0.7280339598655701
0.1824	-0.4872329831123352
0.1832	-0.08051079511642456
0.184	0.455586314201355
0.18480000000000002	1.0703758001327515
0.18560000000000001	1.707863211631775
0.1864	2.31066632270813
0.1872	2.8236658573150635
0.188	3.2021656036376953
0.1888	3.414381980895996
0.18960000000000002	3.4407668113708496
0.1904	3.2787954807281494
0.1912	2.943291664123535
0.192	2.4624524116516113
0.1928	1.8785359859466553
0.19360000000000002	1.2445120811462402
0.19440000000000002	0.6177874207496643
0.1952	0.05599378049373627
0.196	-0.3896990120410919
0.1968	-0.6796199679374695
0.1976	-0.7867843508720398
0.19840000000000002	-0.7010679244995117
0.19920000000000002	-0.43061986565589905
