0	0
0.0008	0.6245396733283997
0.0016	1.2985246181488037
0.0024000000000000002	1.961835503578186
0.0032	2.5535783767700195
0.004	3.0210957527160645
0.0048000000000000004	3.3256537914276123
0.0056	3.439256191253662
0.0064	3.350703477859497
0.007200000000000001	3.06949520111084
0.008	2.619866371154785
0.0088	2.0395381450653076
0.009600000000000001	1.381442666053772
0.010400000000000001	0.7057739496231079
0.0112	0.07297597825527191
0.012	-0.4580197036266327
0.0128	-0.8390554785728455
0.013600000000000001	-1.0366472005844116
0.014400000000000001	-1.0316716432571411
0.0152	-0.8248287439346313
0.016	-0.43486636877059937
0.016800000000000002	0.103844054043293
0.0176	0.740707516670227
0.0184	1.4172546863555908
0.019200000000000002	2.072903871536255
0.02	2.6469109058380127
0.020800000000000003	3.0885932445526123
0.0216	3.361617088317871
0.0224	3.4409101009368896
0.023200000000000002	3.318373441696167
0.024	3.0060057640075684
0.024800000000000003	2.529567003250122
0.0256	1.9298783540725708
0.0264	1.2621713876724243
0.027200000000000002	0.586790144443512
0.028	-0.034983910620212555
0.028800000000000003	-0.5456316471099854
0.0296	-0.8994951248168945
0.0304	-1.0648775100708008
0.031200000000000002	-1.0253804922103882
0.032	-0.7852159142494202
0.0328	-0.36603137850761414
0.033600000000000005	0.19518938660621643
0.0344	0.8457265496253967
0.0352	1.5257233381271362
0.036000000000000004	2.173585891723633
0.0368	2.7300570011138916
0.0376	3.147091865539551
0.038400000000000004	3.3899312019348145
0.0392	3.4359025955200195
0.04	3.2805066108703613
0.0408	2.9386544227600098
0.041600000000000005	2.4384806156158447
0.0424	1.8233433961868286
0.0432	1.1498619318008423
0.044000000000000004	0.47923028469085693
0.0448	-0.1275077909231186
0.0456	-0.6147703528404236
0.046400000000000004	-0.9390993118286133
0.0472	-1.070922613143921
0.048	-0.9970914721488953
0.0488	-0.7250800132751465
0.049600000000000005	-0.27899810671806335
0.0504	0.30129578709602356
0.0512	0.9612195491790771
0.052000000000000005	1.640141487121582
0.0528	2.276854991912842
0.0536	2.813453197479248
0.054400000000000004	3.203652858734131
0.055200000000000006	3.4147329330444336
0.056	3.4268076419830322
0.0568	3.239027500152588
0.057600000000000005	2.868490695953369
0.0584	2.3456568717956543
0.0592	1.716620922088623
0.060000000000000005	1.0395399332046509
0.0608	0.37547004222869873
0.0616	-0.21506965160369873
0.062400000000000004	-0.6779471635818481
0.0632	-0.9720166921615601
0.064	-1.0698559284210205
0.0648	-0.9619531631469727
0.0656	-0.6588197350502014
0.0664	-0.18685287237167358
0.06720000000000001	0.41115182638168335
0.068	1.07851243019104
0.0688	1.7545346021652222
0.06960000000000001	2.37839937210083
0.0704	2.8935494422912598
0.0712	3.2560646533966064
0.07200000000000001	3.434835195541382
0.0728	3.4105513095855713
0.0736	3.188349485397339
0.07440000000000001	2.789828062057495
0.0752	2.24535870552063
0.076	1.6042115688323975
0.07680000000000001	0.9253432154655457
0.0776	0.2691475749015808
0.0784	-0.30376890301704407
0.0792	-0.7410115003585815
0.08	-1.0038591623306274
0.08080000000000001	-1.0673643350601196
0.0816	-0.9256649017333984
0.0824	-0.5920345187187195
0.08320000000000001	-0.0952325388789177
0.084	0.5185081362724304
0.0848	1.1913682222366333
0.08560000000000001	1.8630783557891846
0.0864	2.472719430923462
0.0872	2.9653468132019043
0.08800000000000001	3.2991647720336914
0.0888	3.4450886249542236
0.0896	3.385420560836792
0.09040000000000001	3.130009651184082
0.0912	2.704041004180908
0.092	2.1394236087799072
0.09280000000000001	1.4878901243209839
0.0936	0.8086092472076416
0.0944	0.16192518174648285
0.0952	-0.39201819896698
0.096	-0.8025134801864624
0.09680000000000001	-1.033414363861084
0.0976	-1.0625604391098022
0.0984	-0.8874018788337708
0.09920000000000001	-0.5239993929862976
0.1	-0.0040746573358774185
0.1008	0.6235647201538086
0.10160000000000001	1.300536870956421
0.1024	1.966385006904602
0.1032	2.560302734375
0.10400000000000001	3.028869867324829
0.1048	3.332965612411499
0.1056	3.446030378341675
0.10640000000000001	3.3567779064178467
0.1072	3.0741195678710938
0.108	2.622141122817993
0.10880000000000001	2.0390756130218506
0.1096	1.378455400466919
0.11040000000000001	0.7002620100975037
0.11120000000000001	0.06490177661180496
0.112	-0.46821868419647217
0.11280000000000001	-0.8507168292999268
0.1136	-1.0490834712982178
0.1144	-1.0438328981399536
0.11520000000000001	-0.835702657699585
0.116	-0.443852961063385
0.1168	0.09735720604658127
0.11760000000000001	0.7371203899383545
0.1184	1.4162797927856445
0.1192	2.074491262435913
0.12000000000000001	2.65073561668396
0.1208	3.0938427448272705
0.1216	3.3676791191101074
0.12240000000000001	3.44724702835083
0.1232	3.3244729042053223
0.124	3.0116302967071533
0.12480000000000001	2.5348167419433594
0.12560000000000002	1.9348528385162354
0.1264	1.2669833898544312
0.1272	0.5915147662162781
0.128	-0.030371811240911484
0.1288	-0.5409695506095886
0.1296	-0.8946705460548401
0.13040000000000002	-1.0598280429840088
0.1312	-1.0200309753417969
0.132	-0.7794414162635803
0.1328	-0.3597944378852844
0.1336	0.20173878967761993
0.13440000000000002	0.8523884415626526
0.13520000000000001	1.5324727296829224
0.136	2.1808977127075195
0.1368	2.7377688884735107
0.1376	3.1546411514282227
0.1384	3.3972179889678955
0.13920000000000002	3.4424145221710205
0.14	3.286268472671509
0.1408	2.9440414905548096
0.1416	2.4434425830841064
0.1424	1.8280304670333862
0.1432	1.154361605644226
0.14400000000000002	0.4835549294948578
0.1448	-0.1231706514954567
0.1456	-0.6102707386016846
0.1464	-0.9343622326850891
0.1472	-1.065798044204712
0.14800000000000002	-0.9915419816970825
0.14880000000000002	-0.7191055417060852
0.1496	-0.2726236879825592
0.1504	0.307945191860199
0.1512	0.9680689573287964
0.152	1.647153377532959
0.15280000000000002	2.28391695022583
0.15360000000000001	2.8203775882720947
0.1544	3.210314989089966
0.1552	3.4210574626922607
0.156	3.4267704486846924
0.1568	3.232440710067749
0.15760000000000002	2.8613040447235107
0.1584	2.3381826877593994
0.1592	1.7089717388153076
0.16	1.0316781997680664
0.1608	0.36749592423439026
0.16160000000000002	-0.22295628488063812
0.16240000000000002	-0.6855838298797607
0.1632	-0.979365885257721
0.164	-1.0768800973892212
0.1648	-0.9685649275779724
0.1656	-0.6649940609931946
0.16640000000000002	-0.1926897019147873
0.16720000000000002	0.405552476644516
0.168	1.0730504989624023
0.1688	1.7490602731704712
0.1696	2.3728249073028564
0.1704	2.887775182723999
0.17120000000000002	3.249990224838257
0.17200000000000001	3.428398609161377
0.1728	3.405789375305176
0.1736	3.185274839401245
0.1744	2.786465883255005
0.1752	2.2417964935302734
0.17600000000000002	1.6004619598388672
0.1768	0.9215061664581299
0.1776	0.26541051268577576
0.1784	-0.3072434663772583
0.1792	-0.7441861033439636
0.18000000000000002	-1.0067212581634521
0.18080000000000002	-1.0698264837265015
0.1816	-0.9277146458625793
0.1824	-0.5938092470169067
0.1832	-0.09680730849504471
0.184	0.5171583294868469
0.18480000000000002	1.190118432044983
0.18560000000000001	1.86176598072052
0.1864	2.471144676208496
0.1872	2.9633095264434814
0.188	3.296715021133423
0.1888	3.4423389434814453
0.18960000000000002	3.385995626449585
0.1904	3.133971929550171
0.1912	2.707815647125244
0.192	2.142960786819458
0.1928	1.4913147687911987
0.19360000000000002	0.8121089935302734
0.19440000000000002	0.16566237807273865
0.1952	-0.3879435360431671
0.196	-0.7981263399124146
0.1968	-1.028677225112915
0.1976	-1.0574734210968018
0.19840000000000002	-0.8820648193359375
0.19920000000000002	-0.5184748768806458
