0	0
0.0008	0.4615313410758972
0.0016	0.9768325090408325
0.0024000000000000002	1.4985954761505127
0.0032	1.9794249534606934
0.004	2.3765876293182373
0.0048000000000000004	2.6544370651245117
0.0056	2.7887630462646484
0.0064	2.768217086791992
0.007200000000000001	2.594573974609375
0.008	2.2829697132110596
0.0088	1.8603764772415161
0.009600000000000001	1.3645282983779907
0.010400000000000001	0.8398204445838928
0.0112	0.3343731760978699
0.012	-0.10564317554235458
0.0128	-0.4409700632095337
0.013600000000000001	-0.6406480669975281
0.014400000000000001	-0.6865290403366089
0.0152	-0.5745007395744324
0.016	-0.3144121468067169
0.016800000000000002	0.06995174288749695
0.0176	0.5435444116592407
0.0184	1.0633951425552368
0.019200000000000002	1.581496000289917
0.02	2.051076650619507
0.020800000000000003	2.430678367614746
0.0216	2.686155080795288
0.0224	2.795358419418335
0.023200000000000002	2.7488150596618652
0.024	2.550724506378174
0.024800000000000003	2.2184348106384277
0.0256	1.7808431386947632
0.0264	1.2770582437515259
0.027200000000000002	0.7527503371238708
0.028	0.25572723150253296
0.028800000000000003	-0.16920313239097595
0.0296	-0.48364460468292236
0.0304	-0.6585626602172852
0.031200000000000002	-0.678033709526062
0.032	-0.54025799036026
0.0328	-0.25759661197662354
0.033600000000000005	0.14446553587913513
0.0344	0.6291446685791016
0.0352	1.1518325805664062
0.036000000000000004	1.66473388671875
0.0368	2.1219656467437744
0.0376	2.482969284057617
0.038400000000000004	2.715435743331909
0.0392	2.7991042137145996
0.04	2.726475954055786
0.0408	2.504337787628174
0.041600000000000005	2.1519875526428223
0.0424	1.7002724409103394
0.0432	1.190125584602356
0.044000000000000004	0.6674050688743591
0.0448	0.1794685572385788
0.0456	-0.2293759286403656
0.046400000000000004	-0.5220946073532104
0.0472	-0.6718276143074036
0.048	-0.6648513674736023
0.0488	-0.501690685749054
0.049600000000000005	-0.19699397683143616
0.0504	0.22177904844284058
0.0512	0.715819776058197
0.052000000000000005	1.2398450374603271
0.0528	1.7465095520019531
0.0536	2.190380096435547
0.054400000000000004	2.531785726547241
0.055200000000000006	2.740266799926758
0.056	2.797975540161133
0.0568	2.6995623111724854
0.057600000000000005	2.453826427459717
0.0584	2.082190752029419
0.0592	1.6179018020629883
0.060000000000000005	1.1027930974960327
0.0608	0.5827347636222839
0.0616	0.10507218539714813
0.062400000000000004	-0.286873996257782
0.0632	-0.5572324395179749
0.064	-0.6812930107116699
0.0648	-0.6478444337844849
0.0656	-0.45959872007369995
0.0664	-0.13346660137176514
0.06720000000000001	0.3007549047470093
0.068	0.8030697703361511
0.0688	1.327620029449463
0.06960000000000001	1.8268227577209473
0.0704	2.2560946941375732
0.0712	2.576814889907837
0.07200000000000001	2.7606985569000244
0.0728	2.7922472953796387
0.0736	2.668261766433716
0.07440000000000001	2.3995656967163086
0.0752	2.009706735610962
0.076	1.533731460571289
0.07680000000000001	1.0142855644226074
0.0776	0.4977894425392151
0.0784	0.03125075250864029
0.0792	-0.34278473258018494
0.08	-0.5899454951286316
0.08080000000000001	-0.6879962086677551
0.0816	-0.6280752420425415
0.0824	-0.41503196954727173
0.08320000000000001	-0.068389393389225
0.084	0.3801557123661041
0.0848	0.8897074460983276
0.08560000000000001	1.4134827852249146
0.0864	1.9042361974716187
0.0872	2.3180346488952637
0.08800000000000001	2.6174819469451904
0.0888	2.776592969894409
0.0896	2.781981945037842
0.09040000000000001	2.6327614784240723
0.0912	2.3420674800872803
0.092	1.9352853298187256
0.09280000000000001	1.4487861394882202
0.0936	0.9262281060218811
0.0944	0.41451895236968994
0.0952	-0.039470985531806946
0.096	-0.39450839161872864
0.09680000000000001	-0.6180840134620667
0.0976	-0.6900123357772827
0.0984	-0.6037690043449402
0.09920000000000001	-0.3667406141757965
0.1	-0.0006999314646236598
0.1008	0.4609813988208771
0.10160000000000001	0.9763075113296509
0.1024	1.4980205297470093
0.1032	1.9788625240325928
0.10400000000000001	2.375962734222412
0.1048	2.6536495685577393
0.1056	2.7878382205963135
0.10640000000000001	2.7671420574188232
0.1072	2.593261480331421
0.108	2.281407356262207
0.10880000000000001	1.8586392402648926
0.1096	1.3627909421920776
0.11040000000000001	0.8384330868721008
0.11120000000000001	0.33326077461242676
0.112	-0.10671807080507278
0.11280000000000001	-0.4418949782848358
0.1136	-0.6413105130195618
0.1144	-0.6868789792060852
0.11520000000000001	-0.5745757222175598
0.116	-0.31429964303970337
0.1168	0.07023921608924866
0.11760000000000001	0.5439443588256836
0.1184	1.0638450384140015
0.1192	1.582033395767212
0.12000000000000001	2.051589012145996
0.1208	2.431015968322754
0.1216	2.6862800121307373
0.12240000000000001	2.7952585220336914
0.1232	2.74849009513855
0.124	2.5501620769500732
0.12480000000000001	2.2176222801208496
0.12560000000000002	1.7798932790756226
0.1264	1.276045799255371
0.1272	0.7516879439353943
0.128	0.25465235114097595
0.1288	-0.17025302350521088
0.1296	-0.4845445156097412
0.13040000000000002	-0.6592250466346741
0.1312	-0.6783961653709412
0.132	-0.5403329730033875
0.1328	-0.2573966383934021
0.1336	0.1448030024766922
0.13440000000000002	0.6294946074485779
0.13520000000000001	1.152345061302185
0.136	1.6653714179992676
0.1368	2.1225905418395996
0.1376	2.483419418334961
0.1384	2.7156107425689697
0.13920000000000002	2.799079418182373
0.14	2.726276159286499
0.1408	2.5039377212524414
0.1416	2.151475191116333
0.1424	1.6996475458145142
0.1432	1.1893006563186646
0.14400000000000002	0.6665551662445068
0.1448	0.17873112857341766
0.1456	-0.22998836636543274
0.1464	-0.5225445628166199
0.1472	-0.6720526218414307
0.14800000000000002	-0.6648138761520386
0.14880000000000002	-0.501440703868866
0.1496	-0.19656901061534882
0.1504	0.22242899239063263
0.1512	0.7167196869850159
0.152	1.2410199642181396
0.15280000000000002	1.7477344274520874
0.15360000000000001	2.191354990005493
0.1544	2.5325732231140137
0.1552	2.7409543991088867
0.156	2.7985005378723145
0.1568	2.699862480163574
0.15760000000000002	2.4539389610290527
0.1584	2.0821406841278076
0.1592	1.6176269054412842
0.16	1.1023056507110596
0.1608	0.5822473168373108
0.16160000000000002	0.10477221757173538
0.16240000000000002	-0.286936491727829
0.1632	-0.5570449233055115
0.164	-0.6808430552482605
0.1648	-0.6471444964408875
0.1656	-0.458661288022995
0.16640000000000002	-0.13221673667430878
0.16720000000000002	0.3019547760486603
0.168	0.8040322065353394
0.1688	1.3285949230194092
0.1696	1.827735185623169
0.1704	2.2568695545196533
0.17120000000000002	2.5774521827697754
0.17200000000000001	2.7611234188079834
0.1728	2.792422294616699
0.1736	2.668161630630493
0.1744	2.3992156982421875
0.1752	2.0091443061828613
0.17600000000000002	1.5330440998077393
0.1768	1.0135606527328491
0.1776	0.4971520006656647
0.1784	0.030813299119472504
0.1792	-0.3430597186088562
0.18000000000000002	-0.5900329947471619
0.18080000000000002	-0.6878712177276611
0.1816	-0.6277002692222595
0.1824	-0.4143570363521576
0.1832	-0.0673769935965538
0.184	0.3814055919647217
0.18480000000000002	0.8909822702407837
0.18560000000000001	1.4146201610565186
0.1864	1.9052236080169678
0.1872	2.318847179412842
0.188	2.6180319786071777
0.1888	2.77685546875
0.18960000000000002	2.781956911087036
0.1904	2.632486343383789
0.1912	2.3415300846099854
0.192	1.9345228672027588
0.1928	1.4479237794876099
0.19360000000000002	0.9253907203674316
0.19440000000000002	0.4138065278530121
0.1952	-0.040070921182632446
0.196	-0.3949708342552185
0.1968	-0.6183464527130127
0.1976	-0.6899998784065247
0.19840000000000002	-0.6034190058708191
0.19920000000000002	-0.36609068512916565
