0	-680.827344051504
0.0008	694.328931447526
0.0016	1881.963888207043
0.0024000000000000002	3132.1059395274497
0.0032	3819.6840640800656
0.004	3882.1911661831546
0.0048000000000000004	4382.247982233937
0.0056	4257.233778350055
0.0064	3569.6556554529816
0.007200000000000001	2632.0491200344404
0.008	1131.8786532679806
0.0088	-118.26341189496452
0.009600000000000001	-1368.405485747382
0.010400000000000001	-2556.0404639820918
0.0112	-3556.154135985067
0.012	-4118.718078952108
0.0128	-4306.239393669588
0.013600000000000001	-4493.760708584683
0.014400000000000001	-3868.6896596361767
0.0152	-3056.097299282963
0.016	-1805.9552136539132
0.016800000000000002	-430.7989295423031
0.0176	1006.8644471418811
0.0184	2257.0065045092488
0.019200000000000002	3132.1059395274497
0.02	3694.6698598096264
0.020800000000000003	4444.755084143719
0.0216	4319.740880302794
0.0224	4007.205370324722
0.023200000000000002	3194.6130418670946
0.024	2006.9780937274918
0.024800000000000003	1131.8786532679806
0.0256	6.750795011816081
0.0264	-1493.4196936116787
0.027200000000000002	-2743.5617770557874
0.028	-3618.6612406714703
0.028800000000000003	-4243.732288741798
0.0296	-4493.760708584683
0.0304	-4181.225183835952
0.031200000000000002	-3556.154135985067
0.032	-2868.5759858810343
0.0328	-1618.433901563054
0.033600000000000005	-305.7847224181751
0.0344	1256.8928593074088
0.0352	2382.0207097706734
0.036000000000000004	3444.6414510104223
0.0368	3944.6982682645903
0.0376	4382.247982233937
0.038400000000000004	4194.726676375954
0.0392	3882.1911661831546
0.04	3257.120144185261
0.0408	2131.9922991615604
0.041600000000000005	694.328931447526
0.0424	-493.3060331369634
0.0432	-1743.448109601799
0.044000000000000004	-2993.5901947937673
0.0448	-3743.675450109935
0.0456	-4118.718078952108
0.046400000000000004	-4556.267813600367
0.0472	-4056.2109740902088
0.048	-3618.6612406714703
0.0488	-2493.5333596678684
0.049600000000000005	-1368.405485747382
0.0504	69.2578984326683
0.0512	1319.3999622947304
0.052000000000000005	2569.542017500906
0.0528	3507.1485532424413
0.0536	4069.7124723632587
0.054400000000000004	4444.755084143719
0.055200000000000006	4257.233778350055
0.056	3569.6556554529816
0.0568	3319.627246481774
0.057600000000000005	1944.470990978065
0.0584	756.8360346296686
0.0592	-743.3344477331848
0.060000000000000005	-2118.490734241728
0.0608	-3118.6044037940446
0.0616	-3806.182554862171
0.062400000000000004	-4118.718078952108
0.0632	-4618.774918638053
0.064	-4431.253603590943
0.0648	-3368.632822057465
0.0656	-2493.5333596678684
0.0664	-1055.8699664680753
0.06720000000000001	319.2863118989626
0.068	1631.9354769066558
0.0688	2694.5562225465546
0.06960000000000001	3569.6556554529816
0.0704	4507.262186031963
0.0712	4194.726676375954
0.07200000000000001	4382.247982233937
0.0728	3632.1627576421015
0.0736	2757.0633250370156
0.07440000000000001	1756.9496826000395
0.0752	319.2863118989626
0.076	-743.3344477331848
0.07680000000000001	-2055.9836300805327
0.0776	-3306.125717458781
0.0784	-3993.703869250254
0.0792	-4493.760708584683
0.08	-4493.760708584683
0.08080000000000001	-3868.6896596361767
0.0816	-3306.125717458781
0.0824	-2306.0120468565146
0.08320000000000001	-993.362862677488
0.084	694.328931447526
0.0848	1944.470990978065
0.08560000000000001	3069.5988371661515
0.0864	3757.176961955556
0.0872	4257.233778350055
0.08800000000000001	4319.740880302794
0.0888	4069.7124723632587
0.0896	3757.176961955556
0.09040000000000001	2632.0491200344404
0.0912	1506.9212711267755
0.092	131.76500183175085
0.09280000000000001	-1118.3770702803158
0.0936	-2431.026255375531
0.0944	-3368.632822057465
0.0952	-4118.718078952108
0.096	-4556.267813600367
0.09680000000000001	-4431.253603590943
0.0976	-3993.703869250254
0.0984	-3243.6186128818663
0.09920000000000001	-1993.4765259410487
0.1	-618.320240391593
0.1008	506.80762177088764
0.10160000000000001	2006.9780937274918
0.1024	3132.1059395274497
0.1032	3819.6840640800656
0.10400000000000001	4007.205370324722
0.1048	4382.247982233937
0.1056	4319.740880302794
0.10640000000000001	3507.1485532424413
0.1072	2882.077529953327
0.108	1444.4141682044137
0.10880000000000001	-118.26341189496452
0.1096	-1305.8983818479464
0.11040000000000001	-2431.026255375531
0.11120000000000001	-3618.6612406714703
0.112	-4118.718078952108
0.11280000000000001	-4493.760708584683
0.1136	-4618.774918638053
0.1144	-3868.6896596361767
0.11520000000000001	-2931.0830903263995
0.116	-1680.9410055715125
0.1168	-368.29182596947066
0.11760000000000001	944.3573440464097
0.1184	2382.0207097706734
0.1192	3257.120144185261
0.12000000000000001	3944.6982682645903
0.1208	4444.755084143719
0.1216	4382.247982233937
0.12240000000000001	4069.7124723632587
0.1232	3319.627246481774
0.124	2194.499401846144
0.12480000000000001	1069.3715502157575
0.12560000000000002	-55.75630843068939
0.1264	-1680.9410055715125
0.1272	-2868.5759858810343
0.128	-3681.1683453797596
0.1288	-4243.732288741798
0.1296	-4493.760708584683
0.13040000000000002	-4431.253603590943
0.1312	-3743.675450109935
0.132	-2681.054672676022
0.1328	-1618.433901563054
0.1336	-118.26341189496452
0.13440000000000002	1194.3857562985504
0.13520000000000001	2444.5278123690514
0.136	3382.1343487568665
0.1368	3944.6982682645903
0.1376	4444.755084143719
0.1384	4257.233778350055
0.13920000000000002	3757.176961955556
0.14	3194.6130418670946
0.1408	2257.0065045092488
0.1416	756.8360346296686
0.1424	-680.827344051504
0.1432	-1868.4623177278554
0.14400000000000002	-3368.632822057465
0.1448	-4056.2109740902088
0.1456	-4243.732288741798
0.1464	-4556.267813600367
0.1472	-4118.718078952108
0.14800000000000002	-3556.154135985067
0.14880000000000002	-2681.054672676022
0.1496	-1368.405485747382
0.1504	6.750795011816081
0.1512	1131.8786532679806
0.152	2694.5562225465546
0.15280000000000002	3507.1485532424413
0.15360000000000001	4007.205370324722
0.1544	4257.233778350055
0.1552	4257.233778350055
0.156	3819.6840640800656
0.1568	3069.5988371661515
0.15760000000000002	1944.470990978065
0.1584	506.80762177088764
0.1592	-680.827344051504
0.16	-1993.4765259410487
0.1608	-2931.0830903263995
0.16160000000000002	-3931.1967644323595
0.16240000000000002	-4431.253603590943
0.1632	-4681.282023697626
0.164	-4243.732288741798
0.1648	-3368.632822057465
0.1656	-2368.5191511050216
0.16640000000000002	-993.362862677488
0.16720000000000002	381.79341521137394
0.168	1631.9354769066558
0.1688	2694.5562225465546
0.1696	3632.1627576421015
0.1704	4194.726676375954
0.17120000000000002	4507.262186031963
0.17200000000000001	4194.726676375954
0.1728	3757.176961955556
0.1736	2757.0633250370156
0.1744	1631.9354769066558
0.1752	381.79341521137394
0.17600000000000002	-868.3486551617971
0.1768	-2180.9978384247515
0.1776	-3118.6044037940446
0.1784	-4181.225183835952
0.1792	-4556.267813600367
0.18000000000000002	-4368.746498619323
0.18080000000000002	-4118.718078952108
0.1816	-3243.6186128818663
0.1824	-2306.0120468565146
0.1832	-805.8415514366352
0.184	444.3005185019574
0.18480000000000002	1756.9496826000395
0.18560000000000001	3007.091734783433
0.1864	3694.6698598096264
0.1872	4132.219574380317
0.188	4444.755084143719
0.1888	4382.247982233937
0.18960000000000002	3569.6556554529816
0.1904	2819.5704275059397
0.1912	1631.9354769066558
0.192	6.750795011816081
0.1928	-1243.3912779702223
0.19360000000000002	-2493.5333596678684
0.19440000000000002	-3431.1399266780354
0.1952	-4118.718078952108
0.196	-4493.760708584683
0.1968	-4618.774918638053
0.1976	-4118.718078952108
0.19840000000000002	-3118.6044037940446
0.19920000000000002	-1743.448109601799
