0	-1420.9114530587103
0.0008	-45.755170863179956
0.0016	1391.90820382518
0.0024000000000000002	2704.557362018677
0.0032	3704.6709999707527
0.004	4204.72781688103
0.0048000000000000004	4454.756224820565
0.0056	4517.2633267517085
0.0064	3704.6709999707527
0.007200000000000001	3079.5999768968904
0.008	2016.9792327248142
0.0088	766.8371727614431
0.009600000000000001	-608.3191032154136
0.010400000000000001	-1920.9682855627616
0.0112	-3233.617477539694
0.012	-3858.6885247324826
0.0128	-4483.759574120282
0.013600000000000001	-4608.773784261488
0.014400000000000001	-4171.224049151817
0.0152	-3608.6601055921637
0.016	-2483.5322238003137
0.016800000000000002	-1108.3759334524511
0.0176	204.27324295043945
0.0184	1579.4295127221849
0.019200000000000002	2892.0786695547868
0.02	3579.6567955281935
0.020800000000000003	4329.742020893726
0.0216	4392.249122867826
0.0224	4204.72781688103
0.023200000000000002	3829.6852043273975
0.024	3017.092874471098
0.024800000000000003	1891.9650271178107
0.0256	391.79455308272736
0.0264	-1233.390141229611
0.027200000000000002	-2233.5038065872504
0.028	-3233.617477539694
0.028800000000000003	-3983.702734434337
0.0296	-4546.266679179855
0.0304	-4733.787994490704
0.031200000000000002	-4108.7169442240265
0.032	-3483.645896153699
0.0328	-2233.5038065872504
0.033600000000000005	-733.3333106440259
0.0344	641.8229662886588
0.0352	1829.4579242818872
0.036000000000000004	2892.0786695547868
0.0368	3704.6709999707527
0.0376	4204.72781688103
0.038400000000000004	4642.277530549734
0.0392	4329.742020893726
0.04	3704.6709999707527
0.0408	2829.571567064326
0.041600000000000005	1766.950821424427
0.0424	16.751932622806635
0.0432	-1108.3759334524511
0.044000000000000004	-2421.0251194643206
0.0448	-3483.645896153699
0.0456	-4233.7311541015515
0.046400000000000004	-4483.759574120282
0.0472	-4483.759574120282
0.048	-4108.7169442240265
0.0488	-3233.617477539694
0.049600000000000005	-1920.9682855627616
0.0504	-733.3333106440259
0.0512	641.8229662886588
0.052000000000000005	1954.472129932139
0.0528	3454.642590999545
0.0536	3892.1923064733273
0.054400000000000004	4454.756224820565
0.055200000000000006	4454.756224820565
0.056	3892.1923064733273
0.0568	3329.6283863848657
0.057600000000000005	2642.050259463489
0.0584	1516.922409778228
0.0592	16.751932622806635
0.060000000000000005	-1233.390141229611
0.0608	-2796.0677458086284
0.0616	-3671.1672103444
0.062400000000000004	-4358.745364066912
0.0632	-4671.280889365065
0.064	-4421.252469082596
0.0648	-3858.6885247324826
0.0656	-3108.603268364095
0.0664	-1795.9540773057379
0.06720000000000001	-233.2764814516995
0.068	1141.8797916596523
0.0688	2204.500540973153
0.06960000000000001	3142.107079301204
0.0704	4017.2065107009257
0.0712	4454.756224820565
0.07200000000000001	4329.742020893726
0.0728	4079.7136127823615
0.0736	3392.135488703032
0.07440000000000001	2329.514746363915
0.0752	1079.3726885641809
0.076	-108.26227437093621
0.07680000000000001	-1670.939869136142
0.0776	-2858.574850275996
0.0784	-3671.1672103444
0.0792	-4296.238259073172
0.08	-4483.759574120282
0.08080000000000001	-4546.266679179855
0.0816	-3796.1814199145883
0.0824	-2983.5890592762735
0.08320000000000001	-1670.939869136142
0.084	-108.26227437093621
0.0848	1329.4011008163216
0.08560000000000001	2517.0360542884446
0.0864	3454.642590999545
0.0872	3954.6994085978367
0.08800000000000001	4392.249122867826
0.0888	4329.742020893726
0.0896	4017.2065107009257
0.09040000000000001	3392.135488703032
0.0912	2079.486335495836
0.092	891.8513791474397
0.09280000000000001	-483.3048958738218
0.0936	-1858.4611814232776
0.0944	-3046.0961638092413
0.0952	-3921.1956295724376
0.096	-4358.745364066912
0.09680000000000001	-4671.280889365065
0.0976	-4358.745364066912
0.0984	-3608.6601055921637
0.09920000000000001	-2608.5464325380162
0.1	-1358.4043490939075
0.1008	79.25903608708177
0.10160000000000001	1329.4011008163216
0.1024	2704.557362018677
0.1032	3579.6567955281935
0.10400000000000001	4267.234918898088
0.1048	4142.220714842493
0.1056	4392.249122867826
0.10640000000000001	4079.7136127823615
0.1072	3142.107079301204
0.108	1891.9650271178107
0.10880000000000001	516.8087597291451
0.1096	-608.3191032154136
0.11040000000000001	-1983.475389723957
0.11120000000000001	-3171.1103729410097
0.112	-3983.702734434337
0.11280000000000001	-4421.252469082596
0.1136	-4608.773784261488
0.1144	-4233.7311541015515
0.11520000000000001	-3483.645896153699
0.116	-2421.0251194643206
0.1168	-1233.390141229611
0.11760000000000001	204.27324295043945
0.1184	1516.922409778228
0.1192	2767.0644645522116
0.12000000000000001	3642.1638977602124
0.1208	4142.220714842493
0.1216	4517.2633267517085
0.12240000000000001	4142.220714842493
0.1232	3642.1638977602124
0.124	2954.585772023711
0.12480000000000001	1704.4437185453135
0.12560000000000002	641.8229662886588
0.1264	-1170.8830373301753
0.1272	-2170.9967023387435
0.128	-3233.617477539694
0.1288	-3733.6743151184055
0.1296	-4608.773784261488
0.13040000000000002	-4608.773784261488
0.1312	-4171.224049151817
0.132	-3358.631686802779
0.1328	-2233.5038065872504
0.1336	-858.3475181597169
0.13440000000000002	329.2874497270095
0.13520000000000001	1891.9650271178107
0.136	2954.585772023711
0.1368	3704.6709999707527
0.1376	4329.742020893726
0.1384	4517.2633267517085
0.13920000000000002	4142.220714842493
0.14	3642.1638977602124
0.1408	2767.0644645522116
0.1416	1579.4295127221849
0.1424	141.76613952958724
0.1432	-1170.8830373301753
0.14400000000000002	-2546.039328158251
0.1448	-3483.645896153699
0.1456	-4108.7169442240265
0.1464	-4733.787994490704
0.1472	-4671.280889365065
0.14800000000000002	-4046.2098393181805
0.14880000000000002	-3108.603268364095
0.1496	-1920.9682855627616
0.1504	-670.826206918864
0.1512	641.8229662886588
0.152	2204.500540973153
0.15280000000000002	3204.6141816839227
0.15360000000000001	3829.6852043273975
0.1544	4267.234918898088
0.1552	4579.77042866149
0.156	4204.72781688103
0.1568	3392.135488703032
0.15760000000000002	2579.5431568868225
0.1584	1329.4011008163216
0.1592	16.751932622806635
0.16	-1170.8830373301753
0.1608	-2796.0677458086284
0.16160000000000002	-3608.6601055921637
0.16240000000000002	-4296.238259073172
0.1632	-4796.295099638344
0.164	-4483.759574120282
0.1648	-3921.1956295724376
0.1656	-3046.0961638092413
0.16640000000000002	-1733.4469732100843
0.16720000000000002	-483.3048958738218
0.168	1016.8655854469398
0.1688	2267.0076436793315
0.1696	3642.1638977602124
0.1704	3829.6852043273975
0.17120000000000002	4267.234918898088
0.17200000000000001	4329.742020893726
0.1728	3954.6994085978367
0.1736	3454.642590999545
0.1744	2454.528951668588
0.1752	891.8513791474397
0.17600000000000002	-295.78358502453193
0.1768	-1608.4327650840278
0.1776	-2858.574850275996
0.1784	-3671.1672103444
0.1792	-4358.745364066912
0.18000000000000002	-4546.266679179855
0.18080000000000002	-4546.266679179855
0.1816	-3796.1814199145883
0.1824	-2921.0819547651918
0.1832	-1483.4185570452828
0.184	-108.26227437093621
0.18480000000000002	1141.8797916596523
0.18560000000000001	2392.02184902702
0.1864	3329.6283863848657
0.1872	3954.6994085978367
0.188	4642.277530549734
0.1888	4329.742020893726
0.18960000000000002	4017.2065107009257
0.1904	3329.6283863848657
0.1912	2517.0360542884446
0.192	954.3584823080455
0.1928	-358.2906886191922
0.19360000000000002	-1795.9540773057379
0.19440000000000002	-3233.617477539694
0.1952	-3921.1956295724376
0.196	-4421.252469082596
0.1968	-4546.266679179855
0.1976	-4108.7169442240265
0.19840000000000002	-3796.1814199145883
0.19920000000000002	-2796.0677458086284
