0	0
0.0008	0.6307997107505798
0.0016	1.316419243812561
0.0024000000000000002	1.995064377784729
0.0032	2.6051785945892334
0.004	3.0918922424316406
0.0048000000000000004	3.4145593643188477
0.0056	3.5449955463409424
0.0064	3.4702022075653076
0.007200000000000001	3.1979787349700928
0.008	2.75168514251709
0.0088	2.168717861175537
0.009600000000000001	1.502134084701538
0.010400000000000001	0.8124274611473083
0.0112	0.16147953271865845
0.012	-0.3899659216403961
0.0128	-0.791801393032074
0.013600000000000001	-1.0087554454803467
0.014400000000000001	-1.0198551416397095
0.0152	-0.8242754936218262
0.016	-0.4400143325328827
0.016800000000000002	0.09791933745145798
0.0176	0.7405929565429688
0.0184	1.4295620918273926
0.019200000000000002	2.10139536857605
0.02	2.6950738430023193
0.020800000000000003	3.1579272747039795
0.0216	3.45113468170166
0.0224	3.5480868816375732
0.023200000000000002	3.4387218952178955
0.024	3.1343765258789062
0.024800000000000003	2.66062331199646
0.0256	2.0573081970214844
0.0264	1.3798627853393555
0.027200000000000002	0.6894063353538513
0.028	0.048857301473617554
0.028800000000000003	-0.48215270042419434
0.0296	-0.8566909432411194
0.0304	-1.0411107540130615
0.031200000000000002	-1.0170639753341675
0.032	-0.7874126434326172
0.0328	-0.37299197912216187
0.033600000000000005	0.18981431424617767
0.0344	0.8479489088058472
0.0352	1.540767788887024
0.036000000000000004	2.206101655960083
0.0368	2.782719135284424
0.0376	3.220062494277954
0.038400000000000004	3.482135772705078
0.0392	3.5447535514831543
0.04	3.4017045497894287
0.0408	3.0671374797821045
0.041600000000000005	2.5684616565704346
0.0424	1.9484981298446655
0.0432	1.2644034624099731
0.044000000000000004	0.5780715346336365
0.0448	-0.04780395328998566
0.0456	-0.5554413199424744
0.046400000000000004	-0.9001450538635254
0.0472	-1.0505307912826538
0.048	-0.9914500117301941
0.0488	-0.7292518615722656
0.049600000000000005	-0.2870464026927948
0.0504	0.2960079312324524
0.0512	0.9646540284156799
0.052000000000000005	1.6572978496551514
0.0528	2.3118579387664795
0.0536	2.868464708328247
0.054400000000000004	3.2788732051849365
0.055200000000000006	3.509124517440796
0.056	3.53730845451355
0.0568	3.3608627319335938
0.057600000000000005	2.9966609477996826
0.0584	2.4741501808166504
0.0592	1.8389381170272827
0.060000000000000005	1.1501688957214355
0.0608	0.46981143951416016
0.0616	-0.1401781290769577
0.062400000000000004	-0.6235554218292236
0.0632	-0.937737226486206
0.064	-1.053688883781433
0.0648	-0.9597491025924683
0.0656	-0.665566623210907
0.0664	-0.1966387778520584
0.06720000000000001	0.405076265335083
0.068	1.0820590257644653
0.0688	1.7726280689239502
0.06960000000000001	2.4150266647338867
0.0704	2.9503731727600098
0.0712	3.332947015762329
0.07200000000000001	3.5306763648986816
0.0728	3.524263858795166
0.0736	3.314908981323242
0.07440000000000001	2.9217350482940674
0.0752	2.376439094543457
0.076	1.7280282974243164
0.07680000000000001	1.0365344285964966
0.0776	0.3636261522769928
0.0784	-0.22895267605781555
0.0792	-0.6869075298309326
0.08	-0.9696674942970276
0.08080000000000001	-1.0507726669311523
0.0816	-0.9223113059997559
0.0824	-0.5968319177627563
0.08320000000000001	-0.10229402780532837
0.084	0.5158319473266602
0.0848	1.1989766359329224
0.08560000000000001	1.8857585191726685
0.0864	2.514033555984497
0.0872	3.026644706726074
0.08800000000000001	3.3801462650299072
0.0888	3.5445291996002197
0.0896	3.5036449432373047
0.09040000000000001	3.2619683742523193
0.0912	2.8406472206115723
0.092	2.274390697479248
0.09280000000000001	1.6147186756134033
0.0936	0.9221249222755432
0.0944	0.25839075446128845
0.0952	-0.31540244817733765
0.096	-0.7465599775314331
0.09680000000000001	-0.9969106912612915
0.0976	-1.0429068803787231
0.0984	-0.8800614476203918
0.09920000000000001	-0.5237225890159607
0.1	-0.004987061023712158
0.1008	0.6278749704360962
0.10160000000000001	1.3153067827224731
0.1024	1.9961392879486084
0.1032	2.6087281703948975
0.10400000000000001	3.0971293449401855
0.1048	3.420583724975586
0.1056	3.551194906234741
0.10640000000000001	3.4758267402648926
0.1072	3.202303409576416
0.108	2.7539725303649902
0.10880000000000001	2.168318033218384
0.1096	1.4989968538284302
0.11040000000000001	0.8067530393600464
0.11120000000000001	0.1535928100347519
0.112	-0.39951497316360474
0.11280000000000001	-0.8025503158569336
0.1136	-1.0199918746948242
0.1144	-1.0308165550231934
0.11520000000000001	-0.8340244889259338
0.116	-0.44786354899406433
0.1168	0.093694768846035
0.11760000000000001	0.7399930357933044
0.1184	1.4309120178222656
0.1192	2.105095148086548
0.12000000000000001	2.7004857063293457
0.1208	3.1634767055511475
0.1216	3.456296920776367
0.12240000000000001	3.5528738498687744
0.1232	3.443208932876587
0.124	3.1385388374328613
0.12480000000000001	2.6644604206085205
0.12560000000000002	2.060957908630371
0.1264	1.3835874795913696
0.1272	0.6932809948921204
0.128	0.05283195897936821
0.1288	-0.47791555523872375
0.1296	-0.8520788550376892
0.13040000000000002	-1.03606116771698
0.1312	-1.011614441871643
0.132	-0.7816256880760193
0.1328	-0.36688002943992615
0.1336	0.19613873958587646
0.13440000000000002	0.8543858528137207
0.13520000000000001	1.547304630279541
0.136	2.212688684463501
0.1368	2.7891061305999756
0.1376	3.2260494232177734
0.1384	3.4877476692199707
0.13920000000000002	3.550028085708618
0.14	3.406604290008545
0.1408	3.0717244148254395
0.1416	2.572911262512207
0.1424	1.952947735786438
0.1432	1.2688030004501343
0.14400000000000002	0.582371175289154
0.1448	-0.043441835790872574
0.1456	-0.550879180431366
0.1464	-0.8952829837799072
0.1472	-1.04525625705719
0.14800000000000002	-0.9857755303382874
0.14880000000000002	-0.7232024073600769
0.1496	-0.28067198395729065
0.1504	0.30260732769966125
0.1512	0.9714784026145935
0.152	1.66435968875885
0.15280000000000002	2.3189947605133057
0.15360000000000001	2.8754889965057373
0.1544	3.2856101989746094
0.1552	3.5154740810394287
0.156	3.5432703495025635
0.1568	3.3663997650146484
0.15760000000000002	3.0018105506896973
0.1584	2.47906231880188
0.1592	1.843750238418579
0.16	1.154831051826477
0.1608	0.47437354922294617
0.16160000000000002	-0.13551604747772217
0.16240000000000002	-0.6186308264732361
0.1632	-0.9325501918792725
0.164	-1.048176884651184
0.1648	-0.953774631023407
0.1656	-0.6591172218322754
0.16640000000000002	-0.18981440365314484
0.16720000000000002	0.41221311688423157
0.168	1.0893833637237549
0.1688	1.779902458190918
0.1696	2.4221761226654053
0.1704	2.9573724269866943
0.17120000000000002	3.339721441268921
0.17200000000000001	3.5371384620666504
0.1728	3.5303256511688232
0.1736	3.320495843887329
0.1744	2.9269347190856934
0.1752	2.381251096725464
0.17600000000000002	1.7324029207229614
0.1768	1.0406965017318726
0.1776	0.3677632808685303
0.1784	-0.2246655374765396
0.1792	-0.6823078989982605
0.18000000000000002	-0.9647803902626038
0.18080000000000002	-1.045560598373413
0.1816	-0.9166743159294128
0.1824	-0.5907324552536011
0.1832	-0.09574461728334427
0.184	0.522868812084198
0.18480000000000002	1.206013560295105
0.18560000000000001	1.8925329446792603
0.1864	2.5207204818725586
0.1872	3.0331315994262695
0.188	3.386458158493042
0.1888	3.5505785942077637
0.18960000000000002	3.5092568397521973
0.1904	3.267155408859253
0.1912	2.845459461212158
0.192	2.278815507888794
0.1928	1.618868350982666
0.19360000000000002	0.9261745810508728
0.19440000000000002	0.2624903917312622
0.1952	-0.3111153244972229
0.196	-0.7420603632926941
0.1968	-0.9920861124992371
0.1976	-1.0376824140548706
0.19840000000000002	-0.8744869828224182
0.19920000000000002	-0.5177731513977051
