0	0
0.0008	0.6343961954116821
0.0016	1.3283991813659668
0.0024000000000000002	2.0196523666381836
0.0032	2.645211935043335
0.004	3.148308277130127
0.0048000000000000004	3.4867208003997803
0.0056	3.6313772201538086
0.0064	3.5680670738220215
0.007200000000000001	3.3034896850585938
0.008	2.8603174686431885
0.0088	2.2753348350524902
0.009600000000000001	1.6015233993530273
0.010400000000000001	0.9005522131919861
0.0112	0.23608988523483276
0.012	-0.33076971769332886
0.0128	-0.7489692568778992
0.013600000000000001	-0.9814249873161316
0.014400000000000001	-1.0056891441345215
0.0152	-0.8195241689682007
0.016	-0.4403282403945923
0.016800000000000002	0.09872711449861526
0.0176	0.7476344108581543
0.0184	1.4455370903015137
0.019200000000000002	2.12967848777771
0.02	2.7382020950317383
0.020800000000000003	3.216238498687744
0.0216	3.523953914642334
0.0224	3.6343138217926025
0.023200000000000002	3.5362446308135986
0.024	3.239870309829712
0.024800000000000003	2.769838571548462
0.0256	2.1657326221466064
0.0264	1.4832470417022705
0.027200000000000002	0.78441321849823
0.028	0.13219964504241943
0.028800000000000003	-0.41313713788986206
0.0296	-0.8027270436286926
0.0304	-1.0015861988067627
0.031200000000000002	-0.9901162981987
0.032	-0.7700047492980957
0.0328	-0.36124923825263977
0.033600000000000005	0.20037895441055298
0.0344	0.862060010433197
0.0352	1.5619499683380127
0.036000000000000004	2.237454652786255
0.0368	2.8274552822113037
0.0376	3.2795190811157227
0.038400000000000004	3.555924892425537
0.0392	3.6317009925842285
0.04	3.499460220336914
0.0408	3.1721513271331787
0.041600000000000005	2.676309585571289
0.0424	2.0548181533813477
0.0432	1.365633249282837
0.044000000000000004	0.6705739498138428
0.0448	0.03220900893211365
0.0456	-0.49031755328178406
0.046400000000000004	-0.8501479625701904
0.0472	-1.0146355628967285
0.048	-0.9675317406654358
0.0488	-0.7141234874725342
0.049600000000000005	-0.27672073245048523
0.0504	0.30599290132522583
0.0512	0.9785354733467102
0.052000000000000005	1.6789628267288208
0.0528	2.3447060585021973
0.0536	2.915170907974243
0.054400000000000004	3.34024977684021
0.055200000000000006	3.584459066390991
0.056	3.625288248062134
0.0568	3.4590134620666504
0.057600000000000005	3.101207971572876
0.0584	2.580756187438965
0.0592	1.9436285495758057
0.060000000000000005	1.249131679534912
0.0608	0.559196949005127
0.0616	-0.06385701149702072
0.062400000000000004	-0.5621359944343567
0.0632	-0.891169548034668
0.064	-1.0209980010986328
0.0648	-0.9385353326797485
0.0656	-0.6522802710533142
0.0664	-0.18744270503520966
0.06720000000000001	0.4143066108226776
0.068	1.0958107709884644
0.0688	1.7950507402420044
0.06960000000000001	2.4495201110839844
0.0704	2.9990618228912354
0.0712	3.3960185050964355
0.07200000000000001	3.6075310707092285
0.0728	3.613538980484009
0.0736	3.413754940032959
0.07440000000000001	3.026439666748047
0.0752	2.482977867126465
0.076	1.831739068031311
0.07680000000000001	1.1332552433013916
0.0776	0.4497697651386261
0.0784	-0.15634839236736298
0.0792	-0.6288674473762512
0.08	-0.9263166785240173
0.08080000000000001	-1.0211862325668335
0.0816	-0.9037144184112549
0.0824	-0.5856000185012817
0.08320000000000001	-0.09487749636173248
0.084	0.5240702033042908
0.0848	1.2126736640930176
0.08560000000000001	1.9089014530181885
0.0864	2.5499720573425293
0.0872	3.076753616333008
0.08800000000000001	3.4445505142211914
0.0888	3.622666358947754
0.0896	3.5938026905059814
0.09040000000000001	3.361196994781494
0.0912	2.945509672164917
0.092	2.380587339401245
0.09280000000000001	1.7171748876571655
0.0936	1.0163662433624268
0.0944	0.34123000502586365
0.0952	-0.24581506848335266
0.096	-0.6913618445396423
0.09680000000000001	-0.9564642906188965
0.0976	-1.0158748626708984
0.0984	-0.8636441230773926
0.09920000000000001	-0.5145202279090881
0.1	0.0009874026291072369
0.1008	0.6355210542678833
0.10160000000000001	1.3294991254806519
0.1024	2.0206398963928223
0.1032	2.646024465560913
0.10400000000000001	3.148770809173584
0.1048	3.4867706298828125
0.1056	3.6309897899627686
0.10640000000000001	3.5672171115875244
0.1072	3.3022897243499756
0.108	2.858830213546753
0.10880000000000001	2.273547410964966
0.1096	1.599561095237732
0.11040000000000001	0.898427426815033
0.11120000000000001	0.23391510546207428
0.112	-0.33266952633857727
0.11280000000000001	-0.750494122505188
0.1136	-0.9826123714447021
0.1144	-1.0064765214920044
0.11520000000000001	-0.8199241161346436
0.116	-0.4403907358646393
0.1168	0.0989270955324173
0.11760000000000001	0.7478843927383423
0.1184	1.4458245038986206
0.1192	2.129915952682495
0.12000000000000001	2.7381646633148193
0.1208	3.2159135341644287
0.1216	3.523266315460205
0.12240000000000001	3.633251428604126
0.1232	3.5348198413848877
0.124	3.2381205558776855
0.12480000000000001	2.7678260803222656
0.12560000000000002	2.163557767868042
0.1264	1.4809348583221436
0.1272	0.7819884419441223
0.128	0.13002486526966095
0.1288	-0.4149119555950165
0.1296	-0.8041144013404846
0.13040000000000002	-1.0025736093521118
0.1312	-0.9907037615776062
0.132	-0.7702422142028809
0.1328	-0.36114925146102905
0.1336	0.20077891647815704
0.13440000000000002	0.8626599907875061
0.13520000000000001	1.5627249479293823
0.136	2.2383296489715576
0.1368	2.828230142593384
0.1376	3.2799439430236816
0.1384	3.555987596511841
0.13920000000000002	3.6313884258270264
0.14	3.4986977577209473
0.1408	3.1710140705108643
0.1416	2.674884796142578
0.1424	2.053130626678467
0.1432	1.3637958765029907
0.14400000000000002	0.6687616109848022
0.1448	0.030609169974923134
0.1456	-0.49157992005348206
0.1464	-0.8511353731155396
0.1472	-1.0153354406356812
0.14800000000000002	-0.9678192138671875
0.14880000000000002	-0.7139859795570374
0.1496	-0.27628329396247864
0.1504	0.3066803514957428
0.1512	0.9794103503227234
0.152	1.6798877716064453
0.15280000000000002	2.3455810546875
0.15360000000000001	2.9157958030700684
0.1544	3.340562343597412
0.1552	3.5844838619232178
0.156	3.624913454055786
0.1568	3.458263635635376
0.15760000000000002	3.1001954078674316
0.1584	2.5794312953948975
0.1592	1.9420661926269531
0.16	1.247506856918335
0.1608	0.5576345920562744
0.16160000000000002	-0.06526937335729599
0.16240000000000002	-0.5633358955383301
0.1632	-0.8920069336891174
0.164	-1.021347999572754
0.1648	-0.9384227991104126
0.1656	-0.651817798614502
0.16640000000000002	-0.18663029372692108
0.16720000000000002	0.415131539106369
0.168	1.0964607000350952
0.1688	1.7956757545471191
0.1696	2.449970006942749
0.1704	2.9992992877960205
0.17120000000000002	3.3960061073303223
0.17200000000000001	3.607131004333496
0.1728	3.6126890182495117
0.1736	3.4125425815582275
0.1744	3.0249149799346924
0.1752	2.481178045272827
0.17600000000000002	1.8297892808914185
0.1768	1.1312428712844849
0.1776	0.4478699564933777
0.1784	-0.15797322988510132
0.1792	-0.6301548480987549
0.18000000000000002	-0.9272415637969971
0.18080000000000002	-1.0217111110687256
0.1816	-0.9038269519805908
0.1824	-0.5853375792503357
0.1832	-0.09441503882408142
0.184	0.5245576500892639
0.18480000000000002	1.2130736112594604
0.18560000000000001	1.9090639352798462
0.1864	2.5499346256256104
0.1872	3.0765035152435303
0.188	3.4439382553100586
0.1888	3.621666431427002
0.18960000000000002	3.592352867126465
0.1904	3.359222173690796
0.1912	2.9430973529815674
0.192	2.377837657928467
0.1928	1.7142376899719238
0.19360000000000002	1.0135040283203125
0.19440000000000002	0.33823031187057495
0.1952	-0.2488897740840912
0.196	-0.6940740942955017
0.1968	-0.9588140845298767
0.1976	-1.0178622007369995
0.19840000000000002	-0.8652064204216003
0.19920000000000002	-0.5156451463699341
