0	0
0.0008	0.537786602973938
0.0016	1.1795631647109985
0.0024000000000000002	1.8654855489730835
0.0032	2.5342719554901123
0.004	3.1247661113739014
0.0048000000000000004	3.584660291671753
0.0056	3.8755459785461426
0.0064	3.971200942993164
0.007200000000000001	3.862276554107666
0.008	3.55963397026062
0.0088	3.088308334350586
0.009600000000000001	2.4887704849243164
0.010400000000000001	1.8163776397705078
0.0112	1.1316734552383423
0.012	0.49636438488960266
0.0128	-0.03164302185177803
0.013600000000000001	-0.404541015625
0.014400000000000001	-0.587708055973053
0.0152	-0.563370943069458
0.016	-0.33426663279533386
0.016800000000000002	0.07933203876018524
0.0176	0.6409538388252258
0.0184	1.297216534614563
0.019200000000000002	1.987538456916809
0.02	2.650200605392456
0.020800000000000003	3.224621057510376
0.0216	3.6601176261901855
0.0224	3.9205939769744873
0.023200000000000002	3.9823522567749023
0.024	3.8392937183380127
0.024800000000000003	3.505204200744629
0.0256	3.007556438446045
0.0264	2.3897454738616943
0.027200000000000002	1.7085283994674683
0.028	1.0246866941452026
0.028800000000000003	0.400676429271698
0.0296	-0.10543317347764969
0.0304	-0.44863414764404297
0.031200000000000002	-0.5979171395301819
0.032	-0.5386459231376648
0.0328	-0.2768823802471161
0.033600000000000005	0.16412611305713654
0.0344	0.7452835440635681
0.0352	1.4114452600479126
0.036000000000000004	2.1014297008514404
0.0368	2.7536427974700928
0.0376	3.3080904483795166
0.038400000000000004	3.7165520191192627
0.0392	3.9453437328338623
0.04	3.9729182720184326
0.0408	3.7966129779815674
0.041600000000000005	3.4331014156341553
0.0424	2.91200590133667
0.0432	2.279446601867676
0.044000000000000004	1.5936299562454224
0.0448	0.9154126048088074
0.0456	0.3076007068157196
0.046400000000000004	-0.17359888553619385
0.0472	-0.48616543412208557
0.048	-0.6011768579483032
0.0488	-0.5072091221809387
0.049600000000000005	-0.21374869346618652
0.0504	0.2534947395324707
0.0512	0.8526504039764404
0.052000000000000005	1.5269739627838135
0.0528	2.214958667755127
0.0536	2.8544728755950928
0.054400000000000004	3.387272357940674
0.055200000000000006	3.767874240875244
0.056	3.9641194343566895
0.0568	3.9571971893310547
0.057600000000000005	3.74823260307312
0.0584	3.356074094772339
0.0592	2.812793254852295
0.060000000000000005	2.167135238647461
0.0608	1.478218913078308
0.0616	0.8075883388519287
0.062400000000000004	0.21748720109462738
0.0632	-0.2380399852991104
0.064	-0.5191847085952759
0.0648	-0.5995370745658875
0.0656	-0.47116029262542725
0.0664	-0.1464279294013977
0.06720000000000001	0.34633803367614746
0.068	0.9624046087265015
0.0688	1.643627405166626
0.06960000000000001	2.3276500701904297
0.0704	2.952690601348877
0.0712	3.4626049995422363
0.07200000000000001	3.814309597015381
0.0728	3.9775454998016357
0.0736	3.9362142086029053
0.07440000000000001	3.6949779987335205
0.0752	3.274934768676758
0.076	2.710655927658081
0.07680000000000001	2.053199052810669
0.0776	1.3629704713821411
0.0784	0.7017264366149902
0.0792	0.1305733621120453
0.08	-0.29836899042129517
0.08080000000000001	-0.5474294424057007
0.0816	-0.5927728414535522
0.0824	-0.43019944429397583
0.08320000000000001	-0.07492006570100784
0.084	0.442281037569046
0.0848	1.0737335681915283
0.08560000000000001	1.7597309350967407
0.0864	2.4380290508270264
0.0872	3.0473837852478027
0.08800000000000001	3.5334253311157227
0.0888	3.8555080890655518
0.0896	3.9852097034454346
0.09040000000000001	3.9095942974090576
0.0912	3.6366987228393555
0.092	3.1897456645965576
0.09280000000000001	2.605844020843506
0.0936	1.9385629892349243
0.0944	1.2488343715667725
0.0952	0.5983142256736755
0.096	0.04733414947986603
0.09680000000000001	-0.35409846901893616
0.0976	-0.570449709892273
0.0984	-0.5807715654373169
0.09920000000000001	-0.38447654247283936
0.1	0.0005624140030704439
0.1008	0.5410487651824951
0.10160000000000001	1.1859625577926636
0.1024	1.8749595880508423
0.1032	2.5462958812713623
0.10400000000000001	3.138789653778076
0.1048	3.600083827972412
0.1056	3.891631841659546
0.10640000000000001	3.987262010574341
0.1072	3.877624988555908
0.108	3.5736451148986816
0.10880000000000001	3.100482225418091
0.1096	2.4986822605133057
0.11040000000000001	1.8235770463943481
0.11120000000000001	1.1359730958938599
0.112	0.49803924560546875
0.11280000000000001	-0.031230522319674492
0.1136	-0.4040035307407379
0.1144	-0.5868456363677979
0.11520000000000001	-0.5621709823608398
0.116	-0.3327542245388031
0.1168	0.0810944065451622
0.11760000000000001	0.6429786682128906
0.1184	1.2994039058685303
0.1192	1.9896633625030518
0.12000000000000001	2.652125358581543
0.1208	3.226346015930176
0.1216	3.6616051197052
0.12240000000000001	3.9217562675476074
0.1232	3.983152151107788
0.124	3.839693784713745
0.12480000000000001	3.5052919387817383
0.12560000000000002	3.0074188709259033
0.1264	2.389420509338379
0.1272	1.708116054534912
0.128	1.0243492126464844
0.1288	0.40047648549079895
0.1296	-0.10542063415050507
0.13040000000000002	-0.4482841491699219
0.1312	-0.5972046256065369
0.132	-0.5375835299491882
0.1328	-0.2753949761390686
0.1336	0.16602596640586853
0.13440000000000002	0.7474208474159241
0.13520000000000001	1.4136451482772827
0.136	2.103492021560669
0.1368	2.7555551528930664
0.1376	3.309952735900879
0.1384	3.7181894779205322
0.13920000000000002	3.946531295776367
0.14	3.9736430644989014
0.1408	3.796912908554077
0.1416	3.4329640865325928
0.1424	2.9115309715270996
0.1432	2.2787716388702393
0.14400000000000002	1.5929300785064697
0.1448	0.9147877097129822
0.1456	0.3070757985115051
0.1464	-0.1738988161087036
0.1472	-0.48609042167663574
0.14800000000000002	-0.6006393432617188
0.14880000000000002	-0.5062717199325562
0.1496	-0.21239878237247467
0.1504	0.25515711307525635
0.1512	0.8544628024101257
0.152	1.5287737846374512
0.15280000000000002	2.216658353805542
0.15360000000000001	2.8560478687286377
0.1544	3.3885598182678223
0.1552	3.768799304962158
0.156	3.9646944999694824
0.1568	3.9573845863342285
0.15760000000000002	3.7480077743530273
0.1584	3.3555243015289307
0.1592	2.812018394470215
0.16	2.1663103103637695
0.1608	1.4773815870285034
0.16160000000000002	0.8068134784698486
0.16240000000000002	0.21694979071617126
0.1632	-0.2383149266242981
0.164	-0.5191596746444702
0.1648	-0.5991246104240417
0.1656	-0.47036033868789673
0.16640000000000002	-0.14534048736095428
0.16720000000000002	0.34760043025016785
0.168	0.9636294841766357
0.1688	1.6447148323059082
0.1696	2.3286499977111816
0.1704	2.9534780979156494
0.17120000000000002	3.4630298614501953
0.17200000000000001	3.8143222332000732
0.1728	3.9771456718444824
0.1736	3.935439348220825
0.1744	3.693840742111206
0.1752	3.273509979248047
0.17600000000000002	2.7091312408447266
0.1768	2.0516743659973145
0.1776	1.3614705801010132
0.1784	0.7003890872001648
0.1792	0.12952350080013275
0.18000000000000002	-0.2990438938140869
0.18080000000000002	-0.5477418899536133
0.1816	-0.5927977561950684
0.1824	-0.4299369156360626
0.1832	-0.07442007958889008
0.184	0.4428560137748718
0.18480000000000002	1.074358582496643
0.18560000000000001	1.760430932044983
0.1864	2.438704013824463
0.1872	3.04793381690979
0.188	3.533712863922119
0.1888	3.855470657348633
0.18960000000000002	3.9848222732543945
0.1904	3.9088943004608154
0.1912	3.6357614994049072
0.192	3.1886208057403564
0.1928	2.60465669631958
0.19360000000000002	1.9374006986618042
0.19440000000000002	1.247759461402893
0.1952	0.5975018739700317
0.196	0.04687172919511795
0.1968	-0.3542984127998352
0.1976	-0.5703246593475342
0.19840000000000002	-0.5803591012954712
0.19920000000000002	-0.38390156626701355
