0	-504.0572548448108
0.0008	933.6061218393734
0.0016	2121.241076543636
0.0024000000000000002	3246.368921179266
0.0032	3871.4399429620826
0.004	4308.98965693143
0.0048000000000000004	4434.0038607294555
0.0056	4058.961249077809
0.0064	3371.3831257079146
0.007200000000000001	2433.77658964321
0.008	1058.6203279654728
0.0088	-66.50753029069165
0.009600000000000001	-1566.6780189141864
0.010400000000000001	-2754.31299797853
0.0112	-3629.412461287575
0.012	-4191.976404254616
0.0128	-4316.990614044305
0.013600000000000001	-4567.019033887191
0.014400000000000001	-3691.919565973978
0.0152	-2879.3272067600046
0.016	-1566.6780189141864
0.016800000000000002	-316.5359441912151
0.0176	1121.1274309960427
0.0184	2496.283692198398
0.019200000000000002	3246.368921179266
0.02	3808.932840880647
0.020800000000000003	4308.98965693143
0.0216	4371.496758841211
0.0224	3808.932840880647
0.023200000000000002	3183.861818882753
0.024	2183.748179206741
0.024800000000000003	1121.1274309960427
0.0256	-566.5643584394711
0.0264	-1566.6780189141864
0.027200000000000002	-3066.848520096275
0.028	-3754.4266706822673
0.028800000000000003	-4316.990614044305
0.0296	-4567.019033887191
0.0304	-4442.00482392183
0.031200000000000002	-3629.412461287575
0.032	-2691.8058936205925
0.0328	-1441.6638110498898
0.033600000000000005	-66.50753029069165
0.0344	1183.634534004901
0.0352	2746.312102203432
0.036000000000000004	3558.9044323395938
0.0368	3871.4399429620826
0.0376	4371.496758841211
0.038400000000000004	4371.496758841211
0.0392	3871.4399429620826
0.04	2933.833409480925
0.0408	1871.2126656755572
0.041600000000000005	621.0706061450182
0.0424	-691.5785656941007
0.0432	-2004.2277471260168
0.044000000000000004	-2941.834311183542
0.0448	-3816.9337754124426
0.0456	-4567.019033887191
0.046400000000000004	-4379.497718972096
0.0472	-4129.4692993927165
0.048	-3441.891147359973
0.0488	-2566.791684970376
0.049600000000000005	-1129.128291770583
0.0504	371.0421931994497
0.0512	1496.1700487250346
0.052000000000000005	2621.297897244047
0.0528	3621.4115345071186
0.0536	4121.468351073447
0.054400000000000004	4434.0038607294555
0.055200000000000006	4058.961249077809
0.056	3683.9186366530485
0.0568	2871.3263070766116
0.057600000000000005	1746.1984601118602
0.0584	621.0706061450182
0.0592	-941.6069804643048
0.060000000000000005	-2191.749059544236
0.0608	-3254.36983362952
0.0616	-4129.4692993927165
0.062400000000000004	-4379.497718972096
0.0632	-4442.00482392183
0.064	-4066.9621945527615
0.0648	-3379.3840427612886
0.0656	-1941.7206430303631
0.0664	-941.6069804643048
0.06720000000000001	496.05639971554046
0.068	1808.7055629045353
0.0688	2871.3263070766116
0.06960000000000001	3933.9470450222143
0.0704	4058.961249077809
0.0712	4434.0038607294555
0.07200000000000001	4058.961249077809
0.0728	3683.9186366530485
0.0736	2683.804999734508
0.07440000000000001	1621.1842544616084
0.0752	246.02798659645487
0.076	-1004.1140842112945
0.07680000000000001	-2379.2703721590224
0.0776	-3504.398251980543
0.0784	-3941.9479849386844
0.0792	-4567.019033887191
0.08	-4379.497718972096
0.08080000000000001	-3879.4408801646787
0.0816	-3254.36983362952
0.0824	-2066.7348512435565
0.08320000000000001	-566.5643584394711
0.084	621.0706061450182
0.0848	1808.7055629045353
0.08560000000000001	3058.847614224942
0.0864	3871.4399429620826
0.0872	4308.98965693143
0.08800000000000001	4308.98965693143
0.0888	3933.9470450222143
0.0896	3621.4115345071186
0.09040000000000001	2621.297897244047
0.0912	1308.6487399579491
0.092	58.50667652924312
0.09280000000000001	-1316.64960327273
0.0936	-2441.7774764075293
0.0944	-3504.398251980543
0.0952	-4379.497718972096
0.096	-4504.511928893451
0.09680000000000001	-4316.990614044305
0.0976	-3879.4408801646787
0.0984	-3004.3414156289073
0.09920000000000001	-1816.7064349043067
0.1	-441.5501512719784
0.1008	996.1132249132497
0.10160000000000001	2121.241076543636
0.1024	3183.861818882753
0.1032	3933.9470450222143
0.10400000000000001	4308.98965693143
0.1048	4434.0038607294555
0.1056	3933.9470450222143
0.10640000000000001	3371.3831257079146
0.1072	2308.7623844681657
0.108	1183.634534004901
0.10880000000000001	-191.52173719747225
0.1096	-1629.1851228789892
0.11040000000000001	-2691.8058936205925
0.11120000000000001	-3816.9337754124426
0.112	-4191.976404254616
0.11280000000000001	-4567.019033887191
0.1136	-4379.497718972096
0.1144	-3754.4266706822673
0.11520000000000001	-2879.3272067600046
0.116	-1566.6780189141864
0.1168	-254.02884068345884
0.11760000000000001	1121.1274309960427
0.1184	2433.77658964321
0.1192	3621.4115345071186
0.12000000000000001	4121.468351073447
0.1208	4308.98965693143
0.1216	4246.482555000286
0.12240000000000001	4183.9754530475475
0.1232	3246.368921179266
0.124	2246.255281848309
0.12480000000000001	933.6061218393734
0.12560000000000002	-566.5643584394711
0.1264	-1504.170914971095
0.1272	-2879.3272067600046
0.128	-3691.919565973978
0.1288	-4191.976404254616
0.1296	-4629.526138902875
0.13040000000000002	-4191.976404254616
0.1312	-3629.412461287575
0.132	-2629.2987892845995
0.1328	-1316.64960327273
0.1336	58.50667652924312
0.13440000000000002	1621.1842544616084
0.13520000000000001	2558.7907947319327
0.136	3558.9044323395938
0.1368	3808.932840880647
0.1376	4246.482555000286
0.1384	4308.98965693143
0.13920000000000002	3746.425738777558
0.14	3183.861818882753
0.1408	1933.719768424984
0.1416	683.5777093271608
0.1424	-504.0572548448108
0.1432	-2066.7348512435565
0.14400000000000002	-3066.848520096275
0.1448	-4004.455089734867
0.1456	-4567.019033887191
0.1464	-4504.511928893451
0.1472	-4066.9621945527615
0.14800000000000002	-3254.36983362952
0.14880000000000002	-2566.791684970376
0.1496	-1254.1424994170084
0.1504	183.52088326244848
0.1512	1496.1700487250346
0.152	2683.804999734508
0.15280000000000002	3683.9186366530485
0.15360000000000001	4058.961249077809
0.1544	4621.52516626555
0.1552	4121.468351073447
0.156	3683.9186366530485
0.1568	3183.861818882753
0.15760000000000002	1808.7055629045353
0.1584	621.0706061450182
0.1592	-941.6069804643048
0.16	-2191.749059544236
0.1608	-3316.876938184374
0.16160000000000002	-3879.4408801646787
0.16240000000000002	-4442.00482392183
0.1632	-4442.00482392183
0.164	-4066.9621945527615
0.1648	-3254.36983362952
0.1656	-2379.2703721590224
0.16640000000000002	-691.5785656941007
0.16720000000000002	433.5492964683799
0.168	1871.2126656755572
0.1688	2996.3405118636438
0.1696	3683.9186366530485
0.1704	4121.468351073447
0.17120000000000002	4308.98965693143
0.17200000000000001	3996.454147060751
0.1728	3371.3831257079146
0.1736	2683.804999734508
0.1744	1433.6629458242678
0.1752	246.02798659645487
0.17600000000000002	-1254.1424994170084
0.1768	-2504.2845806780388
0.1776	-3566.9053566230577
0.1784	-3816.9337754124426
0.1792	-4379.497718972096
0.18000000000000002	-4567.019033887191
0.18080000000000002	-3879.4408801646787
0.1816	-3191.8627290965524
0.1824	-2129.2419553830405
0.1832	-691.5785656941007
0.184	621.0706061450182
0.18480000000000002	1996.226871152874
0.18560000000000001	3121.354716564587
0.1864	3746.425738777558
0.1872	4183.9754530475475
0.188	4371.496758841211
0.1888	4058.961249077809
0.18960000000000002	3371.3831257079146
0.1904	2558.7907947319327
0.1912	1496.1700487250346
0.192	-4.00042686983943
0.1928	-1316.64960327273
0.19360000000000002	-2566.791684970376
0.19440000000000002	-3504.398251980543
0.1952	-4254.483509138459
0.196	-4567.019033887191
0.1968	-4316.990614044305
0.1976	-3879.4408801646787
0.19840000000000002	-3066.848520096275
0.19920000000000002	-2004.2277471260168
