0	0
0.0008	0.47576385736465454
0.0016	1.0016103982925415
0.0024000000000000002	1.529181718826294
0.0032	2.010420083999634
0.004	2.4026546478271484
0.0048000000000000004	2.6712262630462646
0.0056	2.792787551879883
0.0064	2.7566394805908203
0.007200000000000001	2.566044330596924
0.008	2.2377755641937256
0.0088	1.8002804517745972
0.009600000000000001	1.2925548553466797
0.010400000000000001	0.76073157787323
0.0112	0.2527684271335602
0.012	-0.18502674996852875
0.0128	-0.5127580165863037
0.013600000000000001	-0.7019906640052795
0.014400000000000001	-0.7342765927314758
0.0152	-0.6055411100387573
0.016	-0.32850775122642517
0.016800000000000002	0.07206343859434128
0.0176	0.5594886541366577
0.0184	1.0888597965240479
0.019200000000000002	1.611694097518921
0.02	2.080946207046509
0.020800000000000003	2.4548823833465576
0.0216	2.70025634765625
0.0224	2.7958827018737793
0.023200000000000002	2.7332746982574463
0.024	2.5181448459625244
0.024800000000000003	2.1691532135009766
0.0256	1.7168344259262085
0.0264	1.2018969058990479
0.027200000000000002	0.6707361936569214
0.028	0.17163464426994324
0.028800000000000003	-0.25016215443611145
0.0296	-0.5562830567359924
0.0304	-0.7186059355735779
0.031200000000000002	-0.7226071953773499
0.032	-0.5678992867469788
0.0328	-0.26803070306777954
0.033600000000000005	0.14996379613876343
0.0344	0.6475505232810974
0.0352	1.1790715456008911
0.036000000000000004	1.6960939168930054
0.0368	2.1523971557617188
0.0376	2.507160186767578
0.038400000000000004	2.728736639022827
0.0392	2.798327922821045
0.04	2.709660291671753
0.0408	2.470644950866699
0.041600000000000005	2.1019179821014404
0.0424	1.636038064956665
0.0432	1.114951252937317
0.044000000000000004	0.5856152772903442
0.0448	0.09650025516748428
0.0456	-0.308235764503479
0.046400000000000004	-0.5918089747428894
0.0472	-0.7283094525337219
0.048	-0.7055758237838745
0.0488	-0.5253204703330994
0.049600000000000005	-0.20354153215885162
0.0504	0.230463907122612
0.0512	0.7367997765541077
0.052000000000000005	1.269120693206787
0.0528	1.779168725013733
0.0536	2.221160888671875
0.054400000000000004	2.5553510189056396
0.055200000000000006	2.7524173259735107
0.056	2.7956738471984863
0.0568	2.680896282196045
0.057600000000000005	2.418395757675171
0.0584	2.03104567527771
0.0592	1.5528295040130615
0.060000000000000005	1.0271180868148804
0.0608	0.5010818243026733
0.0616	0.022778214886784554
0.062400000000000004	-0.3640846014022827
0.0632	-0.6244851350784302
0.064	-0.7348757386207581
0.0648	-0.6853198409080505
0.0656	-0.4797669053077698
0.0664	-0.1367775797843933
0.06720000000000001	0.31240135431289673
0.068	0.8264490365982056
0.0688	1.3585948944091797
0.06960000000000001	1.860493779182434
0.0704	2.286674976348877
0.0712	2.5993921756744385
0.07200000000000001	2.771535873413086
0.0728	2.7882325649261475
0.0736	2.6476449966430664
0.07440000000000001	2.362459421157837
0.0752	1.9574735164642334
0.076	1.46812105178833
0.07680000000000001	0.9385476112365723
0.0776	0.41671085357666016
0.0784	-0.049318987876176834
0.0792	-0.4172337055206299
0.08	-0.6538991332054138
0.08080000000000001	-0.7378798723220825
0.0816	-0.6614641547203064
0.0824	-0.43126368522644043
0.08320000000000001	-0.06801383197307587
0.084	0.39507627487182617
0.0848	0.915685772895813
0.08560000000000001	1.4463692903518677
0.0864	1.938456654548645
0.0872	2.347951889038086
0.08800000000000001	2.6387338638305664
0.0888	2.7855801582336426
0.0896	2.7757294178009033
0.09040000000000001	2.6097943782806396
0.0912	2.30263614654541
0.092	1.8809642791748047
0.09280000000000001	1.3817877769470215
0.0936	0.8502770066261292
0.0944	0.33472713828086853
0.0952	-0.11771655827760696
0.096	-0.4659082591533661
0.09680000000000001	-0.6783760786056519
0.0976	-0.7358095049858093
0.0984	-0.6328964233398438
0.09920000000000001	-0.3787733316421509
0.1	0.0037621287629008293
0.1008	0.47972598671913147
0.10160000000000001	1.0056350231170654
0.1024	1.5331437587738037
0.1032	2.0142571926116943
0.10400000000000001	2.4062917232513428
0.1048	2.674550771713257
0.1056	2.795849561691284
0.10640000000000001	2.7594516277313232
0.1072	2.568631649017334
0.108	2.2402379512786865
0.10880000000000001	1.8027302026748657
0.1096	1.2949670553207397
0.11040000000000001	0.7630813121795654
0.11120000000000001	0.2552182078361511
0.112	-0.18237701058387756
0.11280000000000001	-0.5098457932472229
0.1136	-0.6995534300804138
0.1144	-0.7323392629623413
0.11520000000000001	-0.6033037900924683
0.116	-0.3259955048561096
0.1168	0.07467567920684814
0.11760000000000001	0.5622633695602417
0.1184	1.0918095111846924
0.1192	1.614568829536438
0.12000000000000001	2.0836334228515625
0.1208	2.4572947025299072
0.1216	2.702406167984009
0.12240000000000001	2.797807455062866
0.1232	2.734987258911133
0.124	2.519706964492798
0.12480000000000001	2.170640468597412
0.12560000000000002	1.7181967496871948
0.1264	1.2031843662261963
0.1272	0.6720860600471497
0.128	0.17309699952602386
0.1288	-0.24846231937408447
0.1296	-0.5543457865715027
0.13040000000000002	-0.7172061204910278
0.1312	-0.7217572927474976
0.132	-0.5668368935585022
0.1328	-0.26683080196380615
0.1336	0.1512511670589447
0.13440000000000002	0.6489254236221313
0.13520000000000001	1.1803714036941528
0.136	1.6973062753677368
0.1368	2.153409481048584
0.1376	2.5078728199005127
0.1384	2.729161500930786
0.13920000000000002	2.7984280586242676
0.14	2.70947265625
0.1408	2.4702200889587402
0.1416	2.1012930870056152
0.1424	1.6352256536483765
0.1432	1.114051342010498
0.14400000000000002	0.5846653580665588
0.1448	0.09556285291910172
0.1456	-0.309060662984848
0.1464	-0.5923839211463928
0.1472	-0.7284719347953796
0.14800000000000002	-0.7054383754730225
0.14880000000000002	-0.5249955058097839
0.1496	-0.20294158160686493
0.1504	0.2312888205051422
0.1512	0.7376247048377991
0.152	1.269883155822754
0.15280000000000002	1.779768705368042
0.15360000000000001	2.2215359210968018
0.1544	2.5555386543273926
0.1552	2.752279758453369
0.156	2.7951862812042236
0.1568	2.680171251296997
0.15760000000000002	2.4174458980560303
0.1584	2.0298831462860107
0.1592	1.5515421628952026
0.16	1.0255182981491089
0.1608	0.4993320107460022
0.16160000000000002	0.02119087614119053
0.16240000000000002	-0.3654719591140747
0.1632	-0.6256099939346313
0.164	-0.735788106918335
0.1648	-0.6859572529792786
0.1656	-0.4801168739795685
0.16640000000000002	-0.1369025707244873
0.16720000000000002	0.3119764029979706
0.168	0.8255990743637085
0.1688	1.3575825691223145
0.1696	1.859293818473816
0.1704	2.2853126525878906
0.17120000000000002	2.597792387008667
0.17200000000000001	2.7695860862731934
0.1728	2.785945415496826
0.1736	2.6450579166412354
0.1744	2.3595223426818848
0.1752	1.954236388206482
0.17600000000000002	1.4646838903427124
0.1768	0.9351479411125183
0.1776	0.4133487045764923
0.1784	-0.052668653428554535
0.1792	-0.4203958809375763
0.18000000000000002	-0.6568863391876221
0.18080000000000002	-0.7406420707702637
0.1816	-0.6639388799667358
0.1824	-0.4335009455680847
0.1832	-0.070076122879982
0.184	0.3924015462398529
0.18480000000000002	0.912273645401001
0.18560000000000001	1.4429696798324585
0.1864	1.9350194931030273
0.1872	2.344302177429199
0.188	2.6348843574523926
0.1888	2.781405448913574
0.18960000000000002	2.7711923122406006
0.1904	2.6050074100494385
0.1912	2.2976365089416504
0.192	1.8757272958755493
0.1928	1.3765382766723633
0.19360000000000002	0.8452025055885315
0.19440000000000002	0.3297276496887207
0.1952	-0.12259107828140259
0.196	-0.47060778737068176
0.1968	-0.6828506588935852
0.1976	-0.740009069442749
0.19840000000000002	-0.6368335485458374
0.19920000000000002	-0.382472962141037
