0	0
0.0008	0.4278760254383087
0.0016	0.9388439655303955
0.0024000000000000002	1.4858208894729614
0.0032	2.0183868408203125
0.004	2.4889960289001465
0.0048000000000000004	2.856053113937378
0.0056	3.0870108604431152
0.0064	3.1617841720581055
0.007200000000000001	3.0737240314483643
0.008	2.8307292461395264
0.0088	2.4535603523254395
0.009600000000000001	1.9752641916275024
0.010400000000000001	1.4396363496780396
0.0112	0.8946219682693481
0.012	0.3898784816265106
0.0128	-0.028823647648096085
0.013600000000000001	-0.32385072112083435
0.014400000000000001	-0.46785545349121094
0.0152	-0.44772660732269287
0.016	-0.2651139795780182
0.016800000000000002	0.06367175281047821
0.0176	0.5086711049079895
0.0184	1.0290006399154663
0.019200000000000002	1.5770775079727173
0.02	2.1026065349578857
0.020800000000000003	2.5585923194885254
0.0216	2.9048638343811035
0.0224	3.1107866764068604
0.023200000000000002	3.158400297164917
0.024	3.043455123901367
0.024800000000000003	2.776200294494629
0.0256	2.379520893096924
0.0264	1.8886134624481201
0.027200000000000002	1.3482611179351807
0.028	0.8066588044166565
0.028800000000000003	0.31322672963142395
0.0296	-0.08718973398208618
0.0304	-0.3584691882133484
0.031200000000000002	-0.4755891263484955
0.032	-0.4278380572795868
0.0328	-0.2193029671907425
0.033600000000000005	0.13136810064315796
0.0344	0.5920159220695496
0.0352	1.1202821731567383
0.036000000000000004	1.6680591106414795
0.0368	2.1853389739990234
0.0376	2.625751256942749
0.038400000000000004	2.950399875640869
0.0392	3.1309375762939453
0.04	3.1515164375305176
0.0408	3.0100488662719727
0.041600000000000005	2.7193589210510254
0.0424	2.3048315048217773
0.0432	1.8027876615524292
0.044000000000000004	1.2589106559753418
0.0448	0.722170352935791
0.0456	0.2413245141506195
0.046400000000000004	-0.13966891169548035
0.0472	-0.38640081882476807
0.048	-0.47631099820137024
0.0488	-0.40103766322135925
0.049600000000000005	-0.16725507378578186
0.0504	0.20395147800445557
0.0512	0.6787604093551636
0.052000000000000005	1.213463544845581
0.0528	1.759403109550476
0.0536	2.2669713497161865
0.054400000000000004	2.690460205078125
0.055200000000000006	2.992598533630371
0.056	3.1472015380859375
0.0568	3.140495538711548
0.057600000000000005	2.9728057384490967
0.0584	2.6594181060791016
0.0592	2.2277047634124756
0.060000000000000005	1.7157994508743286
0.0608	1.1697351932525635
0.0616	0.6387943029403687
0.062400000000000004	0.17175954580307007
0.0632	-0.18899840116500854
0.064	-0.4108453094959259
0.0648	-0.4734332263469696
0.0656	-0.37083762884140015
0.0664	-0.11234497278928757
0.06720000000000001	0.27860966324806213
0.068	0.7665297985076904
0.0688	1.3065448999404907
0.06960000000000001	1.849434733390808
0.0704	2.3458917140960693
0.0712	2.751432418823242
0.07200000000000001	3.0303854942321777
0.0728	3.158466100692749
0.0736	3.1242878437042236
0.07440000000000001	2.930800437927246
0.0752	2.5953025817871094
0.076	2.1471033096313477
0.07680000000000001	1.6259740591049194
0.0776	1.0785473585128784
0.0784	0.5548807978630066
0.0792	0.102882020175457
0.08	-0.2367655485868454
0.08080000000000001	-0.43305253982543945
0.0816	-0.46808069944381714
0.0824	-0.33842527866363525
0.08320000000000001	-0.055810026824474335
0.084	0.354055255651474
0.0848	0.8540492653846741
0.08560000000000001	1.3982889652252197
0.0864	1.93666672706604
0.0872	2.4207372665405273
0.08800000000000001	2.8073673248291016
0.0888	3.062385320663452
0.0896	3.1637935638427734
0.09040000000000001	3.1023929119110107
0.0912	2.8836207389831543
0.092	2.5266873836517334
0.09280000000000001	2.0627524852752686
0.0936	1.533423900604248
0.0944	0.9862596988677979
0.0952	0.4713297486305237
0.096	0.035416845232248306
0.09680000000000001	-0.2823079228401184
0.0976	-0.45271000266075134
0.0984	-0.4601534307003021
0.09920000000000001	-0.30370068550109863
0.1	0.0024622550699859858
0.1008	0.430425763130188
0.10160000000000001	0.9414687156677246
0.1024	1.4885081052780151
0.1032	2.020986557006836
0.10400000000000001	2.4914584159851074
0.1048	2.858252763748169
0.1056	3.0888607501983643
0.10640000000000001	3.163309097290039
0.1072	3.0748863220214844
0.108	2.8315541744232178
0.10880000000000001	2.4541351795196533
0.1096	1.9752142429351807
0.11040000000000001	1.4390614032745361
0.11120000000000001	0.8940345048904419
0.112	0.3893410265445709
0.11280000000000001	-0.029148615896701813
0.1136	-0.3239257037639618
0.1144	-0.46773046255111694
0.11520000000000001	-0.4473641514778137
0.116	-0.2645515203475952
0.1168	0.06435918062925339
0.11760000000000001	0.5094960331916809
0.1184	1.0299255847930908
0.1192	1.5779523849487305
0.12000000000000001	2.1033313274383545
0.1208	2.5590298175811768
0.1216	2.904963731765747
0.12240000000000001	3.1105616092681885
0.1232	3.1578752994537354
0.124	3.042680025100708
0.12480000000000001	2.7752127647399902
0.12560000000000002	2.3783833980560303
0.1264	1.8876510858535767
0.1272	1.3475861549377441
0.128	0.8060839176177979
0.1288	0.31278926134109497
0.1296	-0.0874771997332573
0.13040000000000002	-0.3585316836833954
0.1312	-0.4754016399383545
0.132	-0.42743808031082153
0.1328	-0.21875302493572235
0.1336	0.13203054666519165
0.13440000000000002	0.5927408337593079
0.13520000000000001	1.1209321022033691
0.136	1.668558955192566
0.1368	2.1856138706207275
0.1376	2.6258010864257812
0.1384	2.9501872062683105
0.13920000000000002	3.1303751468658447
0.14	3.150616407394409
0.1408	3.0088865756988525
0.1416	2.7178966999053955
0.1424	2.302931547164917
0.1432	1.8008753061294556
0.14400000000000002	1.2571732997894287
0.1448	0.7203830480575562
0.1456	0.23951219022274017
0.1464	-0.14144372940063477
0.1472	-0.38801315426826477
0.14800000000000002	-0.47776085138320923
0.14880000000000002	-0.40233752131462097
0.1496	-0.16829247772693634
0.1504	0.2031765580177307
0.1512	0.6780855059623718
0.152	1.2127761840820312
0.15280000000000002	1.7585781812667847
0.15360000000000001	2.2660088539123535
0.1544	2.689335346221924
0.1552	2.991198778152466
0.156	3.1454391479492188
0.1568	3.138383388519287
0.15760000000000002	2.970381021499634
0.1584	2.656655788421631
0.1592	2.2246925830841064
0.16	1.7126373052597046
0.1608	1.1665854454040527
0.16160000000000002	0.6357071399688721
0.16240000000000002	0.16870984435081482
0.1632	-0.19182312488555908
0.164	-0.41333258152008057
0.1648	-0.4756205081939697
0.1656	-0.372687429189682
0.16640000000000002	-0.11388231813907623
0.16720000000000002	0.2772972881793976
0.168	0.7653424143791199
0.1688	1.3053200244903564
0.1696	1.848159909248352
0.1704	2.344604253768921
0.17120000000000002	2.74995756149292
0.17200000000000001	3.0285980701446533
0.1728	3.1563661098480225
0.1736	3.1218628883361816
0.1744	2.928063154220581
0.1752	2.5922904014587402
0.17600000000000002	2.143916130065918
0.1768	1.6228243112564087
0.1776	1.0754601955413818
0.1784	0.5518810749053955
0.1792	0.10016978532075882
0.18000000000000002	-0.2391028255224228
0.18080000000000002	-0.43503984808921814
0.1816	-0.4697055518627167
0.1824	-0.33966267108917236
0.1832	-0.05672243610024452
0.184	0.35336780548095703
0.18480000000000002	0.8534618020057678
0.18560000000000001	1.3977890014648438
0.1864	1.9362168312072754
0.1872	2.4202373027801514
0.188	2.806767463684082
0.1888	3.0615978240966797
0.18960000000000002	3.16274356842041
0.1904	3.1010682582855225
0.1912	2.8820583820343018
0.192	2.5249626636505127
0.1928	2.0609400272369385
0.19360000000000002	1.5315990447998047
0.19440000000000002	0.9845348596572876
0.1952	0.4685175120830536
0.196	0.03154223412275314
0.1968	-0.2858825623989105
0.1976	-0.4558972120285034
0.19840000000000002	-0.4629531502723694
0.19920000000000002	-0.3061879277229309
