0	-1398.4088961587986
0.0008	39.25448902219068
0.0016	1414.4107597476104
0.0024000000000000002	2664.552814953786
0.0032	3352.130941638141
0.004	3977.2019636360346
0.0048000000000000004	4414.751677755674
0.0056	4289.7374738288345
0.0064	3789.6806572625064
0.007200000000000001	2977.088327406207
0.008	2039.481788430945
0.0088	726.832625696552
0.009600000000000001	-585.816546598624
0.010400000000000001	-2085.9870409718715
0.0112	-3148.607815428986
0.012	-3898.6930717973737
0.0128	-4398.749911131803
0.013600000000000001	-4398.749911131803
0.014400000000000001	-4148.721491288918
0.0152	-3461.143338532187
0.016	-2398.5225622149883
0.016800000000000002	-1023.3662728274358
0.0176	289.28290266211843
0.0184	1789.4533772169962
0.019200000000000002	2852.0741224898957
0.02	3539.6522484633024
0.020800000000000003	4227.230371833197
0.0216	4352.244575802935
0.0224	4227.230371833197
0.023200000000000002	3664.6664529058617
0.024	2727.0599174873205
0.024800000000000003	1789.4533772169962
0.0256	476.804212664254
0.0264	-1023.3662728274358
0.027200000000000002	-2085.9870409718715
0.028	-3336.1291292251553
0.028800000000000003	-4086.2143863830715
0.0296	-4586.271226244746
0.0304	-4523.764121185173
0.031200000000000002	-4211.228596216708
0.032	-3273.622024604585
0.0328	-2273.5083536521415
0.033600000000000005	-960.8591690151952
0.0344	476.804212664254
0.0352	1789.4533772169962
0.036000000000000004	2852.0741224898957
0.0368	3664.6664529058617
0.0376	4227.230371833197
0.038400000000000004	4477.258779686817
0.0392	4102.216167777602
0.04	3477.1451462097466
0.0408	2914.58122495882
0.041600000000000005	1539.4249656572938
0.0424	226.77579928463092
0.0432	-1023.3662728274358
0.044000000000000004	-2273.5083536521415
0.0448	-3523.65044321859
0.0456	-3836.1859669794794
0.046400000000000004	-4648.778331326379
0.0472	-4586.271226244746
0.048	-4086.2143863830715
0.0488	-3211.114920005901
0.049600000000000005	-1960.9728326276527
0.0504	-773.337857708917
0.0512	726.832625696552
0.052000000000000005	2039.481788430945
0.0528	3289.6238393199746
0.0536	3914.6948615329457
0.054400000000000004	4164.723269816139
0.055200000000000006	4352.244575802935
0.056	4102.216167777602
0.0568	3539.6522484633024
0.057600000000000005	2539.5386098219315
0.0584	1539.4249656572938
0.0592	101.76159246469615
0.060000000000000005	-1335.9017922157072
0.0608	-2523.5367708652047
0.0616	-3523.65044321859
0.062400000000000004	-4148.721491288918
0.0632	-4461.257016147487
0.064	-4523.764121185173
0.0648	-3898.6930717973737
0.0656	-2961.086501830083
0.0664	-1773.4515202749753
0.06720000000000001	-335.788132089423
0.068	851.8468320825486
0.0688	2101.988891180372
0.06960000000000001	3352.130941638141
0.0704	3852.1877594084362
0.0712	4477.258779686817
0.07200000000000001	4289.7374738288345
0.0728	3852.1877594084362
0.0736	3414.638043934654
0.07440000000000001	2414.524404603697
0.0752	1414.4107597476104
0.076	-460.8023393005715
0.07680000000000001	-1648.4373121489189
0.0776	-2711.058084004617
0.0784	-3836.1859669794794
0.0792	-4273.735701166443
0.08	-4648.778331326379
0.08080000000000001	-4273.735701166443
0.0816	-3711.171757409291
0.0824	-2711.058084004617
0.08320000000000001	-1523.4231041101739
0.084	39.25448902219068
0.0848	976.8610383820487
0.08560000000000001	2414.524404603697
0.0864	3289.6238393199746
0.0872	4227.230371833197
0.08800000000000001	4227.230371833197
0.0888	4289.7374738288345
0.0896	3977.2019636360346
0.09040000000000001	3039.5954298319994
0.0912	2289.510199299024
0.092	1039.3681414992898
0.09280000000000001	-398.2952356840833
0.0936	-1710.9444162010332
0.0944	-2898.579397340887
0.0952	-3648.664652657055
0.096	-4211.228596216708
0.09680000000000001	-4773.792541555595
0.0976	-4273.735701166443
0.0984	-3523.65044321859
0.09920000000000001	-2648.5509796029073
0.1	-1335.9017922157072
0.1008	39.25448902219068
0.10160000000000001	1226.8894507208606
0.1024	2602.045712398598
0.1032	3477.1451462097466
0.10400000000000001	4039.7090657174704
0.1048	4352.244575802935
0.1056	4289.7374738288345
0.10640000000000001	3727.1735550949816
0.1072	3227.1167369803297
0.108	2101.988891180372
0.10880000000000001	476.804212664254
0.1096	-710.8307539837551
0.11040000000000001	-2085.9870409718715
0.11120000000000001	-3273.622024604585
0.112	-3836.1859669794794
0.11280000000000001	-4336.242806138063
0.1136	-4523.764121185173
0.1144	-4211.228596216708
0.11520000000000001	-3461.143338532187
0.116	-2398.5225622149883
0.1168	-1085.8733766616206
0.11760000000000001	164.26869588554837
0.1184	1539.4249656572938
0.1192	2789.5670199994347
0.12000000000000001	3664.6664529058617
0.1208	4102.216167777602
0.1216	4352.244575802935
0.12240000000000001	4227.230371833197
0.1232	3664.6664529058617
0.124	3164.6096346190316
0.12480000000000001	1601.9320685796556
0.12560000000000002	351.7900060178363
0.1264	-1023.3662728274358
0.1272	-2085.9870409718715
0.128	-3211.114920005901
0.1288	-4023.707281499228
0.1296	-4461.257016147487
0.13040000000000002	-4586.271226244746
0.1312	-4148.721491288918
0.132	-3211.114920005901
0.1328	-2273.5083536521415
0.1336	-960.8591690151952
0.13440000000000002	414.29710935184266
0.13520000000000001	1851.9604800529196
0.136	2977.088327406207
0.1368	3602.1593506953213
0.1376	4164.723269816139
0.1384	4352.244575802935
0.13920000000000002	4227.230371833197
0.14	3477.1451462097466
0.1408	2727.0599174873205
0.1416	1726.946274359536
0.1424	476.804212664254
0.1432	-1023.3662728274358
0.14400000000000002	-2273.5083536521415
0.1448	-3398.63623386767
0.1456	-4148.721491288918
0.1464	-4586.271226244746
0.1472	-4523.764121185173
0.14800000000000002	-3898.6930717973737
0.14880000000000002	-3211.114920005901
0.1496	-2023.4799367888481
0.1504	-648.3236502803047
0.1512	664.3255224709283
0.152	2164.495993908262
0.15280000000000002	3289.6238393199746
0.15360000000000001	3789.6806572625064
0.1544	4352.244575802935
0.1552	4477.258779686817
0.156	4039.7090657174704
0.1568	3539.6522484633024
0.15760000000000002	2602.045712398598
0.1584	1351.9036567602889
0.1592	-210.773924965295
0.16	-1398.4088961587986
0.1608	-2586.043875223142
0.16160000000000002	-3523.65044321859
0.16240000000000002	-4086.2143863830715
0.1632	-4773.792541555595
0.164	-4336.242806138063
0.1648	-3898.6930717973737
0.1656	-3023.5936063411646
0.16640000000000002	-1960.9728326276527
0.16720000000000002	-523.3094429387129
0.168	976.8610383820487
0.1688	2352.017301962129
0.1696	3164.6096346190316
0.1704	3789.6806572625064
0.17120000000000002	4164.723269816139
0.17200000000000001	4602.272983484843
0.1728	3977.2019636360346
0.1736	3289.6238393199746
0.1744	2352.017301962129
0.1752	1226.8894507208606
0.17600000000000002	-148.2668214358273
0.1768	-1585.9302081186324
0.1776	-2773.565188428154
0.1784	-3836.1859669794794
0.1792	-4211.228596216708
0.18000000000000002	-4586.271226244746
0.18080000000000002	-4398.749911131803
0.1816	-3773.6788621832966
0.1824	-2961.086501830083
0.1832	-1398.4088961587986
0.184	-273.2810285165906
0.18480000000000002	1039.3681414992898
0.18560000000000001	2477.0315072235535
0.1864	3477.1451462097466
0.1872	3977.2019636360346
0.188	4352.244575802935
0.1888	4289.7374738288345
0.18960000000000002	3914.6948615329457
0.1904	3102.102532236313
0.1912	2227.0030966144404
0.192	914.3539352431544
0.1928	-648.3236502803047
0.19360000000000002	-1773.4515202749753
0.19440000000000002	-3023.5936063411646
0.1952	-3898.6930717973737
0.196	-4398.749911131803
0.1968	-4461.257016147487
0.1976	-4211.228596216708
0.19840000000000002	-3586.1575479268795
0.19920000000000002	-2773.565188428154
