0	-498.05657286947826
0.0008	814.5925976019935
0.0016	2064.734655834385
0.0024000000000000002	3252.3696031545987
0.0032	3877.440624937415
0.004	4440.004542704788
0.0048000000000000004	4252.483236975619
0.0056	4002.4548290360835
0.0064	3502.3980121258064
0.007200000000000001	2439.7772716185427
0.008	1189.6352159802336
0.0088	127.01446188206319
0.009600000000000001	-1623.1844409036567
0.010400000000000001	-2748.3123160031973
0.0112	-3435.8904653846403
0.012	-4060.961512577429
0.0128	-4561.018351911858
0.013600000000000001	-4498.511246918119
0.014400000000000001	-3685.9188839986455
0.0152	-2998.3407336535747
0.016	-1810.705752928974
0.016800000000000002	-123.01395175786456
0.0176	1127.1281129713752
0.0184	2189.7488611820736
0.019200000000000002	3314.8767054296914
0.02	3877.440624937415
0.020800000000000003	4502.511644571554
0.0216	4440.004542704788
0.0224	3877.440624937415
0.023200000000000002	3252.3696031545987
0.024	2314.7630664434982
0.024800000000000003	877.0997007192345
0.0256	-560.5636764641386
0.0264	-1685.6915448902291
0.027200000000000002	-3060.8478381209425
0.028	-3810.93309343711
0.028800000000000003	-4310.989932068973
0.0296	-4561.018351911858
0.0304	-4373.497036996763
0.031200000000000002	-3685.9188839986455
0.032	-2623.298107309267
0.0328	-1310.6489212973975
0.033600000000000005	-60.50684831535909
0.0344	1564.6778335794806
0.0352	2564.7914767072652
0.036000000000000004	3314.8767054296914
0.0368	3877.440624937415
0.0376	4314.990338906762
0.038400000000000004	4252.483236975619
0.0392	3877.440624937415
0.04	2814.819886626152
0.0408	2064.734655834385
0.041600000000000005	877.0997007192345
0.0424	-685.5778837187681
0.0432	-2060.734169268224
0.044000000000000004	-3060.8478381209425
0.0448	-3748.4259887069347
0.0456	-4373.497036996763
0.046400000000000004	-4498.511246918119
0.0472	-4248.482827163127
0.048	-3498.3975700052106
0.0488	-2560.7910029950435
0.049600000000000005	-1248.1418174416758
0.0504	377.04287517478224
0.0512	1439.6636277996004
0.052000000000000005	2877.326989051944
0.0528	3564.9051143149263
0.0536	4064.9619310531416
0.054400000000000004	4440.004542704788
0.055200000000000006	4252.483236975619
0.056	3752.4264207528904
0.0568	2939.8340914562577
0.057600000000000005	2002.2275531282066
0.0584	564.5641849164967
0.0592	-998.113402235962
0.060000000000000005	-2123.241273407708
0.0608	-3123.354942610138
0.0616	-4123.468617417384
0.062400000000000004	-4561.018351911858
0.0632	-4561.018351911858
0.064	-4060.961512577429
0.0648	-3373.383360785956
0.0656	-2373.26969018369
0.0664	-810.59209106036
0.06720000000000001	377.04287517478224
0.068	1627.184936436941
0.0688	2939.8340914562577
0.06960000000000001	3627.412216482451
0.0704	4189.97613502288
0.0712	4377.4974408165435
0.07200000000000001	4064.9619310531416
0.0728	3627.412216482451
0.0736	2752.3127841787646
0.07440000000000001	1689.6920392728643
0.0752	564.5641849164967
0.076	-935.6062984889722
0.07680000000000001	-2248.2554817519267
0.0776	-3310.8762562090415
0.0784	-4123.468617417384
0.0792	-4373.497036996763
0.08	-4373.497036996763
0.08080000000000001	-4060.961512577429
0.0816	-3310.8762562090415
0.0824	-2123.241273407708
0.08320000000000001	-623.0707800806267
0.084	877.0997007192345
0.0848	1877.2133476508898
0.08560000000000001	3127.3553985399194
0.0864	3814.9335228559794
0.0872	4189.97613502288
0.08800000000000001	4252.483236975619
0.0888	4002.4548290360835
0.0896	3377.383807683247
0.09040000000000001	2627.2985792193795
0.0912	1314.6494219332817
0.092	2.0002551054931246
0.09280000000000001	-1248.1418174416758
0.0936	-2435.7767944321968
0.0944	-3623.4117793122423
0.0952	-4123.468617417384
0.096	-4436.004141946498
0.09680000000000001	-4436.004141946498
0.0976	-3810.93309343711
0.0984	-2998.3407336535747
0.09920000000000001	-1748.1986488986877
0.1	-435.54946929664584
0.1008	814.5925976019935
0.10160000000000001	2064.734655834385
0.1024	3314.8767054296914
0.1032	4002.4548290360835
0.10400000000000001	4064.9619310531416
0.1048	4252.483236975619
0.1056	4002.4548290360835
0.10640000000000001	3564.9051143149263
0.1072	2502.2843741737306
0.108	1189.6352159802336
0.10880000000000001	-60.50684831535909
0.1096	-1560.6773369388538
0.11040000000000001	-2810.8194203829626
0.11120000000000001	-3623.4117793122423
0.112	-4310.989932068973
0.11280000000000001	-4623.525456927542
0.1136	-4185.975722279283
0.1144	-3748.4259887069347
0.11520000000000001	-3060.8478381209425
0.116	-1685.6915448902291
0.1168	-123.01395175786456
0.11760000000000001	1127.1281129713752
0.1184	2314.7630664434982
0.1192	3127.3553985399194
0.12000000000000001	3877.440624937415
0.1208	4377.4974408165435
0.1216	4314.990338906762
0.12240000000000001	3877.440624937415
0.1232	3127.3553985399194
0.124	2252.2559638236417
0.12480000000000001	939.6068038147059
0.12560000000000002	-373.04236574535025
0.1264	-1748.1986488986877
0.1272	-2873.326524784672
0.128	-3685.9188839986455
0.1288	-4436.004141946498
0.1296	-4686.0325619652285
0.13040000000000002	-4373.497036996763
0.1312	-3560.904674647725
0.132	-2498.283898702706
0.1328	-1498.1702329957625
0.1336	-60.50684831535909
0.13440000000000002	1377.1565248772386
0.13520000000000001	2502.2843741737306
0.136	3314.8767054296914
0.1368	4064.9619310531416
0.1376	4565.018746417016
0.1384	4127.469033048779
0.13920000000000002	3877.440624937415
0.14	3189.8625008580857
0.1408	2127.2417585189687
0.1416	627.0712881203508
0.1424	-560.5636764641386
0.1432	-1748.1986488986877
0.14400000000000002	-2998.3407336535747
0.1448	-3873.440198189346
0.1456	-4185.975722279283
0.1464	-4561.018351911858
0.1472	-4060.961512577429
0.14800000000000002	-3810.93309343711
0.14880000000000002	-2435.7767944321968
0.1496	-1123.1276097952505
0.1504	64.50735850457568
0.1512	1439.6636277996004
0.152	2814.819886626152
0.15280000000000002	3689.919318628381
0.15360000000000001	3939.947726997547
0.1544	4502.511644571554
0.1552	4064.9619310531416
0.156	3689.919318628381
0.1568	3064.8482962002745
0.15760000000000002	1939.7204504003166
0.1584	627.0712881203508
0.1592	-685.5778837187681
0.16	-2123.241273407708
0.1608	-3248.3691516541876
0.16160000000000002	-3873.440198189346
0.16240000000000002	-4436.004141946498
0.1632	-4623.525456927542
0.164	-4185.975722279283
0.1648	-3435.8904653846403
0.1656	-2373.26969018369
0.16640000000000002	-998.113402235962
0.16720000000000002	377.04287517478224
0.168	1752.1991420871927
0.1688	2814.819886626152
0.1696	3502.3980121258064
0.1704	4064.9619310531416
0.17120000000000002	4377.4974408165435
0.17200000000000001	4127.469033048779
0.1728	3627.412216482451
0.1736	2877.326989051944
0.1744	1627.184936436941
0.1752	252.02866857178742
0.17600000000000002	-998.113402235962
0.1768	-2373.26969018369
0.1776	-3310.8762562090415
0.1784	-4060.961512577429
0.1792	-4498.511246918119
0.18000000000000002	-4436.004141946498
0.18080000000000002	-3998.4544077595347
0.1816	-3248.3691516541876
0.1824	-1998.2270651506842
0.1832	-623.0707800806267
0.184	627.0712881203508
0.18480000000000002	2127.2417585189687
0.18560000000000001	3064.8482962002745
0.1864	3814.9335228559794
0.1872	4064.9619310531416
0.188	4440.004542704788
0.1888	4189.97613502288
0.18960000000000002	3439.890909915266
0.1904	2689.8056817098404
0.1912	1377.1565248772386
0.192	64.50735850457568
0.1928	-1248.1418174416758
0.19360000000000002	-2685.80521164526
0.19440000000000002	-3623.4117793122423
0.1952	-4123.468617417384
0.196	-4498.511246918119
0.1968	-4436.004141946498
0.1976	-3935.947302963352
0.19840000000000002	-2935.8336292082095
0.19920000000000002	-1935.7199610550306
