0	0
0.0008	0.41367846727371216
0.0016	0.870002806186676
0.0024000000000000002	1.328076958656311
0.0032	1.7464048862457275
0.004	2.087815523147583
0.0048000000000000004	2.3213865756988525
0.0056	2.426283121109009
0.0064	2.3937807083129883
0.007200000000000001	2.2265419960021973
0.008	1.93940269947052
0.0088	1.558185338973999
0.009600000000000001	1.1169490814208984
0.010400000000000001	0.6548523902893066
0.0112	0.21399110555648804
0.012	-0.16580134630203247
0.0128	-0.4502409100532532
0.013600000000000001	-0.612555205821991
0.014400000000000001	-0.6383707523345947
0.0152	-0.5253000855445862
0.016	-0.2829797863960266
0.016800000000000002	0.06615500897169113
0.0176	0.4896450340747833
0.0184	0.9494940042495728
0.019200000000000002	1.4040559530258179
0.02	1.8121224641799927
0.020800000000000003	2.137547016143799
0.0216	2.35074520111084
0.0224	2.432969093322754
0.023200000000000002	2.37744402885437
0.024	2.1887197494506836
0.024800000000000003	1.88393235206604
0.0256	1.4900662899017334
0.0264	1.042168140411377
0.027200000000000002	0.5805339217185974
0.028	0.1470343917608261
0.028800000000000003	-0.2189844399690628
0.0296	-0.4844008982181549
0.0304	-0.6245799660682678
0.031200000000000002	-0.627085268497467
0.032	-0.4913918972015381
0.0328	-0.22958600521087646
0.033600000000000005	0.1341223567724228
0.0344	0.566448986530304
0.0352	1.0285102128982544
0.036000000000000004	1.4780852794647217
0.0368	1.874302864074707
0.0376	2.1824042797088623
0.038400000000000004	2.374541997909546
0.0392	2.433805465698242
0.04	2.355257749557495
0.0408	2.145548105239868
0.041600000000000005	1.8235749006271362
0.0424	1.4181100130081177
0.0432	0.9650124907493591
0.044000000000000004	0.5048656463623047
0.0448	0.08006519079208374
0.0456	-0.2712051272392273
0.046400000000000004	-0.5171860456466675
0.0472	-0.6348923444747925
0.048	-0.6139375567436218
0.0488	-0.455971360206604
0.049600000000000005	-0.17520484328269958
0.0504	0.202389657497406
0.0512	0.642615556716919
0.052000000000000005	1.105851650238037
0.0528	1.5490522384643555
0.0536	1.9324086904525757
0.054400000000000004	2.2225868701934814
0.055200000000000006	2.393251657485962
0.056	2.429529905319214
0.0568	2.3282220363616943
0.057600000000000005	2.097989559173584
0.0584	1.7595429420471191
0.0592	1.3431916236877441
0.060000000000000005	0.8856320381164551
0.0608	0.4283723533153534
0.0616	0.013395952060818672
0.062400000000000004	-0.32252591848373413
0.0632	-0.5484838485717773
0.064	-0.6434174180030823
0.0648	-0.5991774201393127
0.0656	-0.4195259213447571
0.0664	-0.12049869447946548
0.06720000000000001	0.27019453048706055
0.068	0.7171072363853455
0.0688	1.1797559261322021
0.06960000000000001	1.6153572797775269
0.0704	1.9853274822235107
0.0712	2.257082462310791
0.07200000000000001	2.4058995246887207
0.0728	2.419067621231079
0.0736	2.295386791229248
0.07440000000000001	2.0455312728881836
0.0752	1.6917238235473633
0.076	1.2655609846115112
0.07680000000000001	0.8051641583442688
0.0776	0.35250404477119446
0.0784	-0.05151096731424332
0.0792	-0.3710469901561737
0.08	-0.5762569904327393
0.08080000000000001	-0.6482178568840027
0.0816	-0.5808051824569702
0.0824	-0.3797433078289032
0.08320000000000001	-0.06303032487630844
0.084	0.3398991823196411
0.0848	0.7921239137649536
0.08560000000000001	1.2528977394104004
0.0864	1.6802624464035034
0.0872	2.036184072494507
0.08800000000000001	2.2890284061431885
0.0888	2.415947675704956
0.0896	2.4061055183410645
0.09040000000000001	2.260289430618286
0.0912	1.991348385810852
0.092	1.623192310333252
0.09280000000000001	1.1888427734375
0.0936	0.7271085977554321
0.0944	0.27996039390563965
0.0952	-0.11224330216646194
0.096	-0.4146435558795929
0.09680000000000001	-0.5985682010650635
0.0976	-0.6473689079284668
0.0984	-0.5568960309028625
0.09920000000000001	-0.33463621139526367
0.1	-0.0008749182452447712
0.1008	0.4130910336971283
0.10160000000000001	0.8696027994155884
0.1024	1.32772696018219
0.1032	1.7460174560546875
0.10400000000000001	2.0873405933380127
0.1048	2.320749282836914
0.1056	2.425370693206787
0.10640000000000001	2.392580986022949
0.1072	2.2251172065734863
0.108	1.9377778768539429
0.10880000000000001	1.5563480854034424
0.1096	1.1149617433547974
0.11040000000000001	0.652802586555481
0.11120000000000001	0.212016299366951
0.112	-0.16762617230415344
0.11280000000000001	-0.45194074511528015
0.1136	-0.6140176057815552
0.1144	-0.6395081281661987
0.11520000000000001	-0.5261375308036804
0.116	-0.28352972865104675
0.1168	0.06586753576993942
0.11760000000000001	0.48952004313468933
0.1184	0.9494190216064453
0.1192	1.4039435386657715
0.12000000000000001	1.811922550201416
0.1208	2.137247085571289
0.1216	2.350282907485962
0.12240000000000001	2.4322566986083984
0.1232	2.376394033432007
0.124	2.1873199939727783
0.12480000000000001	1.8821699619293213
0.12560000000000002	1.488378882408142
0.1264	1.0406683683395386
0.1272	0.5789840817451477
0.128	0.14549705386161804
0.1288	-0.22050929069519043
0.1296	-0.4858132600784302
0.13040000000000002	-0.6257298588752747
0.1312	-0.6278976798057556
0.132	-0.49189186096191406
0.1328	-0.22979849576950073
0.1336	0.13413484394550323
0.13440000000000002	0.5666239857673645
0.13520000000000001	1.0287727117538452
0.136	1.4784226417541504
0.1368	1.8746528625488281
0.1376	2.1826043128967285
0.1384	2.374504566192627
0.13920000000000002	2.4335055351257324
0.14	2.3546078205108643
0.1408	2.1444857120513916
0.1416	1.8221875429153442
0.1424	1.416522741317749
0.1432	0.9633251428604126
0.14400000000000002	0.5031157732009888
0.1448	0.07824037224054337
0.1456	-0.27299246191978455
0.1464	-0.5188483595848083
0.1472	-0.6363546848297119
0.14800000000000002	-0.6151249408721924
0.14880000000000002	-0.45689627528190613
0.1496	-0.1759047657251358
0.1504	0.20187720656394958
0.1512	0.6422030925750732
0.152	1.105464220046997
0.15280000000000002	1.54872727394104
0.15360000000000001	1.9320712089538574
0.1544	2.2220492362976074
0.1552	2.3923892974853516
0.156	2.428330183029175
0.1568	2.3267221450805664
0.15760000000000002	2.0962021350860596
0.1584	1.7574306726455688
0.1592	1.3408044576644897
0.16	0.8831447958946228
0.1608	0.4258726239204407
0.16160000000000002	0.010958695784211159
0.16240000000000002	-0.32477569580078125
0.1632	-0.5505586266517639
0.164	-0.6452797651290894
0.1648	-0.6007522940635681
0.1656	-0.4208007752895355
0.16640000000000002	-0.12146110087633133
0.16720000000000002	0.26940709352493286
0.168	0.71639484167099
0.1688	1.1791560649871826
0.1696	1.614807367324829
0.1704	1.984627604484558
0.17120000000000002	2.2561326026916504
0.17200000000000001	2.404749631881714
0.1728	2.417717695236206
0.1736	2.293724536895752
0.1744	2.043544054031372
0.1752	1.6895865201950073
0.17600000000000002	1.2633363008499146
0.1768	0.8028393983840942
0.1776	0.3501417934894562
0.1784	-0.05377323925495148
0.1792	-0.373096764087677
0.18000000000000002	-0.5780943036079407
0.18080000000000002	-0.6498052477836609
0.1816	-0.582080066204071
0.1824	-0.3806682229042053
0.1832	-0.0636802613735199
0.184	0.3393992483615875
0.18480000000000002	0.7921113967895508
0.18560000000000001	1.2536852359771729
0.1864	1.6813873052597046
0.1872	2.037196397781372
0.188	2.28985333442688
0.1888	2.4165101051330566
0.18960000000000002	2.4064178466796875
0.1904	2.260327100753784
0.1912	1.9911483526229858
0.192	1.6228548288345337
0.1928	1.1882928609848022
0.19360000000000002	0.7264211773872375
0.19440000000000002	0.27927297353744507
0.1952	-0.11275574564933777
0.196	-0.41481852531433105
0.1968	-0.5984181761741638
0.1976	-0.6468439698219299
0.19840000000000002	-0.5560336112976074
0.19920000000000002	-0.3336363136768341
