0	0
0.0008	0.47455835342407227
0.0016	1.0162352323532104
0.0024000000000000002	1.575847864151001
0.0032	2.103001117706299
0.004	2.54976224899292
0.0048000000000000004	2.8762474060058594
0.0056	3.0544474124908447
0.0064	3.068913698196411
0.007200000000000001	2.9179840087890625
0.008	2.615269660949707
0.0088	2.1869428157806396
0.009600000000000001	1.6706500053405762
0.010400000000000001	1.1134111881256104
0.0112	0.5655714273452759
0.012	0.07712571322917938
0.0128	-0.3074929416179657
0.013600000000000001	-0.5537005066871643
0.014400000000000001	-0.6390242576599121
0.0152	-0.5553523898124695
0.016	-0.3101590573787689
0.016800000000000002	0.07429560273885727
0.0176	0.563152551651001
0.0184	1.1114038228988647
0.019200000000000002	1.6692415475845337
0.02	2.1863582134246826
0.020800000000000003	2.6156210899353027
0.0216	2.918971061706543
0.0224	3.070598840713501
0.023200000000000002	3.057180404663086
0.024	2.8796908855438232
0.024800000000000003	2.553978681564331
0.0256	2.108091354370117
0.0264	1.5815993547439575
0.027200000000000002	1.02228581905365
0.028	0.4808579087257385
0.028800000000000003	0.006960716098546982
0.0296	-0.3566100597381592
0.0304	-0.577170193195343
0.031200000000000002	-0.6344092488288879
0.032	-0.5227401852607727
0.0328	-0.25257429480552673
0.033600000000000005	0.15182839334011078
0.0344	0.6539340615272522
0.0352	1.2073973417282104
0.036000000000000004	1.7621228694915771
0.0368	2.2676281929016113
0.0376	2.6780178546905518
0.038400000000000004	2.9574828147888184
0.0392	3.082087993621826
0.04	3.0406599044799805
0.0408	2.8368980884552
0.041600000000000005	2.488600730895996
0.0424	2.0259649753570557
0.0432	1.4904614686965942
0.044000000000000004	0.9303104877471924
0.0448	0.3966818153858185
0.0456	-0.061641938984394073
0.046400000000000004	-0.40357738733291626
0.0472	-0.5980901718139648
0.048	-0.6271695494651794
0.0488	-0.48785319924354553
0.049600000000000005	-0.19275228679180145
0.0504	0.23123599588871002
0.0512	0.7456279993057251
0.052000000000000005	1.3030908107757568
0.0528	1.8525669574737549
0.0536	2.3444111347198486
0.054400000000000004	2.7352776527404785
0.055200000000000006	2.9907824993133545
0.056	3.0881154537200928
0.0568	3.018852710723877
0.057600000000000005	2.7894058227539062
0.0584	2.4196605682373047
0.0592	1.9418014287948608
0.060000000000000005	1.3988111019134521
0.0608	0.8396100401878357
0.0616	0.315267950296402
0.062400000000000004	-0.12649497389793396
0.0632	-0.44603267312049866
0.064	-0.614060640335083
0.0648	-0.6148552894592285
0.0656	-0.44821667671203613
0.0664	-0.1293056160211563
0.06720000000000001	0.3129684031009674
0.068	0.8381468057632446
0.0688	1.3979843854904175
0.06960000000000001	1.9412236213684082
0.0704	2.417694330215454
0.0712	2.7863004207611084
0.07200000000000001	3.016045331954956
0.0728	3.085768699645996
0.0736	2.9888460636138916
0.07440000000000001	2.7342517375946045
0.0752	2.3439712524414062
0.076	1.852013349533081
0.07680000000000001	1.3030236959457397
0.0776	0.7463348507881165
0.0784	0.23270417749881744
0.0792	-0.19126051664352417
0.08	-0.4872630834579468
0.08080000000000001	-0.627943754196167
0.0816	-0.6003662943840027
0.0824	-0.4068928360939026
0.08320000000000001	-0.06495902687311172
0.084	0.3943758010864258
0.0848	0.9286158680915833
0.08560000000000001	1.4889159202575684
0.0864	2.024580955505371
0.0872	2.4867653846740723
0.08800000000000001	2.8347861766815186
0.0888	3.0387959480285645
0.0896	3.0806221961975098
0.09040000000000001	2.956239700317383
0.0912	2.6770479679107666
0.092	2.2669694423675537
0.09280000000000001	1.762000322341919
0.0936	1.2080862522125244
0.0944	0.6550970077514648
0.0952	0.15346509218215942
0.096	-0.2514890134334564
0.09680000000000001	-0.522981584072113
0.0976	-0.6359900236129761
0.0984	-0.5801278948783875
0.09920000000000001	-0.3603195250034332
0.1	0.0035496449563652277
0.1008	0.4783329665660858
0.10160000000000001	1.020209789276123
0.1024	1.5798848867416382
0.1032	2.106900691986084
0.10400000000000001	2.5534491539001465
0.1048	2.8796470165252686
0.1056	3.0574846267700195
0.10640000000000001	3.071526050567627
0.1072	2.9202213287353516
0.108	2.6171319484710693
0.10880000000000001	2.1884427070617676
0.1096	1.6718873977661133
0.11040000000000001	1.1144236326217651
0.11120000000000001	0.5665088295936584
0.112	0.07806312292814255
0.11280000000000001	-0.30653053522109985
0.1136	-0.5525631308555603
0.1144	-0.6376243829727173
0.11520000000000001	-0.553665041923523
0.116	-0.30817174911499023
0.1168	0.07652038335800171
0.11760000000000001	0.5654648542404175
0.1184	1.1137785911560059
0.1192	1.6715162992477417
0.12000000000000001	2.1884331703186035
0.1208	2.6175334453582764
0.1216	2.9206085205078125
0.12240000000000001	3.0719237327575684
0.1232	3.05814266204834
0.124	2.880228281021118
0.12480000000000001	2.5540661811828613
0.12560000000000002	2.1078288555145264
0.1264	1.5810993909835815
0.1272	1.021673321723938
0.128	0.4802079498767853
0.1288	0.006310781463980675
0.1296	-0.3571225106716156
0.13040000000000002	-0.5774701833724976
0.1312	-0.6344967484474182
0.132	-0.5225151777267456
0.1328	-0.25176188349723816
0.1336	0.15310326218605042
0.13440000000000002	0.6553964018821716
0.13520000000000001	1.208884596824646
0.136	1.7632352113723755
0.1368	2.268340587615967
0.1376	2.6785051822662354
0.1384	2.9576828479766846
0.13920000000000002	3.0819506645202637
0.14	3.040134906768799
0.1408	2.8359856605529785
0.1416	2.4873509407043457
0.1424	2.0244526863098145
0.1432	1.4887616634368896
0.14400000000000002	0.9284606575965881
0.1448	0.3948194980621338
0.1456	-0.06337926536798477
0.1464	-0.4051772356033325
0.1472	-0.5994275212287903
0.14800000000000002	-0.6281444430351257
0.14880000000000002	-0.48852813243865967
0.1496	-0.1931772381067276
0.1504	0.23099853098392487
0.1512	0.7454280257225037
0.152	1.3029283285140991
0.15280000000000002	1.8522919416427612
0.15360000000000001	2.344036102294922
0.1544	2.7342777252197266
0.1552	2.9888577461242676
0.156	3.08577823638916
0.1568	3.0160653591156006
0.15760000000000002	2.7861812114715576
0.1584	2.4160735607147217
0.1592	1.9379768371582031
0.16	1.3948240280151367
0.1608	0.8354979753494263
0.16160000000000002	0.31120583415031433
0.16240000000000002	-0.13040708005428314
0.1632	-0.4497072994709015
0.164	-0.6174477934837341
0.1648	-0.6180049777030945
0.1656	-0.4511413872241974
0.16640000000000002	-0.13198034465312958
0.16720000000000002	0.31048113107681274
0.168	0.835809588432312
0.1688	1.39549720287323
0.1696	1.9383864402770996
0.1704	2.4158570766448975
0.17120000000000002	2.7853879928588867
0.17200000000000001	3.0147829055786133
0.1728	3.0840814113616943
0.1736	2.986746311187744
0.1744	2.731839656829834
0.1752	2.341346502304077
0.17600000000000002	1.8491761684417725
0.1768	1.2999365329742432
0.1776	0.7431226968765259
0.1784	0.22954200208187103
0.1792	-0.19423522055149078
0.18000000000000002	-0.49007532000541687
0.18080000000000002	-0.6305935382843018
0.1816	-0.6027410626411438
0.1824	-0.40884265303611755
0.1832	-0.06723380088806152
0.184	0.39158859848976135
0.18480000000000002	0.9259286522865295
0.18560000000000001	1.4861537218093872
0.1864	2.0215060710906982
0.1872	2.4836907386779785
0.188	2.8317863941192627
0.1888	3.03545880317688
0.18960000000000002	3.0769100189208984
0.1904	2.952202796936035
0.1912	2.672748565673828
0.192	2.2624073028564453
0.1928	1.7572133541107178
0.19360000000000002	1.2031742334365845
0.19440000000000002	0.6501224637031555
0.1952	0.14861558377742767
0.196	-0.2561260461807251
0.1968	-0.5273811221122742
0.1976	-0.6401020884513855
0.19840000000000002	-0.583965003490448
0.19920000000000002	-0.36386916041374207
