0	0
0.0008	0.48751989006996155
0.0016	1.0367963314056396
0.0024000000000000002	1.5978965759277344
0.0032	2.1200757026672363
0.004	2.5560004711151123
0.0048000000000000004	2.867062568664551
0.0056	3.0267648696899414
0.0064	3.0210084915161133
0.007200000000000001	2.8500685691833496
0.008	2.5293312072753906
0.0088	2.08630633354187
0.009600000000000001	1.56007719039917
0.010400000000000001	0.9986140727996826
0.0112	0.4526869058609009
0.012	-0.02807179093360901
0.0128	-0.39990395307540894
0.013600000000000001	-0.6291504502296448
0.014400000000000001	-0.6948133111000061
0.0152	-0.5904432535171509
0.016	-0.32558903098106384
0.016800000000000002	0.07566427439451218
0.0176	0.5766328573226929
0.0184	1.1312962770462036
0.019200000000000002	1.689284324645996
0.02	2.200201988220215
0.020800000000000003	2.6178035736083984
0.0216	2.9051806926727295
0.0224	3.0379605293273926
0.023200000000000002	3.0041444301605225
0.024	2.8066821098327637
0.024800000000000003	2.4634346961975098
0.0256	2.0037612915039062
0.0264	1.4682456254959106
0.027200000000000002	0.905670166015625
0.028	0.3671172559261322
0.028800000000000003	-0.09821799397468567
0.0296	-0.4482523500919342
0.0304	-0.6514014601707458
0.031200000000000002	-0.6887422204017639
0.032	-0.5565873384475708
0.0328	-0.26723554730415344
0.033600000000000005	0.15326586365699768
0.0344	0.6666582226753235
0.0352	1.2256462574005127
0.036000000000000004	1.7792596817016602
0.0368	2.2775285243988037
0.0376	2.6758196353912354
0.038400000000000004	2.939011573791504
0.0392	3.0445940494537354
0.04	2.9829680919647217
0.0408	2.75964617729187
0.041600000000000005	2.3945882320404053
0.0424	1.9192415475845337
0.0432	1.375701665878296
0.044000000000000004	0.8135011792182922
0.0448	0.2840723395347595
0.0456	-0.16445209085941315
0.046400000000000004	-0.49166372418403625
0.0472	-0.6679655313491821
0.048	-0.6768466234207153
0.0488	-0.5173195004463196
0.049600000000000005	-0.20403257012367249
0.0504	0.23492954671382904
0.0512	0.759570837020874
0.052000000000000005	1.3213335275650024
0.0528	1.8688851594924927
0.0536	2.3531553745269775
0.054400000000000004	2.731048345565796
0.055200000000000006	2.969292640686035
0.056	3.047290563583374
0.0568	2.9580299854278564
0.057600000000000005	2.709472894668579
0.0584	2.323442220687866
0.0592	1.8334969282150269
0.060000000000000005	1.283307671546936
0.0608	0.7231444716453552
0.0616	0.20428961515426636
0.062400000000000004	-0.22624912858009338
0.0632	-0.5296506881713867
0.064	-0.6784552335739136
0.0648	-0.6586641669273376
0.0656	-0.4718772768974304
0.0664	-0.13515514135360718
0.06720000000000001	0.3214052617549896
0.068	0.8559455871582031
0.0688	1.418920636177063
0.06960000000000001	1.9592729806900024
0.0704	2.4283945560455322
0.0712	2.7847273349761963
0.07200000000000001	2.99731183052063
0.0728	3.047424793243408
0.0736	2.9305169582366943
0.07440000000000001	2.6571249961853027
0.0752	2.250796318054199
0.076	1.7472147941589355
0.07680000000000001	1.191888689994812
0.0776	0.6352500915527344
0.0784	0.1281440109014511
0.0792	-0.2835841178894043
0.08	-0.5627756118774414
0.08080000000000001	-0.6839579343795776
0.0816	-0.6356447339057922
0.0824	-0.42203545570373535
0.08320000000000001	-0.06252807378768921
0.084	0.4104682207107544
0.0848	0.9532452821731567
0.08560000000000001	1.51602041721344
0.0864	2.0478858947753906
0.0872	2.5008842945098877
0.08800000000000001	2.834981679916382
0.0888	3.0212559700012207
0.0896	3.043334484100342
0.09040000000000001	2.8991918563842773
0.0912	2.601764678955078
0.092	2.1763129234313965
0.09280000000000001	1.6606452465057373
0.0936	1.1016944646835327
0.0944	0.5499054193496704
0.0952	0.055485572665929794
0.096	-0.3367695212364197
0.09680000000000001	-0.5909759998321533
0.0976	-0.6841861605644226
0.0984	-0.6151000261306763
0.09920000000000001	-0.38296759128570557
0.1	-0.001899812719784677
0.1008	0.48590755462646484
0.10160000000000001	1.0353964567184448
0.1024	1.5966466665267944
0.1032	2.118750810623169
0.10400000000000001	2.554563283920288
0.1048	2.8655004501342773
0.1056	3.025014877319336
0.10640000000000001	3.0190210342407227
0.1072	2.8478188514709473
0.108	2.526869058609009
0.10880000000000001	2.0837314128875732
0.1096	1.5578023195266724
0.11040000000000001	0.9966392517089844
0.11120000000000001	0.4507995843887329
0.112	-0.029771622270345688
0.11280000000000001	-0.4010538160800934
0.1136	-0.6294004321098328
0.1144	-0.6944258809089661
0.11520000000000001	-0.5899932980537415
0.116	-0.3253765404224396
0.1168	0.07592674344778061
0.11760000000000001	0.577120304107666
0.1184	1.131908655166626
0.1192	1.6899967193603516
0.12000000000000001	2.200939416885376
0.1208	2.6183786392211914
0.1216	2.905430555343628
0.12240000000000001	3.037935495376587
0.1232	3.0039069652557373
0.124	2.8060946464538574
0.12480000000000001	2.46248459815979
0.12560000000000002	2.0025863647460938
0.1264	1.4672331809997559
0.1272	0.9049702286720276
0.128	0.36640483140945435
0.1288	-0.09890542924404144
0.1296	-0.4483398199081421
0.13040000000000002	-0.650638997554779
0.1312	-0.6875173449516296
0.132	-0.5551499724388123
0.1328	-0.26566070318222046
0.1336	0.15506568551063538
0.13440000000000002	0.6686955690383911
0.13520000000000001	1.2276334762573242
0.136	1.7811470031738281
0.1368	2.279390811920166
0.1376	2.677506923675537
0.1384	2.9403738975524902
0.13920000000000002	3.045581340789795
0.14	2.9836180210113525
0.1408	2.759958505630493
0.1416	2.3945133686065674
0.1424	1.9189040660858154
0.1432	1.3756392002105713
0.14400000000000002	0.8135761618614197
0.1448	0.279860258102417
0.1456	-0.17268876731395721
0.1464	-0.4995129406452179
0.1472	-0.6752023100852966
0.14800000000000002	-0.6836334466934204
0.14880000000000002	-0.5237688422203064
0.1496	-0.2101694494485855
0.1504	0.2288801521062851
0.1512	0.7534589767456055
0.152	1.3152716159820557
0.15280000000000002	1.862823247909546
0.15360000000000001	2.3469934463500977
0.1544	2.7246615886688232
0.1552	2.9625184535980225
0.156	3.0401411056518555
0.1568	2.950530767440796
0.15760000000000002	2.7016236782073975
0.1584	2.3152554035186768
0.1592	1.825172781944275
0.16	1.2752710580825806
0.1608	0.715357780456543
0.16160000000000002	0.19672787189483643
0.16240000000000002	-0.23349840939044952
0.1632	-0.5367374420166016
0.164	-0.6853170394897461
0.1648	-0.665276050567627
0.1656	-0.4783766269683838
0.16640000000000002	-0.1415420025587082
0.16720000000000002	0.3147934377193451
0.168	0.8490087985992432
0.1688	1.4118963479995728
0.1696	1.9519987106323242
0.1704	2.4209330081939697
0.17120000000000002	2.777053117752075
0.17200000000000001	2.9892375469207764
0.1728	3.038938045501709
0.1736	2.9216928482055664
0.1744	2.648038387298584
0.1752	2.2414345741271973
0.17600000000000002	1.7377158403396606
0.1768	1.182114601135254
0.1776	0.6251260638237
0.1784	0.11798252910375595
0.1792	-0.2936706244945526
0.18000000000000002	-0.5726370811462402
0.18080000000000002	-0.6935444474220276
0.1816	-0.645118772983551
0.1824	-0.4316970109939575
0.1832	-0.07236459106206894
0.184	0.40036922693252563
0.18480000000000002	0.94289630651474
0.18560000000000001	1.5056464672088623
0.1864	2.0373494625091553
0.1872	2.4900853633880615
0.188	2.823920249938965
0.1888	3.0099072456359863
0.18960000000000002	3.0315980911254883
0.1904	2.887042999267578
0.1912	2.589303493499756
0.192	2.163539171218872
0.1928	1.647834062576294
0.19360000000000002	1.0886207818984985
0.19440000000000002	0.536381721496582
0.1952	0.041986916214227676
0.196	-0.35003069043159485
0.1968	-0.6038997173309326
0.1976	-0.6967474222183228
0.19840000000000002	-0.6201370358467102
0.19920000000000002	-0.38078030943870544
