0	0
0.0008	0.4203430116176605
0.0016	0.8769825100898743
0.0024000000000000002	1.3308972120285034
0.0032	1.7437784671783447
0.004	2.076555013656616
0.0048000000000000004	2.297942638397217
0.0056	2.388568162918091
0.0064	2.340932607650757
0.007200000000000001	2.1588480472564697
0.008	1.8584002256393433
0.0088	1.466686725616455
0.009600000000000001	1.0188287496566772
0.010400000000000001	0.5543349981307983
0.0112	0.1157761812210083
0.012	-0.2568018138408661
0.0128	-0.5302022695541382
0.013600000000000001	-0.6789777278900146
0.014400000000000001	-0.6897420287132263
0.0152	-0.5614327192306519
0.016	-0.30516111850738525
0.016800000000000002	0.05533776804804802
0.0176	0.48675471544265747
0.0184	0.9501060247421265
0.019200000000000002	1.4035707712173462
0.02	1.8064905405044556
0.020800000000000003	2.1226062774658203
0.0216	2.3231334686279297
0.0224	2.39094877243042
0.023200000000000002	2.320302963256836
0.024	2.1169705390930176
0.024800000000000003	1.7991119623184204
0.0256	1.395362138748169
0.0264	0.9420672655105591
0.027200000000000002	0.47908586263656616
0.028	0.04867618903517723
0.028800000000000003	-0.3096032440662384
0.0296	-0.5636181235313416
0.0304	-0.6899083852767944
0.031200000000000002	-0.6772000193595886
0.032	-0.5263679623603821
0.0328	-0.25077325105667114
0.033600000000000005	0.12346179038286209
0.0344	0.5625154972076416
0.0352	1.0274916887283325
0.036000000000000004	1.4755194187164307
0.0368	1.8662528991699219
0.0376	2.164857864379883
0.038400000000000004	2.3442745208740234
0.0392	2.3891546726226807
0.04	2.2956736087799072
0.0408	2.071843147277832
0.041600000000000005	1.7375489473342896
0.0424	1.3228126764297485
0.0432	0.8650432229042053
0.044000000000000004	0.40461158752441406
0.0448	-0.016336515545845032
0.0456	-0.3593924641609192
0.046400000000000004	-0.5935093760490417
0.0472	-0.6969894170761108
0.048	-0.6608083844184875
0.0488	-0.48784103989601135
0.049600000000000005	-0.19346065819263458
0.0504	0.19524794816970825
0.0512	0.6425633430480957
0.052000000000000005	1.1081393957138062
0.0528	1.5493429899215698
0.0536	1.9267276525497437
0.054400000000000004	2.2070469856262207
0.055200000000000006	2.364865779876709
0.056	2.386685609817505
0.0568	2.27070689201355
0.057600000000000005	2.0270159244537354
0.0584	1.6771732568740845
0.0592	1.252413034439087
0.060000000000000005	0.7907189726829529
0.0608	0.333949476480484
0.0616	-0.0761372372508049
0.062400000000000004	-0.4030573070049286
0.0632	-0.6166138052940369
0.064	-0.6970461010932922
0.0648	-0.6374799609184265
0.0656	-0.4428022503852844
0.0664	-0.1309235841035843
0.06720000000000001	0.26958388090133667
0.068	0.7227612137794495
0.0688	1.1872373819351196
0.06960000000000001	1.6202917098999023
0.0704	1.9835777282714844
0.0712	2.2448740005493164
0.07200000000000001	2.3805949687957764
0.0728	2.379204750061035
0.0736	2.2407033443450928
0.07440000000000001	1.97732675075531
0.0752	1.6124980449676514
0.076	1.178651213645935
0.07680000000000001	0.7148823738098145
0.0776	0.2633248269557953
0.0784	-0.13502554595470428
0.0792	-0.44480985403060913
0.08	-0.6372809410095215
0.08080000000000001	-0.694515585899353
0.0816	-0.6117767691612244
0.0824	-0.3959261178970337
0.08320000000000001	-0.06627422571182251
0.084	0.34564462304115295
0.0848	0.8026715517044067
0.08560000000000001	1.264485478401184
0.0864	1.6884281635284424
0.0872	2.0367658138275146
0.08800000000000001	2.2783639430999756
0.0888	2.391549587249756
0.0896	2.3668367862701416
0.09040000000000001	2.2062125205993652
0.0912	1.9238629341125488
0.092	1.5448731184005737
0.09280000000000001	1.1032894849777222
0.0936	0.6386833190917969
0.0944	0.1932501494884491
0.0952	-0.19251401722431183
0.096	-0.48447510600090027
0.09680000000000001	-0.6552983522415161
0.0976	-0.689185380935669
0.0984	-0.5834363102912903
0.09920000000000001	-0.34700021147727966
0.1	-0.0016873553395271301
0.1008	0.4206179678440094
0.10160000000000001	0.8817695379257202
0.1024	1.3399713039398193
0.1032	1.7538650035858154
0.10400000000000001	2.0865540504455566
0.1048	2.307891607284546
0.1056	2.3983423709869385
0.10640000000000001	2.3504440784454346
0.1072	2.1680970191955566
0.108	1.8673617839813232
0.10880000000000001	1.4753608703613281
0.1096	1.0273529291152954
0.11040000000000001	0.5628966689109802
0.11120000000000001	0.12445032596588135
0.112	-0.24806515872478485
0.11280000000000001	-0.5213531255722046
0.1136	-0.6699286103248596
0.1144	-0.6804304718971252
0.11520000000000001	-0.5518336892127991
0.116	-0.29536208510398865
0.1168	0.06536177545785904
0.11760000000000001	0.49714118242263794
0.1184	0.9607424736022949
0.1192	1.4142322540283203
0.12000000000000001	1.8171395063400269
0.1208	2.1332051753997803
0.1216	2.3335824012756348
0.12240000000000001	2.40116024017334
0.1232	2.3302645683288574
0.124	2.1266443729400635
0.12480000000000001	1.8084734678268433
0.12560000000000002	1.404461145401001
0.1264	0.9508038759231567
0.1272	0.48758500814437866
0.128	0.057150352746248245
0.1288	-0.30114156007766724
0.1296	-0.5550439953804016
0.13040000000000002	-0.6810842752456665
0.1312	-0.668088436126709
0.132	-0.5169438719749451
0.1328	-0.2410866916179657
0.1336	0.13383576273918152
0.13440000000000002	0.5735893845558167
0.13520000000000001	1.0386155843734741
0.136	1.4866433143615723
0.1368	1.8773893117904663
0.1376	2.175856828689575
0.1384	2.3549985885620117
0.13920000000000002	2.3996036052703857
0.14	2.305835247039795
0.1408	2.0816421508789062
0.1416	1.7470104694366455
0.1424	1.3319867849349976
0.1432	0.8737049102783203
0.14400000000000002	0.41321074962615967
0.1448	-0.007249909453094006
0.1456	-0.350043386220932
0.1464	-0.5839478373527527
0.1472	-0.6871903538703918
0.14800000000000002	-0.6507468819618225
0.14880000000000002	-0.47750455141067505
0.1496	-0.18317416310310364
0.1504	0.20507198572158813
0.1512	0.652074933052063
0.152	1.1176260709762573
0.15280000000000002	1.558892011642456
0.15360000000000001	1.936264157295227
0.1544	2.2163710594177246
0.1552	2.37387752532959
0.156	2.3953473567962646
0.1568	2.278956174850464
0.15760000000000002	2.0348527431488037
0.1584	1.6847225427627563
0.1592	1.2597748041152954
0.16	0.794981062412262
0.1608	0.33513686060905457
0.16160000000000002	-0.07493733614683151
0.16240000000000002	-0.40168243646621704
0.1632	-0.6149889230728149
0.164	-0.6951712965965271
0.1648	-0.6354051828384399
0.1656	-0.4404899477958679
0.16640000000000002	-0.1281488537788391
0.16720000000000002	0.27273356914520264
0.168	0.7260108590126038
0.1688	1.1905245780944824
0.1696	1.623516321182251
0.1704	1.9866149425506592
0.17120000000000002	2.2476236820220947
0.17200000000000001	2.383044719696045
0.1728	2.3813419342041016
0.1736	2.2425906658172607
0.1744	1.9790641069412231
0.1752	1.6141479015350342
0.17600000000000002	1.1802010536193848
0.1768	0.716319739818573
0.1776	0.2648247182369232
0.1784	-0.13336320221424103
0.1792	-0.4429350197315216
0.18000000000000002	-0.6351061463356018
0.18080000000000002	-0.6920283436775208
0.1816	-0.608939528465271
0.1824	-0.3927639126777649
0.1832	-0.06297453492879868
0.184	0.34984421730041504
0.18480000000000002	0.8079085350036621
0.18560000000000001	1.2698725461959839
0.1864	1.6937901973724365
0.1872	2.0419528484344482
0.188	2.2833259105682373
0.1888	2.3963491916656494
0.18960000000000002	2.3713738918304443
0.1904	2.210437059402466
0.1912	1.9279249906539917
0.192	1.5488852262496948
0.1928	1.1072266101837158
0.19360000000000002	0.6426079273223877
0.19440000000000002	0.19679981470108032
0.1952	-0.19036419689655304
0.196	-0.48323771357536316
0.1968	-0.6538984775543213
0.1976	-0.6875230073928833
0.19840000000000002	-0.5814489722251892
0.19920000000000002	-0.344762921333313
