0	0
0.0008	0.5214048624038696
0.0016	1.096604585647583
0.0024000000000000002	1.673866629600525
0.0032	2.201308488845825
0.004	2.6308722496032715
0.0048000000000000004	2.924974203109741
0.0056	3.058579683303833
0.0064	3.0194525718688965
0.007200000000000001	2.8110921382904053
0.008	2.4520344734191895
0.0088	1.9733139276504517
0.009600000000000001	1.4171760082244873
0.010400000000000001	0.834015965461731
0.0112	0.27685320377349854
0.012	-0.20332977175712585
0.0128	-0.5624999403953552
0.013600000000000001	-0.7686479687690735
0.014400000000000001	-0.8031007051467896
0.0152	-0.6620959639549255
0.016	-0.35871976613998413
0.016800000000000002	0.07988066226243973
0.0176	0.6137593388557434
0.0184	1.1931461095809937
0.019200000000000002	1.7658835649490356
0.02	2.2802517414093018
0.020800000000000003	2.689429998397827
0.0216	2.95820951461792
0.0224	3.063617706298828
0.023200000000000002	2.995680809020996
0.024	2.7607483863830566
0.024800000000000003	2.379417896270752
0.0256	1.8846238851547241
0.0264	1.3214867115020752
0.027200000000000002	0.7402389049530029
0.028	0.1927751898765564
0.028800000000000003	-0.26979705691337585
0.0296	-0.6052320599555969
0.0304	-0.7836953997612
0.031200000000000002	-0.7886011004447937
0.032	-0.6191741824150085
0.0328	-0.29102542996406555
0.033600000000000005	0.16644816100597382
0.0344	0.7116132378578186
0.0352	1.2939997911453247
0.036000000000000004	1.860425353050232
0.0368	2.359907388687134
0.0376	2.7477877140045166
0.038400000000000004	2.9905197620391846
0.0392	3.0671560764312744
0.04	2.970409393310547
0.0408	2.7091920375823975
0.041600000000000005	2.3062386512756348
0.0424	1.7963463068008423
0.0432	1.2253849506378174
0.044000000000000004	0.6453369855880737
0.0448	0.10875967890024185
0.0456	-0.3351394534111023
0.046400000000000004	-0.6459644436836243
0.0472	-0.7961680889129639
0.048	-0.7716017365455627
0.0488	-0.5743275880813599
0.049600000000000005	-0.22215619683265686
0.0504	0.25335314869880676
0.0512	0.8087422251701355
0.052000000000000005	1.3924036026000977
0.0528	1.9509049654006958
0.0536	2.4345510005950928
0.054400000000000004	2.8002336025238037
0.055200000000000006	3.0163183212280273
0.056	3.06400728225708
0.0568	2.9386136531829834
0.057600000000000005	2.6518237590789795
0.0584	2.2281975746154785
0.0592	1.7043941020965576
0.060000000000000005	1.1284706592559814
0.0608	0.552497386932373
0.0616	0.028231317177414894
0.062400000000000004	-0.3960447907447815
0.0632	-0.6818972826004028
0.064	-0.8036038279533386
0.0648	-0.7495529055595398
0.0656	-0.5248314738273621
0.0664	-0.1493498533964157
0.06720000000000001	0.34324532747268677
0.068	0.907058596611023
0.0688	1.4899076223373413
0.06960000000000001	2.0390846729278564
0.0704	2.505732536315918
0.0712	2.848404884338379
0.07200000000000001	3.0373172760009766
0.0728	3.0559091567993164
0.0736	2.9023184776306152
0.07440000000000001	2.59061861038208
0.0752	2.1472818851470947
0.076	1.6111669540405273
0.07680000000000001	1.0287067890167236
0.0776	0.45503321290016174
0.0784	-0.05560921132564545
0.0792	-0.459187388420105
0.08	-0.719017505645752
0.08080000000000001	-0.8117019534111023
0.0816	-0.728253960609436
0.0824	-0.47646018862724304
0.08320000000000001	-0.07843080163002014
0.084	0.4295503795146942
0.0848	0.9997380375862122
0.08560000000000001	1.580399751663208
0.0864	2.119215488433838
0.0872	2.567889928817749
0.08800000000000001	2.886626958847046
0.0888	3.0479047298431396
0.0896	3.0374996662139893
0.09040000000000001	2.856161594390869
0.0912	2.5201141834259033
0.092	2.0583293437957764
0.09280000000000001	1.5116405487060547
0.0936	0.9296302795410156
0.0944	0.3651057779788971
0.0952	-0.13090060651302338
0.096	-0.5127809643745422
0.09680000000000001	-0.7458387613296509
0.0976	-0.8092636466026306
0.0984	-0.6966810822486877
0.09920000000000001	-0.41848990321159363
0.1	0.0006499338196590543
0.1008	0.5225922465324402
0.10160000000000001	1.0981794595718384
0.1024	1.675428867340088
0.1032	2.2028207778930664
0.10400000000000001	2.6323344707489014
0.1048	2.926311731338501
0.1056	3.0596797466278076
0.10640000000000001	3.020289897918701
0.1072	2.8116796016693115
0.108	2.4523096084594727
0.10880000000000001	1.9733014106750488
0.1096	1.4177634716033936
0.11040000000000001	0.8352158069610596
0.11120000000000001	0.2780155837535858
0.112	-0.20206740498542786
0.11280000000000001	-0.5610500574111938
0.1136	-0.7668481469154358
0.1144	-0.8009384274482727
0.11520000000000001	-0.6595962047576904
0.116	-0.3558950424194336
0.1168	0.08256789296865463
0.11760000000000001	0.6162216067314148
0.1184	1.1956208944320679
0.1192	1.7682958841323853
0.12000000000000001	2.2825639247894287
0.1208	2.691579818725586
0.1216	2.9601218700408936
0.12240000000000001	3.0652050971984863
0.1232	2.996943235397339
0.124	2.7616357803344727
0.12480000000000001	2.379955291748047
0.12560000000000002	1.8849613666534424
0.1264	1.3212367296218872
0.1272	0.7390890121459961
0.128	0.19125033915042877
0.1288	-0.2712719142436981
0.1296	-0.6065069437026978
0.13040000000000002	-0.7846453189849854
0.1312	-0.7892385125160217
0.132	-0.6195616126060486
0.1328	-0.29121291637420654
0.1336	0.16638566553592682
0.13440000000000002	0.7115882635116577
0.13520000000000001	1.2939872741699219
0.136	1.860425353050232
0.1368	2.3598697185516357
0.1376	2.7475876808166504
0.1384	2.9900825023651123
0.13920000000000002	3.0664186477661133
0.14	2.9692845344543457
0.1408	2.7077796459198
0.1416	2.3046138286590576
0.1424	1.794758915901184
0.1432	1.2242350578308105
0.14400000000000002	0.6443120837211609
0.1448	0.10767228901386261
0.1456	-0.33606433868408203
0.1464	-0.6467393636703491
0.1472	-0.796655535697937
0.14800000000000002	-0.7716392278671265
0.14880000000000002	-0.573940098285675
0.1496	-0.2214687615633011
0.1504	0.25422805547714233
0.1512	0.8097546696662903
0.152	1.3935035467147827
0.15280000000000002	1.9519798755645752
0.15360000000000001	2.43548846244812
0.1544	2.800971031188965
0.1552	3.0167558193206787
0.156	3.0640947818756104
0.1568	2.9383387565612793
0.15760000000000002	2.6512362957000732
0.1584	2.2274978160858154
0.1592	1.7036815881729126
0.16	1.1274333000183105
0.1608	0.5511475205421448
0.16160000000000002	0.027006441727280617
0.16240000000000002	-0.3969571888446808
0.1632	-0.6824472546577454
0.164	-0.8038412928581238
0.1648	-0.7494528889656067
0.1656	-0.5243939757347107
0.16640000000000002	-0.14869990944862366
0.16720000000000002	0.3440077602863312
0.168	0.9078960418701172
0.1688	1.4907824993133545
0.1696	2.0398972034454346
0.1704	2.5062949657440186
0.17120000000000002	2.8486547470092773
0.17200000000000001	3.0373048782348633
0.1728	3.055621862411499
0.1736	2.9017560482025146
0.1744	2.589881181716919
0.1752	2.1464943885803223
0.17600000000000002	1.6105170249938965
0.1768	1.0305815935134888
0.1776	0.459345281124115
0.1784	-0.05110966041684151
0.1792	-0.45443785190582275
0.18000000000000002	-0.7140180468559265
0.18080000000000002	-0.8064025044441223
0.1816	-0.7226670384407043
0.1824	-0.47068578004837036
0.1832	-0.07250639796257019
0.184	0.4356497824192047
0.18480000000000002	1.0059374570846558
0.18560000000000001	1.5865991115570068
0.1864	2.125302314758301
0.1872	2.573701858520508
0.188	2.892176389694214
0.1888	3.053191661834717
0.18960000000000002	3.04249906539917
0.1904	2.8609485626220703
0.1912	2.5247511863708496
0.192	2.0627288818359375
0.1928	1.5161526203155518
0.19360000000000002	0.9310676455497742
0.19440000000000002	0.36325597763061523
0.1952	-0.13253793120384216
0.196	-0.5141932964324951
0.1968	-0.7469886541366577
0.1976	-0.8101010322570801
0.19840000000000002	-0.6973059773445129
0.19920000000000002	-0.41900235414505005
