0	-1355.4040086825262
0.0008	-42.754830451798625
0.0016	957.3588227194268
0.0024000000000000002	2582.543497298204
0.0032	3645.1642381715938
0.004	3957.699749009218
0.0048000000000000004	4207.728157292411
0.0056	4207.728157292411
0.0064	4082.713953193743
0.007200000000000001	3020.0932148824795
0.008	1894.965367529192
0.0088	707.3304099472007
0.009600000000000001	-542.8116591223516
0.010400000000000001	-1855.4608410118963
0.0112	-3168.1100325296284
0.012	-3918.1952891610563
0.0128	-4355.7450236555305
0.013600000000000001	-4605.773443850107
0.014400000000000001	-4043.209498906799
0.0152	-3543.152660450607
0.016	-2543.0389877468697
0.016800000000000002	-1355.4040086825262
0.0176	82.2593764984631
0.0184	1457.4156472238828
0.019200000000000002	2707.5577024300583
0.02	3582.657135939575
0.020800000000000003	4145.2210552538745
0.0216	4395.249463279208
0.0224	4082.713953193743
0.023200000000000002	3770.178442571254
0.024	2895.079009966168
0.024800000000000003	1832.4582646932686
0.0256	457.3019968281151
0.0264	-855.3471777483355
0.027200000000000002	-2230.503466175869
0.028	-3105.602927952714
0.028800000000000003	-3980.7023940229556
0.0296	-4605.773443850107
0.0304	-4605.773443850107
0.031200000000000002	-4105.716603812645
0.032	-3418.1384510559146
0.0328	-2480.5318833889323
0.033600000000000005	-917.8542815389228
0.0344	394.7948934941087
0.0352	1769.9511618358083
0.036000000000000004	2895.079009966168
0.0368	4020.206851112307
0.0376	4270.235259309469
0.038400000000000004	4395.249463279208
0.0392	4270.235259309469
0.04	3645.1642381715938
0.0408	2832.571907475707
0.041600000000000005	1519.9227501896094
0.0424	207.27358336182078
0.0432	-980.3613853511633
0.044000000000000004	-2543.0389877468697
0.0448	-3418.1384510559146
0.0456	-4105.716603812645
0.046400000000000004	-4543.266338768473
0.0472	-4543.266338768473
0.048	-3980.7023940229556
0.0488	-3230.6171371283126
0.049600000000000005	-2167.996361927362
0.0504	-792.8400739796343
0.0512	519.8091001405264
0.052000000000000005	1957.4724703435204
0.0528	3207.614522095304
0.0536	3957.699749009218
0.054400000000000004	4270.235259309469
0.055200000000000006	4395.249463279208
0.056	4020.206851112307
0.0568	3457.6429314109264
0.057600000000000005	2707.5577024300583
0.0584	1519.9227501896094
0.0592	19.752273034187965
0.060000000000000005	-1355.4040086825262
0.0608	-2668.0531965283444
0.0616	-3543.152660450607
0.062400000000000004	-4230.73081369017
0.0632	-4793.294759226963
0.064	-4480.759233708901
0.0648	-3980.7023940229556
0.0656	-2855.574509864615
0.0664	-1792.9537368943566
0.06720000000000001	-542.8116591223516
0.068	832.3446163766785
0.0688	2019.9795731361955
0.06960000000000001	3082.6003173082718
0.0704	3832.685544738779
0.0712	4457.756565231946
0.07200000000000001	4645.277870961116
0.0728	4020.206851112307
0.0736	3332.628726796247
0.07440000000000001	2520.036394699826
0.0752	1457.4156472238828
0.076	-167.7690374890226
0.07680000000000001	-1542.92532064236
0.0776	-2668.0531965283444
0.0784	-3605.6597651807824
0.0792	-4355.7450236555305
0.08	-4605.773443850107
0.08080000000000001	-4355.7450236555305
0.0816	-3918.1952891610563
0.0824	-3105.602927952714
0.08320000000000001	-1792.9537368943566
0.084	-355.2903482078109
0.0848	1082.3730289755622
0.08560000000000001	2395.0221894384013
0.0864	3270.121624456602
0.0872	3957.699749009218
0.08800000000000001	4395.249463279208
0.0888	4520.26366716309
0.0896	3770.178442571254
0.09040000000000001	3270.121624456602
0.0912	2520.036394699826
0.092	1207.38723514491
0.09280000000000001	-355.2903482078109
0.0936	-1667.9395287247607
0.0944	-2918.0816143538104
0.0952	-3855.6881843211013
0.096	-4418.252128671214
0.09680000000000001	-4480.759233708901
0.0976	-4293.237918661791
0.0984	-3793.181079503207
0.09920000000000001	-2730.560300951882
0.1	-1480.4182166339015
0.1008	207.27358336182078
0.10160000000000001	1207.38723514491
0.1024	2395.0221894384013
0.1032	3395.1358291144134
0.10400000000000001	3957.699749009218
0.1048	4457.756565231946
0.1056	4645.277870961116
0.10640000000000001	3895.1926468847087
0.1072	3082.6003173082718
0.108	2019.9795731361955
0.10880000000000001	707.3304099472007
0.1096	-605.3187628040323
0.11040000000000001	-1917.9679451513803
0.11120000000000001	-3230.6171371283126
0.112	-3918.1952891610563
0.11280000000000001	-4293.237918661791
0.1136	-4543.266338768473
0.1144	-4230.73081369017
0.11520000000000001	-3668.1668699330185
0.116	-2480.5318833889323
0.1168	-1292.8969047394348
0.11760000000000001	332.28779013839085
0.1184	1644.936956055928
0.1192	2707.5577024300583
0.12000000000000001	3582.657135939575
0.1208	3957.699749009218
0.1216	4457.756565231946
0.12240000000000001	4270.235259309469
0.1232	3895.1926468847087
0.124	2957.586112435092
0.12480000000000001	1832.4582646932686
0.12560000000000002	644.8233067000401
0.1264	-855.3471777483355
0.1272	-2293.0105704463786
0.128	-3168.1100325296284
0.1288	-3855.6881843211013
0.1296	-4355.7450236555305
0.13040000000000002	-4543.266338768473
0.1312	-4230.73081369017
0.132	-3230.6171371283126
0.1328	-2042.982153495599
0.1336	-1105.3755930410698
0.13440000000000002	332.28779013839085
0.13520000000000001	1832.4582646932686
0.136	3082.6003173082718
0.1368	3520.150033686019
0.1376	4207.728157292411
0.1384	4520.26366716309
0.13920000000000002	4332.742361305107
0.14	3645.1642381715938
0.1408	2770.064804963593
0.1416	1582.4298531335662
0.1424	394.7948934941087
0.1432	-1167.882696918794
0.14400000000000002	-2293.0105704463786
0.1448	-3418.1384510559146
0.1456	-3918.1952891610563
0.1464	-4418.252128671214
0.1472	-4418.252128671214
0.14800000000000002	-3980.7023940229556
0.14880000000000002	-3418.1384510559146
0.1496	-2042.982153495599
0.1504	-792.8400739796343
0.1512	582.3162034311099
0.152	1957.4724703435204
0.15280000000000002	3082.6003173082718
0.15360000000000001	3832.685544738779
0.1544	4457.756565231946
0.1552	4270.235259309469
0.156	4145.2210552538745
0.1568	3832.685544738779
0.15760000000000002	2520.036394699826
0.1584	1519.9227501896094
0.1592	19.752273034187965
0.16	-1230.3898008182296
0.1608	-2480.5318833889323
0.16160000000000002	-3543.152660450607
0.16240000000000002	-4230.73081369017
0.1632	-4543.266338768473
0.164	-4355.7450236555305
0.1648	-3855.6881843211013
0.1656	-3105.602927952714
0.16640000000000002	-1792.9537368943566
0.16720000000000002	-355.2903482078109
0.168	832.3446163766785
0.1688	2144.9937786566443
0.1696	3145.1074197125854
0.1704	3895.1926468847087
0.17120000000000002	4457.756565231946
0.17200000000000001	4520.26366716309
0.1728	3895.1926468847087
0.1736	3332.628726796247
0.1744	2520.036394699826
0.1752	1457.4156472238828
0.17600000000000002	-230.27614104031818
0.1768	-1542.92532064236
0.1776	-2855.574509864615
0.1784	-3605.6597651807824
0.1792	-4230.73081369017
0.18000000000000002	-4668.280548953684
0.18080000000000002	-4418.252128671214
0.1816	-3918.1952891610563
0.1824	-2855.574509864615
0.1832	-1667.9395287247607
0.184	-230.27614104031818
0.18480000000000002	1082.3730289755622
0.18560000000000001	2332.5150867752964
0.1864	3332.628726796247
0.1872	3895.1926468847087
0.188	4270.235259309469
0.1888	4395.249463279208
0.18960000000000002	3957.699749009218
0.1904	3207.614522095304
0.1912	2207.5008813845343
0.192	1019.8659258583211
0.1928	-230.27614104031818
0.19360000000000002	-1667.9395287247607
0.19440000000000002	-2918.0816143538104
0.1952	-3855.6881843211013
0.196	-4230.73081369017
0.1968	-4230.73081369017
0.1976	-4418.252128671214
0.19840000000000002	-3668.1668699330185
0.19920000000000002	-2793.067405397247
