0	-773.8379149889806
0.0008	538.8112591311801
0.0016	1976.474629334174
0.0024000000000000002	3039.095373873133
0.0032	3851.6877037294325
0.004	4226.730316283065
0.0048000000000000004	4414.251622269861
0.0056	4351.744520295761
0.0064	3289.123783447256
0.007200000000000001	2539.0385536904796
0.008	1413.910703227215
0.0088	163.76863893162226
0.009600000000000001	-1336.4018496918725
0.010400000000000001	-2649.0510375376907
0.0112	-3461.643396751664
0.012	-4149.221549749782
0.0128	-4524.26417977782
0.013600000000000001	-4149.221549749782
0.014400000000000001	-3836.6860253304476
0.0152	-3211.614978137659
0.016	-1836.4586820212426
0.016800000000000002	-523.8095001316979
0.0176	976.3609817100805
0.0184	2163.995937647298
0.019200000000000002	2976.588271425746
0.02	3851.6877037294325
0.020800000000000003	4289.237418300123
0.0216	4164.223214244528
0.0224	3914.1948058753624
0.023200000000000002	3414.137988105067
0.024	2289.0101430813666
0.024800000000000003	1038.8680848489748
0.0256	-148.7668784983689
0.0264	-1523.9231616517063
0.027200000000000002	-2774.0652464065934
0.028	-3774.1789205125533
0.028800000000000003	-4336.742864664877
0.0296	-4586.771284859453
0.0304	-4399.249969680561
0.031200000000000002	-3711.6718157163705
0.032	-2899.0794553631567
0.0328	-1336.4018496918725
0.033600000000000005	-211.27398204966448
0.0344	1038.8680848489748
0.0352	2476.531451070623
0.036000000000000004	3351.6308857869008
0.0368	3914.1948058753624
0.0376	4414.251622269861
0.038400000000000004	4289.237418300123
0.0392	3914.1948058753624
0.04	3164.109578703239
0.0408	2351.51724576595
0.041600000000000005	851.3467753673322
0.0424	-398.79529283364536
0.0432	-1648.937369734107
0.044000000000000004	-2711.558141961228
0.0448	-3774.1789205125533
0.0456	-4274.235759671137
0.046400000000000004	-4461.757074718247
0.0472	-4211.7286546995165
0.048	-3586.6576061901287
0.0488	-2711.558141961228
0.049600000000000005	-1336.4018496918725
0.0504	351.28994912904454
0.0512	1351.4036002183566
0.052000000000000005	2601.5456562888576
0.0528	3226.6166810859577
0.0536	4039.2090101029607
0.054400000000000004	4289.237418300123
0.055200000000000006	4476.7587242226
0.056	3789.1806015619077
0.0568	3226.6166810859577
0.057600000000000005	1851.4604236839223
0.0584	788.8396721634781
0.0592	-523.8095001316979
0.060000000000000005	-1961.472890321922
0.0608	-3211.614978137659
0.0616	-3899.1931301704026
0.062400000000000004	-4399.249969680561
0.0632	-4586.771284859453
0.064	-4149.221549749782
0.0648	-3586.6576061901287
0.0656	-2461.5297243982786
0.0664	-1086.373434050416
0.06720000000000001	351.28994912904454
0.068	1413.910703227215
0.0688	2601.5456562888576
0.06960000000000001	3789.1806015619077
0.0704	3976.7019079998718
0.0712	4351.744520295761
0.07200000000000001	4164.223214244528
0.0728	3601.6592949302285
0.0736	2914.081168956822
0.07440000000000001	1851.4604236839223
0.0752	601.3183624217636
0.076	-711.3308112419909
0.07680000000000001	-2274.008411455725
0.0776	-3336.629187400744
0.0784	-3961.700235032302
0.0792	-4649.27838996303
0.08	-4461.757074718247
0.08080000000000001	-3899.1931301704026
0.0816	-3399.136292065261
0.0824	-2274.008411455725
0.08320000000000001	-1148.8805379281403
0.084	476.3041558187688
0.0848	1726.4462179473485
0.08560000000000001	2851.574066466361
0.0864	3539.1521926766727
0.0872	4289.237418300123
0.08800000000000001	4539.265826153744
0.0888	4226.730316283065
0.0896	3601.6592949302285
0.09040000000000001	2726.559861420712
0.0912	1726.4462179473485
0.092	226.27574235247448
0.09280000000000001	-961.3592263605096
0.0936	-2336.515515748062
0.0944	-3461.643396751664
0.0952	-4086.7144448219915
0.096	-4649.27838996303
0.09680000000000001	-4399.249969680561
0.0976	-4086.7144448219915
0.0984	-3149.1078735389747
0.09920000000000001	-1961.472890321922
0.1	-773.8379149889806
0.1008	726.3325689378544
0.10160000000000001	2038.9817321268492
0.1024	3039.095373873133
0.1032	3789.1806015619077
0.10400000000000001	4289.237418300123
0.1048	4476.7587242226
0.1056	4039.2090101029607
0.10640000000000001	3414.137988105067
0.1072	2601.5456562888576
0.108	1476.4178062145365
0.10880000000000001	38.75443202484166
0.1096	-1398.9089536566753
0.11040000000000001	-2461.5297243982786
0.11120000000000001	-3399.136292065261
0.112	-4086.7144448219915
0.11280000000000001	-4524.26417977782
0.1136	-4461.757074718247
0.1144	-3961.700235032302
0.11520000000000001	-3086.60076896206
0.116	-1836.4586820212426
0.1168	-461.3023964717868
0.11760000000000001	913.8538785494748
0.1184	2163.995937647298
0.1192	3289.123783447256
0.12000000000000001	4039.2090101029607
0.1208	4351.744520295761
0.1216	4414.251622269861
0.12240000000000001	3914.1948058753624
0.1232	3226.6166810859577
0.124	2414.024348429055
0.12480000000000001	1163.8822910616873
0.12560000000000002	-148.7668784983689
0.1264	-1461.4160576432478
0.1272	-2899.0794553631567
0.128	-3711.6718157163705
0.1288	-4149.221549749782
0.1296	-4586.771284859453
0.13040000000000002	-4461.757074718247
0.1312	-3774.1789205125533
0.132	-2836.572350873961
0.1328	-1836.4586820212426
0.1336	-211.27398204966448
0.13440000000000002	976.3609817100805
0.13520000000000001	2539.0385536904796
0.136	3664.1663971622474
0.1368	3914.1948058753624
0.1376	4226.730316283065
0.1384	4414.251622269861
0.13920000000000002	3789.1806015619077
0.14	3289.123783447256
0.1408	2163.995937647298
0.1416	726.3325689378544
0.1424	-461.3023964717868
0.1432	-1711.4444738080492
0.14400000000000002	-2524.036828756216
0.1448	-3774.1789205125533
0.1456	-4399.249969680561
0.1464	-4586.771284859453
0.1472	-4211.7286546995165
0.14800000000000002	-3649.1647109423648
0.14880000000000002	-2899.0794553631567
0.1496	-1461.4160576432478
0.1504	163.76863893162226
0.1512	1288.8964971877867
0.152	2664.052758865524
0.15280000000000002	3414.137988105067
0.15360000000000001	3914.1948058753624
0.1544	4289.237418300123
0.1552	4351.744520295761
0.156	3851.6877037294325
0.1568	3039.095373873133
0.15760000000000002	2038.9817321268492
0.1584	788.8396721634781
0.1592	-523.8095001316979
0.16	-1836.4586820212426
0.1608	-2961.5865598742384
0.16160000000000002	-3649.1647109423648
0.16240000000000002	-4586.771284859453
0.1632	-4649.27838996303
0.164	-3961.700235032302
0.1648	-3399.136292065261
0.1656	-2336.515515748062
0.16640000000000002	-1148.8805379281403
0.16720000000000002	163.76863893162226
0.168	1538.924909180263
0.1688	2914.081168956822
0.1696	3851.6877037294325
0.1704	3914.1948058753624
0.17120000000000002	4476.7587242226
0.17200000000000001	4351.744520295761
0.1728	3476.64509040158
0.1736	2914.081168956822
0.1744	1788.953320826462
0.1752	476.3041558187688
0.17600000000000002	-773.8379149889806
0.1768	-2211.5013071852154
0.1776	-3211.614978137659
0.1784	-3899.1931301704026
0.1792	-4461.757074718247
0.18000000000000002	-4586.771284859453
0.18080000000000002	-4086.7144448219915
0.1816	-3336.629187400744
0.1824	-2336.515515748062
0.1832	-961.3592263605096
0.184	413.7970524847624
0.18480000000000002	1726.4462179473485
0.18560000000000001	3039.095373873133
0.1864	3664.1663971622474
0.1872	4351.744520295761
0.188	4351.744520295761
0.1888	4101.7161121843965
0.18960000000000002	3539.1521926766727
0.1904	2726.559861420712
0.1912	1413.910703227215
0.192	163.76863893162226
0.1928	-1023.8663301946945
0.19360000000000002	-2399.0226200622856
0.19440000000000002	-3461.643396751664
0.1952	-4274.235759671137
0.196	-4399.249969680561
0.1968	-4399.249969680561
0.1976	-4211.7286546995165
0.19840000000000002	-3211.614978137659
0.19920000000000002	-2023.9799945049454
