0	-535.0607785838074
0.0008	965.109703257971
0.0016	2465.2801726185135
0.0024000000000000002	3215.365402633848
0.0032	3777.929323109798
0.004	4215.479037830955
0.0048000000000000004	4590.521649611415
0.0056	3902.943527423253
0.0064	3340.379607334791
0.007200000000000001	2402.7730699769454
0.008	1090.1239095141063
0.0088	-410.0465712857549
0.009600000000000001	-1597.6815441341023
0.010400000000000001	-2847.8236293260707
0.0112	-3722.92309416848
0.012	-4160.472828201891
0.0128	-4660.52966841514
0.013600000000000001	-4285.487038123247
0.014400000000000001	-3722.92309416848
0.0152	-2660.3023159898003
0.016	-1597.6815441341023
0.016800000000000002	-222.52526050177403
0.0176	1027.6168063968653
0.0184	2340.2659673138405
0.019200000000000002	3465.3938119494705
0.02	3965.450629547762
0.020800000000000003	4152.971935792419
0.0216	4340.493241843651
0.0224	3840.436425277323
0.023200000000000002	3215.365402633848
0.024	2340.2659673138405
0.024800000000000003	965.109703257971
0.0256	-472.5536749238963
0.0264	-1472.6673360953573
0.027200000000000002	-2972.837838326348
0.028	-3722.92309416848
0.028800000000000003	-4410.50124813267
0.0296	-4785.543878688419
0.0304	-4285.487038123247
0.031200000000000002	-3597.9088846422383
0.032	-2597.7952115880908
0.0328	-1097.6247125025257
0.033600000000000005	152.51736047951272
0.0344	1402.6594247751054
0.0352	2652.8014804134145
0.036000000000000004	3590.408016478119
0.0368	3902.943527423253
0.0376	4528.014547701634
0.038400000000000004	4215.479037830955
0.0392	3652.915118710138
0.04	3152.8583002511295
0.0408	2027.7304536747397
0.041600000000000005	652.5741872385843
0.0424	-535.0607785838074
0.0432	-2035.231272957055
0.044000000000000004	-3222.8662565897685
0.0448	-3910.444408622512
0.0456	-4598.022563311562
0.046400000000000004	-4535.515458229929
0.0472	-4097.965723274101
0.048	-3222.8662565897685
0.0488	-2472.781002850388
0.049600000000000005	-1035.117608646804
0.0504	277.5315672994475
0.0512	1590.1807336721104
0.052000000000000005	2652.8014804134145
0.0528	3715.4222209206782
0.0536	4215.479037830955
0.054400000000000004	4403.000343817752
0.055200000000000006	4027.957731650851
0.056	3777.929323109798
0.0568	2902.8298905047122
0.057600000000000005	1965.2233508820646
0.0584	465.05287736665923
0.0592	-910.1034010003787
0.060000000000000005	-2285.2596899078344
0.0608	-3410.3875705173705
0.0616	-4035.458618368255
0.062400000000000004	-4535.515458229929
0.0632	-4473.008353170357
0.064	-4097.965723274101
0.0648	-3472.8946752037737
0.0656	-2285.2596899078344
0.0664	-597.5678822654882
0.06720000000000001	590.067083969654
0.068	1840.2091452318127
0.0688	2965.3369929736364
0.06960000000000001	3527.900914224563
0.0704	4215.479037830955
0.0712	4465.50744577049
0.07200000000000001	4215.479037830955
0.0728	3590.408016478119
0.0736	2527.78727523837
0.07440000000000001	1590.1807336721104
0.0752	277.5315672994475
0.076	-1285.1460242008907
0.07680000000000001	-2535.2881072083255
0.0776	-3410.3875705173705
0.0784	-4160.472828201891
0.0792	-4473.008353170357
0.08	-4598.022563311562
0.08080000000000001	-3910.444408622512
0.0816	-3222.8662565897685
0.0824	-1847.709960473352
0.08320000000000001	-722.5820896941004
0.084	715.0812904857448
0.0848	2152.7446591951884
0.08560000000000001	3152.8583002511295
0.0864	3902.943527423253
0.0872	4152.971935792419
0.08800000000000001	4653.02875149966
0.0888	4027.957731650851
0.0896	3465.3938119494705
0.09040000000000001	2590.294377836748
0.0912	1340.152321766247
0.092	-222.52526050177403
0.09280000000000001	-1347.653128143982
0.0936	-2535.2881072083255
0.0944	-3785.430198964663
0.0952	-4097.965723274101
0.096	-4535.515458229929
0.09680000000000001	-4222.979933151626
0.0976	-3722.92309416848
0.0984	-3160.359151991084
0.09920000000000001	-1660.1886481862166
0.1	90.01025703700725
0.1008	840.0954969152226
0.10160000000000001	2090.2375564457616
0.1024	3340.379607334791
0.1032	3902.943527423253
0.10400000000000001	4215.479037830955
0.1048	4403.000343817752
0.1056	3965.450629547762
0.10640000000000001	3340.379607334791
0.1072	2152.7446591951884
0.108	1027.6168063968653
0.10880000000000001	-285.03236407460645
0.1096	-1535.1744401038159
0.11040000000000001	-2785.316524858703
0.11120000000000001	-3722.92309416848
0.112	-4347.994143116986
0.11280000000000001	-4535.515458229929
0.1136	-4285.487038123247
0.1144	-3785.430198964663
0.11520000000000001	-2660.3023159898003
0.116	-1472.6673360953573
0.1168	-97.51105342101073
0.11760000000000001	1340.152321766247
0.1184	2465.2801726185135
0.1192	3465.3938119494705
0.12000000000000001	3902.943527423253
0.1208	4715.535853366426
0.1216	4090.464833732287
0.12240000000000001	3965.450629547762
0.1232	3152.8583002511295
0.124	2090.2375564457616
0.12480000000000001	965.109703257971
0.12560000000000002	-472.5536749238963
0.1264	-1660.1886481862166
0.1272	-3097.8520474141696
0.128	-3847.937303782557
0.1288	-4410.50124813267
0.1296	-4660.52966841514
0.13040000000000002	-4222.979933151626
0.1312	-3722.92309416848
0.132	-2660.3023159898003
0.1328	-1285.1460242008907
0.1336	152.51736047951272
0.13440000000000002	1215.138115683454
0.13520000000000001	2715.3085829686024
0.136	3652.915118710138
0.1368	3965.450629547762
0.1376	4340.493241843651
0.1384	4152.971935792419
0.13920000000000002	3652.915118710138
0.14	3090.351197846816
0.1408	2027.7304536747397
0.1416	590.067083969654
0.1424	-722.5820896941004
0.1432	-1910.217064612836
0.14400000000000002	-3222.8662565897685
0.1448	-3910.444408622512
0.1456	-4285.487038123247
0.1464	-4598.022563311562
0.1472	-4035.458618368255
0.14800000000000002	-3472.8946752037737
0.14880000000000002	-2472.781002850388
0.1496	-1097.6247125025257
0.1504	215.02446390036494
0.1512	1590.1807336721104
0.152	2840.3227880142513
0.15280000000000002	3402.8867096529575
0.15360000000000001	4090.464833732287
0.1544	4465.50744577049
0.1552	4528.014547701634
0.156	3652.915118710138
0.1568	3027.8440954210237
0.15760000000000002	1715.194939495239
0.1584	402.54577403265284
0.1592	-972.6105048126192
0.16	-2347.7667942001717
0.1608	-3285.3733612103388
0.16160000000000002	-4097.965723274101
0.16240000000000002	-4535.515458229929
0.1632	-4535.515458229929
0.164	-4035.458618368255
0.1648	-3347.8804658528534
0.1656	-2222.752585637325
0.16640000000000002	-972.6105048126192
0.16720000000000002	527.5599806790706
0.168	2090.2375564457616
0.1688	2777.815685502137
0.1696	3715.4222209206782
0.1704	4403.000343817752
0.17120000000000002	4590.521649611415
0.17200000000000001	4027.957731650851
0.1728	3527.900914224563
0.1736	2840.3227880142513
0.1744	1590.1807336721104
0.1752	-35.00394991325447
0.17600000000000002	-1035.117608646804
0.1768	-2410.273898514395
0.1776	-3535.401779912063
0.1784	-4285.487038123247
0.1792	-4535.515458229929
0.18000000000000002	-4347.994143116986
0.18080000000000002	-3722.92309416848
0.1816	-3160.359151991084
0.1824	-2160.245481388818
0.1832	-535.0607785838074
0.184	777.5883937113686
0.18480000000000002	2027.7304536747397
0.18560000000000001	3090.351197846816
0.1864	3652.915118710138
0.1872	4277.986139848013
0.188	4277.986139848013
0.1888	4027.957731650851
0.18960000000000002	3402.8867096529575
0.1904	2527.78727523837
0.1912	1465.166527762427
0.192	-222.52526050177403
0.1928	-1285.1460242008907
0.19360000000000002	-2472.781002850388
0.19440000000000002	-3660.4159893944743
0.1952	-4222.979933151626
0.196	-4598.022563311562
0.1968	-4473.008353170357
0.1976	-3722.92309416848
0.19840000000000002	-3097.8520474141696
0.19920000000000002	-1910.217064612836
