0	-266.0302046908764
0.0008	984.111862641701
0.0016	2296.761024012987
0.0024000000000000002	3359.3817667185212
0.0032	4109.466993116017
0.004	4296.988299231743
0.0048000000000000004	4296.988299231743
0.0056	3859.438584661053
0.0064	3234.367562017578
0.007200000000000001	2234.2539213068085
0.008	984.111862641701
0.0088	-516.0586192000774
0.009600000000000001	-1703.6935928764287
0.010400000000000001	-2703.8072610296076
0.0112	-3766.428039580933
0.012	-4328.991983733256
0.0128	-4641.52750903141
0.013600000000000001	-4141.470668818161
0.014400000000000001	-3578.9067252585082
0.0152	-2703.8072610296076
0.016	-1578.6793847503723
0.016800000000000002	171.51951986324275
0.0176	1359.154481149977
0.0184	2609.296537220478
0.019200000000000002	3546.903073608293
0.02	3921.945686806983
0.020800000000000003	4359.495401227381
0.0216	4359.495401227381
0.0224	3921.945686806983
0.023200000000000002	3109.353357230546
0.024	1984.2255102657946
0.024800000000000003	609.0692433533841
0.0256	-578.5657228817581
0.0264	-1891.214905229106
0.027200000000000002	-3266.3712018266087
0.028	-3953.9493541006814
0.028800000000000003	-4454.006193786627
0.0296	-4641.52750903141
0.0304	-4078.963563890371
0.031200000000000002	-3578.9067252585082
0.032	-2391.271739130665
0.0328	-1266.1438648171606
0.033600000000000005	296.5337266831775
0.0344	1421.6615841588355
0.0352	2921.8320498884423
0.036000000000000004	3546.903073608293
0.0368	4296.988299231743
0.0376	4484.5096051542205
0.038400000000000004	4171.974095176149
0.0392	3546.903073608293
0.04	2984.3391523573664
0.0408	1859.2113046155428
0.041600000000000005	796.5905530950986
0.0424	-766.0870340573601
0.0432	-2078.7362177783507
0.044000000000000004	-3203.8640972060384
0.0448	-4141.470668818161
0.0456	-4391.49908874894
0.046400000000000004	-4454.006193786627
0.0472	-4078.963563890371
0.048	-3203.8640972060384
0.0488	-2141.243322005088
0.049600000000000005	-1016.115449263074
0.0504	484.05503675038926
0.0512	1734.197098878969
0.052000000000000005	3046.8462548047537
0.0528	3609.410175861849
0.0536	4109.466993116017
0.054400000000000004	4422.002503201482
0.055200000000000006	4046.9598910345812
0.056	3734.4243803044083
0.0568	2796.817844885867
0.057600000000000005	1421.6615841588355
0.0584	296.5337266831775
0.0592	-953.6083454288892
0.060000000000000005	-2516.2859478245955
0.0608	-3391.3854111336404
0.0616	-4141.470668818161
0.062400000000000004	-4516.513298846199
0.0632	-4454.006193786627
0.064	-3891.442249238782
0.0648	-3203.8640972060384
0.0656	-2016.2291135733249
0.0664	-703.5799303103704
0.06720000000000001	734.0834498694749
0.068	1921.7184074514662
0.0688	3046.8462548047537
0.06960000000000001	3671.917278093868
0.0704	4359.495401227381
0.0712	4422.002503201482
0.07200000000000001	4171.974095176149
0.0728	3546.903073608293
0.0736	2671.8036397971446
0.07440000000000001	1359.154481149977
0.0752	109.01241642073728
0.076	-1391.1580727250548
0.07680000000000001	-2516.2859478245955
0.0776	-3453.8925158200436
0.0784	-4141.470668818161
0.0792	-4454.006193786627
0.08	-4391.49908874894
0.08080000000000001	-3828.935144398827
0.0816	-3141.356992607354
0.0824	-1891.214905229106
0.08320000000000001	-516.0586192000774
0.084	796.5905530950986
0.0848	2171.7468185789185
0.08560000000000001	3109.353357230546
0.0864	3796.931482493528
0.0872	4359.495401227381
0.08800000000000001	4484.5096051542205
0.0888	3921.945686806983
0.0896	3296.8746643788763
0.09040000000000001	2546.7894346221
0.0912	1296.6473781194072
0.092	-203.523101118044
0.09280000000000001	-1516.1722807200858
0.0936	-2703.8072610296076
0.0944	-3516.399620528333
0.0952	-4141.470668818161
0.096	-4391.49908874894
0.09680000000000001	-4203.977773767896
0.0976	-3828.935144398827
0.0984	-3016.3427834755857
0.09920000000000001	-1578.6793847503723
0.1	-141.0159975667484
0.1008	1359.154481149977
0.10160000000000001	2171.7468185789185
0.1024	3296.8746643788763
0.1032	3921.945686806983
0.10400000000000001	4422.002503201482
0.1048	4296.988299231743
0.1056	3859.438584661053
0.10640000000000001	3484.3959713332006
0.1072	2171.7468185789185
0.108	921.6047594810952
0.10880000000000001	-766.0870340573601
0.1096	-1953.7220093903015
0.11040000000000001	-2891.3285744315363
0.11120000000000001	-3953.9493541006814
0.112	-4328.991983733256
0.11280000000000001	-4454.006193786627
0.1136	-4016.456458984525
0.1144	-3766.428039580933
0.11520000000000001	-2641.3001566060702
0.116	-1516.1722807200858
0.1168	-203.523101118044
0.11760000000000001	1359.154481149977
0.1184	2546.7894346221
0.1192	3296.8746643788763
0.12000000000000001	3796.931482493528
0.1208	4422.002503201482
0.1216	4296.988299231743
0.12240000000000001	3921.945686806983
0.1232	2921.8320498884423
0.124	1796.7042017580825
0.12480000000000001	671.5763466223143
0.12560000000000002	-703.5799303103704
0.1264	-1891.214905229106
0.1272	-3328.8783064691233
0.128	-4016.456458984525
0.1288	-4641.52750903141
0.1296	-4641.52750903141
0.13040000000000002	-3953.9493541006814
0.1312	-3391.3854111336404
0.132	-2516.2859478245955
0.1328	-1203.6367608959554
0.1336	109.01241642073728
0.13440000000000002	1734.197098878969
0.13520000000000001	2859.3249473979813
0.136	3296.8746643788763
0.1368	4046.9598910345812
0.1376	4359.495401227381
0.1384	4484.5096051542205
0.13920000000000002	3734.4243803044083
0.14	2859.3249473979813
0.1408	1859.2113046155428
0.1416	421.5479334163829
0.1424	-703.5799303103704
0.1432	-2141.243322005088
0.14400000000000002	-3328.8783064691233
0.1448	-3891.442249238782
0.1456	-4391.49908874894
0.1464	-4579.020403927832
0.1472	-4016.456458984525
0.14800000000000002	-3516.399620528333
0.14880000000000002	-2078.7362177783507
0.1496	-828.5941378260613
0.1504	421.5479334163829
0.1512	1859.2113046155428
0.152	3109.353357230546
0.15280000000000002	3609.410175861849
0.15360000000000001	4296.988299231743
0.1544	4609.523808995145
0.1552	4109.466993116017
0.156	3609.410175861849
0.1568	2796.817844885867
0.15760000000000002	1734.197098878969
0.1584	296.5337266831775
0.1592	-1141.1296569965198
0.16	-2328.7646348164417
0.1608	-3516.399620528333
0.16160000000000002	-4141.470668818161
0.16240000000000002	-4579.020403927832
0.1632	-4454.006193786627
0.164	-4016.456458984525
0.1648	-3328.8783064691233
0.1656	-2266.2575305241044
0.16640000000000002	-766.0870340573601
0.16720000000000002	546.5621400628006
0.168	1984.2255102657946
0.1688	3171.8604596348596
0.1696	3734.4243803044083
0.1704	4422.002503201482
0.17120000000000002	4359.495401227381
0.17200000000000001	4046.9598910345812
0.1728	3546.903073608293
0.1736	2671.8036397971446
0.1744	1296.6473781194072
0.1752	-16.001790529524442
0.17600000000000002	-1078.6225531187956
0.1768	-2391.271739130665
0.1776	-3578.9067252585082
0.1784	-4141.470668818161
0.1792	-4641.52750903141
0.18000000000000002	-4454.006193786627
0.18080000000000002	-3891.442249238782
0.1816	-3078.8498880304396
0.1824	-1891.214905229106
0.1832	-453.5515155401663
0.184	734.0834498694749
0.18480000000000002	2171.7468185789185
0.18560000000000001	3171.8604596348596
0.1864	3796.931482493528
0.1872	4234.481197214685
0.188	4296.988299231743
0.1888	3984.4527889314923
0.18960000000000002	3421.8888690366875
0.1904	2734.3107423523325
0.1912	1171.6331719933078
0.192	-141.0159975667484
0.1928	-1578.6793847503723
0.19360000000000002	-2703.8072610296076
0.19440000000000002	-3578.9067252585082
0.1952	-4266.484878739517
0.196	-4516.513298846199
0.1968	-4328.991983733256
0.1976	-3766.428039580933
0.19840000000000002	-2828.8214699423406
0.19920000000000002	-1703.6935928764287
