0	-382.0433890184504
0.0008	1055.6199886641698
0.0016	2368.269149581145
0.0024000000000000002	3055.847277688328
0.0032	3805.9325053771026
0.004	4305.989322115318
0.0048000000000000004	4431.003526085056
0.0056	3930.9467096905573
0.0064	3368.3827896020957
0.007200000000000001	2180.747841462493
0.008	993.1128855252755
0.0088	-319.53628540196223
0.009600000000000001	-1694.6925699928543
0.010400000000000001	-2819.820447058766
0.0112	-3632.41280712717
0.012	-4319.990960849682
0.0128	-4632.526486147835
0.013600000000000001	-4319.990960849682
0.014400000000000001	-3632.41280712717
0.0152	-2632.2991337224958
0.016	-1319.6499458766775
0.016800000000000002	-382.0433890184504
0.0176	993.1128855252755
0.0184	2430.77625224425
0.019200000000000002	3555.9040964918677
0.02	3930.9467096905573
0.020800000000000003	4431.003526085056
0.0216	4305.989322115318
0.0224	3993.4538118150667
0.023200000000000002	3180.861482518434
0.024	2305.7620468965615
0.024800000000000003	743.0844727530493
0.0256	-569.5646999981836
0.0264	-1944.720986506727
0.027200000000000002	-2944.8346560590435
0.028	-3819.9341215152526
0.028800000000000003	-4445.005170903052
0.0296	-4570.019381044258
0.0304	-4194.9767508843215
0.031200000000000002	-3632.41280712717
0.032	-2382.2707162470906
0.0328	-1319.6499458766775
0.033600000000000005	-7.0007676459499635
0.0344	1430.66260704241
0.0352	2743.311765235907
0.036000000000000004	3493.396994216775
0.0368	4118.468015999591
0.0376	4368.496424110956
0.038400000000000004	4180.975118059723
0.0392	3743.4254031879827
0.04	3180.861482518434
0.0408	1993.226533149369
0.041600000000000005	618.0702662369586
0.0424	-632.071803701634
0.0432	-1944.720986506727
0.044000000000000004	-3257.3701789430343
0.0448	-3757.4270166973583
0.0456	-4382.498065865366
0.046400000000000004	-4570.019381044258
0.0472	-4132.469645934587
0.048	-3632.41280712717
0.0488	-2444.7778205830837
0.049600000000000005	-882.1002187330741
0.0504	618.0702662369586
0.0512	1618.1839159394149
0.052000000000000005	2805.8188677694416
0.0528	3680.9183009774424
0.0536	4180.975118059723
0.054400000000000004	4305.989322115318
0.055200000000000006	4243.48222009826
0.056	3618.4111987454235
0.0568	3055.847277688328
0.057600000000000005	1743.1981217625435
0.0584	180.52054274681723
0.0592	-694.5789074267959
0.060000000000000005	-2132.2422991215135
0.0608	-3382.384388250066
0.0616	-4007.4554361009505
0.062400000000000004	-4445.005170903052
0.0632	-4445.005170903052
0.064	-4069.9625410067965
0.0648	-3257.3701789430343
0.0656	-2257.25650764053
0.0664	-819.5931149424869
0.06720000000000001	493.05605963396374
0.068	1805.705224641657
0.0688	2868.325970281556
0.06960000000000001	3680.9183009774424
0.0704	4243.48222009826
0.0712	4556.0177299689385
0.07200000000000001	4180.975118059723
0.0728	3555.9040964918677
0.0736	2618.2975601040525
0.07440000000000001	1493.1697100297315
0.0752	-7.0007676459499635
0.076	-1319.6499458766775
0.07680000000000001	-2507.284924941021
0.0776	-3444.891492936469
0.0784	-4007.4554361009505
0.0792	-4507.512275962625
0.08	-4445.005170903052
0.08080000000000001	-4069.9625410067965
0.0816	-3069.848865146865
0.0824	-1757.199674088508
0.08320000000000001	-507.0575963165029
0.084	805.5915759786731
0.0848	1930.7194303350407
0.08560000000000001	2930.8330727720167
0.0864	3868.4396075446275
0.0872	4243.48222009826
0.08800000000000001	4305.989322115318
0.0888	3993.4538118150667
0.0896	3430.889891920262
0.09040000000000001	2680.804662680719
0.0912	1368.1555040335516
0.092	-69.50787115370622
0.09280000000000001	-1257.1428419335862
0.0936	-2569.7920293207862
0.0944	-3632.41280712717
0.0952	-4257.483855855942
0.096	-4507.512275962625
0.09680000000000001	-4382.498065865366
0.0976	-3757.4270166973583
0.0984	-3069.848865146865
0.09920000000000001	-1819.7067782060476
0.1	-382.0433890184504
0.1008	868.0986791825271
0.10160000000000001	2430.77625224425
0.1024	3368.3827896020957
0.1032	3868.4396075446275
0.10400000000000001	4305.989322115318
0.1048	4368.496424110956
0.1056	4055.9609139181557
0.10640000000000001	3555.9040964918677
0.1072	2430.77625224425
0.108	993.1128855252755
0.10880000000000001	-382.0433890184504
0.1096	-1632.185465918912
0.11040000000000001	-2444.7778205830837
0.11120000000000001	-3819.9341215152526
0.112	-4445.005170903052
0.11280000000000001	-4570.019381044258
0.1136	-4132.469645934587
0.1144	-3819.9341215152526
0.11520000000000001	-2757.3133425913984
0.116	-1632.185465918912
0.1168	-194.52207823446952
0.11760000000000001	1180.6341948768822
0.1184	2305.7620468965615
0.1192	3555.9040964918677
0.12000000000000001	3680.9183009774424
0.1208	4305.989322115318
0.1216	4305.989322115318
0.12240000000000001	4055.9609139181557
0.1232	3305.875687262451
0.124	2055.733635942044
0.12480000000000001	868.0986791825271
0.12560000000000002	-507.0575963165029
0.1264	-1882.2138823455316
0.1272	-3132.3559697237797
0.128	-3882.4412263552076
0.1288	-4445.005170903052
0.1296	-4695.033591273474
0.13040000000000002	-4194.9767508843215
0.1312	-3569.9057023749338
0.132	-2444.7778205830837
0.1328	-1319.6499458766775
0.1336	243.02764616766945
0.13440000000000002	1368.1555040335516
0.13520000000000001	2680.804662680719
0.136	3368.3827896020957
0.1368	3930.9467096905573
0.1376	4368.496424110956
0.1384	3993.4538118150667
0.13920000000000002	3805.9325053771026
0.14	2993.340175240941
0.1408	1868.2123274991172
0.1416	680.5773695058888
0.1424	-694.5789074267959
0.1432	-2007.2280906897504
0.14400000000000002	-3194.863074322464
0.1448	-3944.948331217107
0.1456	-4257.483855855942
0.1464	-4570.019381044258
0.1472	-4194.9767508843215
0.14800000000000002	-3444.891492936469
0.14880000000000002	-2632.2991337224958
0.1496	-1007.1144263794995
0.1504	368.0418529442395
0.1512	1680.6910188617767
0.152	2805.8188677694416
0.15280000000000002	3680.9183009774424
0.15360000000000001	4368.496424110956
0.1544	4368.496424110956
0.1552	4243.48222009826
0.156	3680.9183009774424
0.1568	2993.340175240941
0.15760000000000002	1680.6910188617767
0.1584	180.52054274681723
0.1592	-694.5789074267959
0.16	-2257.25650764053
0.1608	-3382.384388250066
0.16160000000000002	-4069.9625410067965
0.16240000000000002	-4445.005170903052
0.1632	-4507.512275962625
0.164	-4319.990960849682
0.1648	-3257.3701789430343
0.1656	-2132.2422991215135
0.16640000000000002	-632.071803701634
0.16720000000000002	430.54895629995735
0.168	1868.2123274991172
0.1688	2868.325970281556
0.1696	3680.9183009774424
0.1704	4180.975118059723
0.17120000000000002	4305.989322115318
0.17200000000000001	4243.48222009826
0.1728	3555.9040964918677
0.1736	2743.311765235907
0.1744	1555.676812995458
0.1752	305.534749566752
0.17600000000000002	-1132.1286341129453
0.1768	-2444.7778205830837
0.1776	-3444.891492936469
0.1784	-4319.990960849682
0.1792	-4445.005170903052
0.18000000000000002	-4445.005170903052
0.18080000000000002	-3944.948331217107
0.1816	-3132.3559697237797
0.1824	-2069.735194894776
0.1832	-632.071803701634
0.184	743.0844727530493
0.18480000000000002	2118.240738713066
0.18560000000000001	3055.847277688328
0.1864	3805.9325053771026
0.1872	4243.48222009826
0.188	4431.003526085056
0.1888	4055.9609139181557
0.18960000000000002	3430.889891920262
0.1904	2493.283354885818
0.1912	1368.1555040335516
0.192	55.50633584003663
0.1928	-1382.1570498414803
0.19360000000000002	-2694.806238146033
0.19440000000000002	-3694.9199119011755
0.1952	-4194.9767508843215
0.196	-4570.019381044258
0.1968	-4445.005170903052
0.1976	-3882.4412263552076
0.19840000000000002	-2444.7778205830837
0.19920000000000002	-1819.7067782060476
