0	-359.5408316347748
0.0008	828.0941333623487
0.0016	2390.7717069648206
0.0024000000000000002	3578.4066538755433
0.0032	3953.449267074233
0.004	4203.477675443399
0.0048000000000000004	4390.998981494631
0.0056	4328.4918794989935
0.0064	3203.3640399021097
0.007200000000000001	2390.7717069648206
0.008	1015.6154429089511
0.0088	-297.03372801828664
0.009600000000000001	-1734.6971167048323
0.010400000000000001	-2797.3178896750906
0.0112	-3797.431564131577
0.012	-4234.981298472267
0.0128	-4359.99550848169
0.013600000000000001	-4422.502613519377
0.014400000000000001	-3859.938668971532
0.0152	-2734.810785207723
0.016	-1484.6687004528358
0.016800000000000002	15.50178973772563
0.0176	1140.6296491650864
0.0184	2390.7717069648206
0.019200000000000002	3390.8853469857713
0.02	3953.449267074233
0.020800000000000003	4453.506083468732
0.0216	4265.984777481935
0.0224	3953.449267074233
0.023200000000000002	3078.3498350720038
0.024	2078.23619332572
0.024800000000000003	890.6012365662027
0.0256	-422.0479352729162
0.0264	-1922.2184291230515
0.027200000000000002	-3172.3605169387884
0.028	-3922.4457738334313
0.028800000000000003	-4422.502613519377
0.0296	-4547.516823660582
0.0304	-4297.488403466006
0.031200000000000002	-3422.3889355527936
0.032	-2734.810785207723
0.0328	-1297.147388493002
0.033600000000000005	78.00889322371222
0.0344	1453.1651644260855
0.0352	2703.3072200643946
0.036000000000000004	3453.3924493039376
0.0368	3890.942164928303
0.0376	4390.998981494631
0.038400000000000004	4390.998981494631
0.0392	3765.9279605716583
0.04	2890.8285276652314
0.0408	1953.2219877187163
0.041600000000000005	578.0657203300507
0.0424	-797.0905575588113
0.0432	-2109.739741737838
0.044000000000000004	-3234.8676215593587
0.0448	-4047.459983623121
0.0456	-4297.488403466006
0.046400000000000004	-4547.516823660582
0.0472	-4109.967088550911
0.048	-3484.896040261083
0.0488	-2547.2894719371106
0.049600000000000005	-1172.1331806287053
0.0504	390.5444103279151
0.0512	1703.1935762454523
0.052000000000000005	2765.8143226195825
0.0528	3578.4066538755433
0.0536	3953.449267074233
0.054400000000000004	4390.998981494631
0.055200000000000006	4140.970573383267
0.056	3453.3924493039376
0.0568	2890.8285276652314
0.057600000000000005	1640.6864733230905
0.0584	390.5444103279151
0.0592	-1047.1189728515455
0.060000000000000005	-2297.2610545491916
0.0608	-3297.3747262018733
0.0616	-4172.474193500646
0.062400000000000004	-4547.516823660582
0.0632	-4547.516823660582
0.064	-3984.952878717275
0.0648	-3172.3605169387884
0.0656	-2359.768158863415
0.0664	-859.5976613493985
0.06720000000000001	640.5728236206342
0.068	1890.7148848827928
0.0688	2953.3356301556923
0.06960000000000001	3703.420858361118
0.0704	4265.984777481935
0.0712	4390.998981494631
0.07200000000000001	4265.984777481935
0.0728	3453.3924493039376
0.0736	2828.321425153117
0.07440000000000001	1640.6864733230905
0.0752	-47.005313770030625
0.076	-1172.1331806287053
0.07680000000000001	-2422.275263199408
0.0776	-3484.896040261083
0.0784	-4047.459983623121
0.0792	-4610.02392876416
0.08	-4297.488403466006
0.08080000000000001	-3922.4457738334313
0.0816	-3172.3605169387884
0.0824	-2109.739741737838
0.08320000000000001	-734.5834537901101
0.084	953.1083397483453
0.0848	2140.7432960967417
0.08560000000000001	3078.3498350720038
0.0864	3890.942164928303
0.0872	4578.520287352614
0.08800000000000001	4390.998981494631
0.0888	4015.9563691987423
0.0896	3390.8853469857713
0.09040000000000001	2640.800117487728
0.0912	1390.6580614172271
0.092	15.50178973772563
0.09280000000000001	-1547.1758044831222
0.0936	-2547.2894719371106
0.0944	-3359.8818308663904
0.0952	-4172.474193500646
0.096	-4547.516823660582
0.09680000000000001	-4422.502613519377
0.0976	-3797.431564131577
0.0984	-2797.3178896750906
0.09920000000000001	-1797.204220822372
0.1	-422.0479352729162
0.1008	1203.1367522605578
0.10160000000000001	2140.7432960967417
0.1024	3265.8711422848282
0.1032	3890.942164928303
0.10400000000000001	4328.4918794989935
0.1048	4203.477675443399
0.1056	4015.9563691987423
0.10640000000000001	3453.3924493039376
0.1072	2265.7575015740586
0.108	953.1083397483453
0.10880000000000001	-109.51241729949834
0.1096	-1609.6829085352365
0.11040000000000001	-2922.332098675368
0.11120000000000001	-3797.431564131577
0.112	-4234.981298472267
0.11280000000000001	-4547.516823660582
0.1136	-4359.99550848169
0.1144	-3797.431564131577
0.11520000000000001	-2672.3036807623575
0.116	-1547.1758044831222
0.1168	-109.51241729949834
0.11760000000000001	1328.1509583866573
0.1184	2453.2788096279255
0.1192	3578.4066538755433
0.12000000000000001	4015.9563691987423
0.1208	4265.984777481935
0.1216	4140.970573383267
0.12240000000000001	3890.942164928303
0.1232	3265.8711422848282
0.124	2140.7432960967417
0.12480000000000001	765.5870301367249
0.12560000000000002	-609.5692463179585
0.1264	-1797.204220822372
0.1272	-3172.3605169387884
0.128	-3922.4457738334313
0.1288	-4297.488403466006
0.1296	-4359.99550848169
0.13040000000000002	-4234.981298472267
0.1312	-3797.431564131577
0.132	-2547.2894719371106
0.1328	-1234.6402845499106
0.1336	78.00889322371222
0.13440000000000002	1390.6580614172271
0.13520000000000001	2765.8143226195825
0.136	3578.4066538755433
0.1368	4015.9563691987423
0.1376	4328.4918794989935
0.1384	4265.984777481935
0.13920000000000002	3828.4350627607782
0.14	3015.8427326246165
0.1408	1953.2219877187163
0.1416	640.5728236206342
0.1424	-672.0763500431203
0.1432	-2172.246845986345
0.14400000000000002	-3172.3605169387884
0.1448	-3984.952878717275
0.1456	-4297.488403466006
0.1464	-4485.009718578949
0.1472	-3984.952878717275
0.14800000000000002	-3609.910249743494
0.14880000000000002	-2484.7823675573454
0.1496	-922.1047651616391
0.1504	515.5586170176393
0.1512	1703.1935762454523
0.152	2953.3356301556923
0.15280000000000002	3703.420858361118
0.15360000000000001	4265.984777481935
0.1544	4516.013185421471
0.1552	4078.4634713018313
0.156	3703.420858361118
0.1568	3015.8427326246165
0.15760000000000002	1703.1935762454523
0.1584	328.0373069504276
0.1592	-984.6118689958239
0.16	-2172.246845986345
0.1608	-3359.8818308663904
0.16160000000000002	-3984.952878717275
0.16240000000000002	-4610.02392876416
0.1632	-4547.516823660582
0.164	-3984.952878717275
0.1648	-2984.8392032083357
0.1656	-2234.7539502568543
0.16640000000000002	-734.5834537901101
0.16720000000000002	703.0799268895644
0.168	1765.700679146219
0.1688	3078.3498350720038
0.1696	3640.913756129099
0.1704	4265.984777481935
0.17120000000000002	4578.520287352614
0.17200000000000001	4015.9563691987423
0.1728	3578.4066538755433
0.1736	2703.3072200643946
0.1744	1453.1651644260855
0.1752	140.51599668798735
0.17600000000000002	-1234.6402845499106
0.1768	-2672.3036807623575
0.1776	-3484.896040261083
0.1784	-4047.459983623121
0.1792	-4547.516823660582
0.18000000000000002	-4672.531033889798
0.18080000000000002	-3859.938668971532
0.1816	-3297.3747262018733
0.1824	-1859.711324961856
0.1832	-672.0763500431203
0.184	765.5870301367249
0.18480000000000002	2078.23619332572
0.18560000000000001	3140.856937497796
0.1864	3703.420858361118
0.1872	4265.984777481935
0.188	4516.013185421471
0.1888	4078.4634713018313
0.18960000000000002	3265.8711422848282
0.1904	2453.2788096279255
0.1912	1265.6438553344342
0.192	140.51599668798735
0.1928	-1422.1615964443772
0.19360000000000002	-2609.79657633882
0.19440000000000002	-3484.896040261083
0.1952	-4234.981298472267
0.196	-4547.516823660582
0.1968	-4485.009718578949
0.1976	-3859.938668971532
0.19840000000000002	-2734.810785207723
0.19920000000000002	-1672.1900126091787
