0	0
0.0008	0.5548807978630066
0.0016	1.183642029762268
0.0024000000000000002	1.8286515474319458
0.0032	2.431452751159668
0.004	2.9371633529663086
0.0048000000000000004	3.3018500804901123
0.0056	3.4948537349700928
0.0064	3.4985389709472656
0.007200000000000001	3.312343120574951
0.008	2.9533770084381104
0.0088	2.4518752098083496
0.009600000000000001	1.8519084453582764
0.010400000000000001	1.2078460454940796
0.0112	0.5781072378158569
0.012	0.020623644813895226
0.0128	-0.41380980610847473
0.013600000000000001	-0.6864345073699951
0.014400000000000001	-0.7722780108451843
0.0152	-0.662853479385376
0.016	-0.36834728717803955
0.016800000000000002	0.08494336158037186
0.0176	0.6559851169586182
0.0184	1.2915080785751343
0.019200000000000002	1.9334430694580078
0.02	2.523707866668701
0.020800000000000003	3.0088205337524414
0.0216	3.3468098640441895
0.0224	3.509166717529297
0.023200000000000002	3.4807798862457275
0.024	3.2643120288848877
0.024800000000000003	2.8790736198425293
0.0256	2.3574864864349365
0.0264	1.7460333108901978
0.027200000000000002	1.1006335020065308
0.028	0.47934389114379883
0.028800000000000003	-0.06095392629504204
0.0296	-0.47067734599113464
0.0304	-0.7134925723075867
0.031200000000000002	-0.7669017910957336
0.032	-0.6254679560661316
0.0328	-0.3024020791053772
0.033600000000000005	0.17374883592128754
0.0344	0.7596891522407532
0.0352	1.4001367092132568
0.036000000000000004	2.037109613418579
0.0368	2.6134133338928223
0.0376	3.076540470123291
0.038400000000000004	3.386920213699341
0.0392	3.51813006401062
0.04	3.45768404006958
0.0408	3.2115066051483154
0.041600000000000005	2.800908327102661
0.0424	2.260685443878174
0.0432	1.639783263206482
0.044000000000000004	0.9936585426330566
0.0448	0.38111796975135803
0.0456	-0.14056919515132904
0.046400000000000004	-0.5246701836585999
0.0472	-0.7370384931564331
0.048	-0.7577259540557861
0.0488	-0.5846827626228333
0.049600000000000005	-0.2337571233510971
0.0504	0.2644166350364685
0.0512	0.863655686378479
0.052000000000000005	1.5075154304504395
0.0528	2.138176441192627
0.0536	2.698756694793701
0.054400000000000004	3.1386985778808594
0.055200000000000006	3.4206061363220215
0.056	3.520106554031372
0.0568	3.4276013374328613
0.057600000000000005	3.1520392894744873
0.0584	2.716818332672119
0.0592	2.1588099002838135
0.060000000000000005	1.529421091079712
0.0608	0.8857710957527161
0.0616	0.28532934188842773
0.062400000000000004	-0.21652233600616455
0.0632	-0.5738760232925415
0.064	-0.7550099492073059
0.0648	-0.7428882122039795
0.0656	-0.5385481119155884
0.0664	-0.16025015711784363
0.06720000000000001	0.3586091101169586
0.068	0.9694344997406006
0.0688	1.6154065132141113
0.06960000000000001	2.238330841064453
0.0704	2.7820000648498535
0.0712	3.1977944374084473
0.07200000000000001	3.450554847717285
0.0728	3.518220901489258
0.0736	3.3940439224243164
0.07440000000000001	3.0896472930908203
0.0752	2.6309661865234375
0.076	2.057084321975708
0.07680000000000001	1.4206961393356323
0.0776	0.779945969581604
0.0784	0.19214043021202087
0.0792	-0.28845086693763733
0.08	-0.6181073784828186
0.08080000000000001	-0.7676819562911987
0.0816	-0.7228260040283203
0.0824	-0.48752644658088684
0.08320000000000001	-0.08306854218244553
0.084	0.45453891158103943
0.0848	1.0751758813858032
0.08560000000000001	1.7213728427886963
0.0864	2.334923028945923
0.0872	2.860156774520874
0.08800000000000001	3.2505784034729004
0.0888	3.4734792709350586
0.0896	3.508986234664917
0.09040000000000001	3.3533246517181396
0.0912	3.021043539047241
0.092	2.5403647422790527
0.09280000000000001	1.9527466297149658
0.0936	1.3118963241577148
0.0944	0.6758581399917603
0.0952	0.10243868082761765
0.096	-0.35542991757392883
0.09680000000000001	-0.6567142605781555
0.0976	-0.7743670344352722
0.0984	-0.6968143582344055
0.09920000000000001	-0.4312927722930908
0.1	-0.001774828415364027
0.1008	0.5533684492111206
0.10160000000000001	1.1822421550750732
0.1024	1.8272641897201538
0.1032	2.4300780296325684
0.10400000000000001	2.935675859451294
0.1048	3.3000876903533936
0.1056	3.4927165508270264
0.10640000000000001	3.495976686477661
0.1072	3.309330701828003
0.108	2.9499146938323975
0.10880000000000001	2.4480130672454834
0.1096	1.8477588891983032
0.11040000000000001	1.204008936882019
0.11120000000000001	0.5745950937271118
0.112	0.017111491411924362
0.11280000000000001	-0.4171469807624817
0.1136	-0.6894592046737671
0.1144	-0.7748902440071106
0.11520000000000001	-0.6650157570838928
0.116	-0.3700971007347107
0.1168	0.08350599557161331
0.11760000000000001	0.6547726988792419
0.1184	1.2903581857681274
0.1192	1.9323182106018066
0.12000000000000001	2.522545576095581
0.1208	3.0074830055236816
0.1216	3.3452224731445312
0.12240000000000001	3.5072169303894043
0.1232	3.478442668914795
0.124	3.261587381362915
0.12480000000000001	2.8759615421295166
0.12560000000000002	2.3542118072509766
0.1264	1.7426460981369019
0.1272	1.097021460533142
0.128	0.47565674781799316
0.1288	-0.06450357288122177
0.1296	-0.4739520251750946
0.13040000000000002	-0.7164047956466675
0.1312	-0.7693765759468079
0.132	-0.6275427341461182
0.1328	-0.3041019141674042
0.1336	0.1724114716053009
0.13440000000000002	0.7585642337799072
0.13520000000000001	1.399236798286438
0.136	2.036297082901001
0.1368	2.6124634742736816
0.1376	3.075428009033203
0.1384	3.385507822036743
0.13920000000000002	3.5163052082061768
0.14	3.4553842544555664
0.1408	3.208706855773926
0.1416	2.7977211475372314
0.1424	2.2572357654571533
0.1432	1.6359710693359375
0.14400000000000002	0.9903963804244995
0.1448	0.37875571846961975
0.1456	-0.1426439881324768
0.1464	-0.5263700485229492
0.1472	-0.7383758425712585
0.14800000000000002	-0.7586883902549744
0.14880000000000002	-0.5852577090263367
0.1496	-0.23396961390972137
0.1504	0.2644791305065155
0.1512	0.8640056252479553
0.152	1.5081278085708618
0.15280000000000002	2.1388888359069824
0.15360000000000001	2.6994190216064453
0.1544	3.139098644256592
0.1552	3.420668601989746
0.156	3.5198190212249756
0.1568	3.4269137382507324
0.15760000000000002	3.1509768962860107
0.1584	2.715468645095825
0.1592	2.1575350761413574
0.16	1.527958631515503
0.1608	0.883746325969696
0.16160000000000002	0.2832045555114746
0.16240000000000002	-0.21844713389873505
0.1632	-0.5755508542060852
0.164	-0.7563098073005676
0.1648	-0.7437381148338318
0.1656	-0.5389605760574341
0.16640000000000002	-0.16037514805793762
0.16720000000000002	0.35870909690856934
0.168	0.9697719812393188
0.1688	1.615818977355957
0.1696	2.238680839538574
0.1704	2.782125234603882
0.17120000000000002	3.1976194381713867
0.17200000000000001	3.449979782104492
0.1728	3.5171585083007812
0.1736	3.392569065093994
0.1744	3.087897539138794
0.1752	2.6290040016174316
0.17600000000000002	2.0554471015930176
0.1768	1.4194837808609009
0.1776	0.7787585854530334
0.1784	0.19115303456783295
0.1792	-0.28917577862739563
0.18000000000000002	-0.6185073256492615
0.18080000000000002	-0.7676069140434265
0.1816	-0.7223260402679443
0.1824	-0.4867265224456787
0.1832	-0.08191864937543869
0.184	0.45603877305984497
0.18480000000000002	1.0769506692886353
0.18560000000000001	1.72328519821167
0.1864	2.3367228507995605
0.1872	2.861781597137451
0.188	3.2519657611846924
0.1888	3.4745166301727295
0.18960000000000002	3.5096235275268555
0.1904	3.353537082672119
0.1912	3.0208933353424072
0.192	2.5398521423339844
0.1928	1.9520591497421265
0.19360000000000002	1.3114339113235474
0.19440000000000002	0.6756832003593445
0.1952	0.10235119611024857
0.196	-0.3553799092769623
0.1968	-0.6563267707824707
0.1976	-0.7735921144485474
0.19840000000000002	-0.6956519484519958
0.19920000000000002	-0.4296429455280304
