0	0
0.0008	0.6024749279022217
0.0016	1.2520828247070312
0.0024000000000000002	1.8892043828964233
0.0032	2.4557077884674072
0.004	2.9011852741241455
0.0048000000000000004	3.1882660388946533
0.0056	3.291839838027954
0.0064	3.2016453742980957
0.007200000000000001	2.9266819953918457
0.008	2.490834951400757
0.0088	1.9304628372192383
0.009600000000000001	1.2964106798171997
0.010400000000000001	0.6467225551605225
0.0112	0.04025508463382721
0.012	-0.46707233786582947
0.0128	-0.8297643065452576
0.013600000000000001	-1.0155240297317505
0.014400000000000001	-1.0066033601760864
0.0152	-0.8036643862724304
0.016	-0.42534273862838745
0.016800000000000002	0.09494008868932724
0.0176	0.7096887826919556
0.0184	1.361184000968933
0.019200000000000002	1.9896314144134521
0.02	2.53899884223938
0.020800000000000003	2.96052885055542
0.0216	3.218337297439575
0.0224	3.289726972579956
0.023200000000000002	3.1674232482910156
0.024	2.8633878231048584
0.024800000000000003	2.4037930965423584
0.0256	1.8274102210998535
0.0264	1.1864961385726929
0.027200000000000002	0.5397452116012573
0.028	-0.05381103977560997
0.028800000000000003	-0.5397781133651733
0.0296	-0.8749228715896606
0.0304	-1.0289857387542725
0.031200000000000002	-0.9869558811187744
0.032	-0.7529324889183044
0.0328	-0.3480134606361389
0.033600000000000005	0.19207996129989624
0.0344	0.8171277046203613
0.0352	1.4686354398727417
0.036000000000000004	2.088346242904663
0.0368	2.6200528144836426
0.0376	3.0163726806640625
0.038400000000000004	3.2442591190338135
0.0392	3.283252000808716
0.04	3.1294140815734863
0.0408	2.7971065044403076
0.041600000000000005	2.3145389556884766
0.0424	1.7237075567245483
0.0432	1.0784189701080322
0.044000000000000004	0.4367299973964691
0.0448	-0.14265267550945282
0.0456	-0.6064719557762146
0.046400000000000004	-0.9132945537567139
0.0472	-1.0352107286453247
0.048	-0.9602090716362
0.0488	-0.6955137848854065
0.049600000000000005	-0.26467224955558777
0.0504	0.293631911277771
0.0512	0.9270663261413574
0.052000000000000005	1.5771992206573486
0.0528	2.1859235763549805
0.0536	2.6979947090148926
0.054400000000000004	3.0680670738220215
0.055200000000000006	3.2653191089630127
0.056	3.271815061569214
0.0568	3.0867176055908203
0.057600000000000005	2.7267754077911377
0.0584	2.2226102352142334
0.0592	1.6188424825668335
0.060000000000000005	0.9701917767524719
0.0608	0.3348521888256073
0.0616	-0.22903206944465637
0.062400000000000004	-0.6693786978721619
0.0632	-0.9468792676925659
0.064	-1.0363236665725708
0.0648	-0.9285628199577332
0.0656	-0.6338579058647156
0.0664	-0.1786062866449356
0.06720000000000001	0.39602130651474
0.068	1.036442518234253
0.0688	1.6839131116867065
0.06960000000000001	2.280226230621338
0.0704	2.771099328994751
0.0712	3.1139495372772217
0.07200000000000001	3.280254602432251
0.0728	3.254328727722168
0.0736	3.038496971130371
0.07440000000000001	2.6521198749542236
0.0752	2.1277942657470703
0.076	1.5123026371002197
0.07680000000000001	0.8616145849227905
0.0776	0.23393675684928894
0.0784	-0.31273671984672546
0.0792	-0.7281733751296997
0.08	-0.9757144451141357
0.08080000000000001	-1.032487154006958
0.0816	-0.8924294710159302
0.0824	-0.5688773989677429
0.08320000000000001	-0.09081549942493439
0.084	0.49862316250801086
0.0848	1.1445313692092896
0.08560000000000001	1.78785240650177
0.0864	2.370079278945923
0.0872	2.838554620742798
0.08800000000000001	3.153757333755493
0.0888	3.288828134536743
0.0896	3.2305681705474854
0.09040000000000001	2.9846768379211426
0.0912	2.572939872741699
0.092	2.0296785831451416
0.09280000000000001	1.4037504196166992
0.0936	0.7522749900817871
0.0944	0.13414621353149414
0.0952	-0.3934166729450226
0.096	-0.7828059792518616
0.09680000000000001	-0.9995626211166382
0.0976	-1.0232760906219482
0.0984	-0.8513715863227844
0.09920000000000001	-0.49997231364250183
0.1	-0.0001874866575235501
0.1008	0.6025248765945435
0.10160000000000001	1.252245306968689
0.1024	1.8895543813705444
0.1032	2.456132650375366
0.10400000000000001	2.9013853073120117
0.1048	3.1881284713745117
0.1056	3.2913522720336914
0.10640000000000001	3.2008204460144043
0.1072	2.9254448413848877
0.108	2.489185094833374
0.10880000000000001	1.9285506010055542
0.1096	1.2940484285354614
0.11040000000000001	0.6439728140830994
0.11120000000000001	0.03753035143017769
0.112	-0.4696095883846283
0.11280000000000001	-0.8320266008377075
0.1136	-1.0174363851547241
0.1144	-1.0080657005310059
0.11520000000000001	-0.8046892881393433
0.116	-0.4260301887989044
0.1168	0.09447763115167618
0.11760000000000001	0.7093888521194458
0.1184	1.3611215353012085
0.1192	1.9903688430786133
0.12000000000000001	2.5401113033294678
0.1208	2.9611663818359375
0.1216	3.2185873985290527
0.12240000000000001	3.289639472961426
0.1232	3.16701078414917
0.124	2.8626253604888916
0.12480000000000001	2.402730703353882
0.12560000000000002	1.8260352611541748
0.1264	1.184958815574646
0.1272	0.5381829142570496
0.128	-0.05536087974905968
0.1288	-0.5411154627799988
0.1296	-0.875910222530365
0.13040000000000002	-1.0296481847763062
0.1312	-0.9872808456420898
0.132	-0.7528074979782104
0.1328	-0.3474634885787964
0.1336	0.19291739165782928
0.13440000000000002	0.8181400895118713
0.13520000000000001	1.469710350036621
0.136	2.0893709659576416
0.1368	2.6208653450012207
0.1376	3.016847610473633
0.1384	3.244384288787842
0.13920000000000002	3.282952070236206
0.14	3.1287264823913574
0.1408	2.7961816787719727
0.1416	2.3134517669677734
0.1424	1.7223576307296753
0.1432	1.076831579208374
0.14400000000000002	0.43516767024993896
0.1448	-0.14399003982543945
0.1456	-0.6074718832969666
0.1464	-0.9139444828033447
0.1472	-1.0354732275009155
0.14800000000000002	-0.9600216150283813
0.14880000000000002	-0.6949138045310974
0.1496	-0.2638223171234131
0.1504	0.2946818172931671
0.1512	0.9283037185668945
0.152	1.5784615278244019
0.15280000000000002	2.186985969543457
0.15360000000000001	2.6987321376800537
0.1544	3.068554639816284
0.1552	3.2655439376831055
0.156	3.2716524600982666
0.1568	3.0861928462982178
0.15760000000000002	2.7260005474090576
0.1584	2.2215728759765625
0.1592	1.6176050901412964
0.16	0.9688543677330017
0.1608	0.3335898220539093
0.16160000000000002	-0.22999446094036102
0.16240000000000002	-0.6700036525726318
0.1632	-0.9471292495727539
0.164	-1.0361862182617188
0.1648	-0.9280753135681152
0.1656	-0.6329455375671387
0.16640000000000002	-0.17728140950202942
0.16720000000000002	0.3976336419582367
0.168	1.0381548404693604
0.1688	1.685450553894043
0.1696	2.2814509868621826
0.1704	2.7720491886138916
0.17120000000000002	3.114624500274658
0.17200000000000001	3.2805418968200684
0.1728	3.254178762435913
0.1736	3.0379221439361572
0.1744	2.6511075496673584
0.1752	2.126356840133667
0.17600000000000002	1.5106028318405151
0.1768	0.8599647879600525
0.1776	0.2324744015932083
0.1784	-0.3140365779399872
0.1792	-0.7292232513427734
0.18000000000000002	-0.9763643741607666
0.18080000000000002	-1.0326995849609375
0.1816	-0.8922794461250305
0.1824	-0.568352460861206
0.1832	-0.0899030864238739
0.184	0.49978554248809814
0.18480000000000002	1.1457188129425049
0.18560000000000001	1.7888147830963135
0.1864	2.370779275894165
0.1872	2.839029550552368
0.188	3.1538825035095215
0.1888	3.2885780334472656
0.18960000000000002	3.2299556732177734
0.1904	2.9836268424987793
0.1912	2.5714399814605713
0.192	2.027878761291504
0.1928	1.4018256664276123
0.19360000000000002	0.7504127025604248
0.19440000000000002	0.13242138922214508
0.1952	-0.3949665129184723
0.196	-0.7840433120727539
0.1968	-1.0004124641418457
0.1976	-1.0237385034561157
0.19840000000000002	-0.8514716029167175
0.19920000000000002	-0.49974730610847473
