0	-275.03122769499896
0.0008	1350.153458709945
0.0016	2475.281309951213
0.0024000000000000002	3475.3949496272253
0.0032	4100.465971625119
0.004	4225.480175766686
0.0048000000000000004	4225.480175766686
0.0056	3787.930460894946
0.0064	3100.3523353952914
0.007200000000000001	2100.2386936490075
0.008	975.110840071633
0.0088	-525.0596422912204
0.009600000000000001	-2025.230137187813
0.010400000000000001	-2962.836702885048
0.0112	-3775.4290638082894
0.012	-4337.9930081584025
0.0128	-4525.514323337295
0.013600000000000001	-4212.978798148979
0.014400000000000001	-3525.4006446679705
0.0152	-2525.286971613823
0.016	-1275.1448881697142
0.016800000000000002	100.0113935469999
0.0176	1412.6605617405148
0.0184	2662.802617811016
0.019200000000000002	3787.930460894946
0.02	3850.437563084066
0.020800000000000003	4475.50858379202
0.0216	4600.522787675902
0.0224	3787.930460894946
0.023200000000000002	2912.831027988519
0.024	1975.224488042004
0.024800000000000003	850.0966336856363
0.0256	-712.5809534668224
0.0264	-1962.7230329827871
0.027200000000000002	-3150.3580166155007
0.028	-3900.4432735101436
0.028800000000000003	-4275.485903142719
0.0296	-4400.500113196089
0.0304	-4212.978798148979
0.031200000000000002	-3337.8793305431027
0.032	-2337.7656585401273
0.0328	-1087.623576405982
0.033600000000000005	225.0256004537805
0.0344	1662.6889736463781
0.0352	2787.81682294287
0.036000000000000004	3725.4233586844057
0.0368	4100.465971625119
0.0376	4350.494379822281
0.038400000000000004	4413.001481817919
0.0392	3600.409154198831
0.04	2850.323925476405
0.0408	1725.19607656874
0.041600000000000005	412.5469106512028
0.0424	-775.0880572355236
0.0432	-2275.258554225904
0.044000000000000004	-3525.4006446679705
0.0448	-4087.9645882276236
0.0456	-4588.021428440872
0.046400000000000004	-4275.485903142719
0.0472	-4025.4574832998333
0.048	-3275.3722258785856
0.0488	-2275.258554225904
0.049600000000000005	-775.0880572355236
0.0504	350.03980727371527
0.0512	1850.2102823486202
0.052000000000000005	2975.33813047898
0.0528	3850.437563084066
0.0536	4100.465971625119
0.054400000000000004	4350.494379822281
0.055200000000000006	4162.973073706555
0.056	3912.944665251591
0.0568	2600.295515212638
0.057600000000000005	1537.6747677366948
0.0584	162.51849701127503
0.0592	-1150.1306803054176
0.060000000000000005	-2337.7656585401273
0.0608	-3400.386435229506
0.0616	-4087.9645882276236
0.062400000000000004	-4588.021428440872
0.0632	-4463.007218255661
0.064	-4087.9645882276236
0.0648	-2962.836702885048
0.0656	-2025.230137187813
0.0664	-650.0738497198327
0.06720000000000001	787.5895304600126
0.068	2037.7315908563323
0.0688	3162.8594378210837
0.06960000000000001	3787.930460894946
0.0704	4287.987277805223
0.0712	4287.987277805223
0.07200000000000001	4037.95886952203
0.0728	3350.380744969414
0.0736	2475.281309951213
0.07440000000000001	1350.153458709945
0.0752	-400.04543494962854
0.076	-1212.637784226623
0.07680000000000001	-2587.7940760155325
0.0776	-3587.9077494202065
0.0784	-4275.485903142719
0.0792	-4588.021428440872
0.08	-4400.500113196089
0.08080000000000001	-3900.4432735101436
0.0816	-3025.343807439902
0.0824	-1712.6946163815446
0.08320000000000001	-337.5383313114871
0.084	975.110840071633
0.0848	2225.252899169456
0.08560000000000001	3225.3665402253973
0.0864	3787.930460894946
0.0872	4350.494379822281
0.08800000000000001	4413.001481817919
0.0888	3912.944665251591
0.0896	3287.873642608116
0.09040000000000001	2037.7315908563323
0.0912	1037.6179432322388
0.092	-275.03122769499896
0.09280000000000001	-1712.6946163815446
0.0936	-3087.8509120168164
0.0944	-3775.4290638082894
0.0952	-4212.978798148979
0.096	-4463.007218255661
0.09680000000000001	-4463.007218255661
0.0976	-3650.4148541942122
0.0984	-2775.315389351803
0.09920000000000001	-1525.1733041598345
0.1	-25.002813446742948
0.1008	1287.6463556577219
0.10160000000000001	2475.281309951213
0.1024	3350.380744969414
0.1032	3912.944665251591
0.10400000000000001	4350.494379822281
0.1048	4287.987277805223
0.1056	3787.930460894946
0.10640000000000001	3100.3523353952914
0.1072	2225.252899169456
0.108	975.110840071633
0.10880000000000001	-525.0596422912204
0.1096	-1712.6946163815446
0.11040000000000001	-2775.315389351803
0.11120000000000001	-3837.9361686482443
0.112	-4337.9930081584025
0.11280000000000001	-4588.021428440872
0.1136	-4212.978798148979
0.1144	-3775.4290638082894
0.11520000000000001	-2587.7940760155325
0.116	-1212.637784226623
0.1168	-25.002813446742948
0.11760000000000001	1350.153458709945
0.1184	2912.831027988519
0.1192	3475.3949496272253
0.12000000000000001	4100.465971625119
0.1208	4600.522787675902
0.1216	4162.973073706555
0.12240000000000001	3725.4233586844057
0.1232	2975.33813047898
0.124	2162.7457964200294
0.12480000000000001	662.5753239439218
0.12560000000000002	-775.0880572355236
0.1264	-2025.230137187813
0.1272	-3087.8509120168164
0.128	-3775.4290638082894
0.1288	-4463.007218255661
0.1296	-4525.514323337295
0.13040000000000002	-4275.485903142719
0.1312	-3712.921958990395
0.132	-2400.2727628761204
0.1328	-1025.1164725282579
0.1336	100.0113935469999
0.13440000000000002	1787.7031794695067
0.13520000000000001	2850.323925476405
0.136	3725.4233586844057
0.1368	4350.494379822281
0.1376	4350.494379822281
0.1384	4100.465971625119
0.13920000000000002	3662.9162564523867
0.14	2975.33813047898
0.1408	1662.6889736463781
0.1416	475.0540140069206
0.1424	-900.1022648383514
0.1432	-2150.244345663057
0.14400000000000002	-3400.386435229506
0.1448	-4087.9645882276236
0.1456	-4525.514323337295
0.1464	-4400.500113196089
0.1472	-3775.4290638082894
0.14800000000000002	-3400.386435229506
0.14880000000000002	-2212.7514499335666
0.1496	-712.5809534668224
0.1504	225.0256004537805
0.1512	1850.2102823486202
0.152	3225.3665402253973
0.15280000000000002	3662.9162564523867
0.15360000000000001	4162.973073706555
0.1544	4475.50858379202
0.1552	4037.95886952203
0.156	3662.9162564523867
0.1568	2662.802617811016
0.15760000000000002	1475.1676647493732
0.1584	162.51849701127503
0.1592	-1150.1306803054176
0.16	-2462.7798672340577
0.1608	-3525.4006446679705
0.16160000000000002	-4025.4574832998333
0.16240000000000002	-4525.514323337295
0.1632	-4337.9930081584025
0.164	-3962.950378393987
0.1648	-3212.865121236071
0.1656	-1837.7088246385683
0.16640000000000002	-587.5667459946708
0.16720000000000002	725.082427212852
0.168	2162.7457964200294
0.1688	3037.845232947904
0.1696	3850.437563084066
0.1704	4287.987277805223
0.17120000000000002	4413.001481817919
0.17200000000000001	3912.944665251591
0.1728	3412.887847309059
0.1736	2725.3097203876823
0.1744	1287.6463556577219
0.1752	-275.03122769499896
0.17600000000000002	-1212.637784226623
0.1768	-2650.30118043907
0.1776	-3650.4148541942122
0.1784	-3962.950378393987
0.1792	-4525.514323337295
0.18000000000000002	-4525.514323337295
0.18080000000000002	-3837.9361686482443
0.1816	-2962.836702885048
0.1824	-1900.2159287997638
0.1832	-275.03122769499896
0.184	912.6037368894904
0.18480000000000002	2162.7457964200294
0.18560000000000001	3162.8594378210837
0.1864	3912.944665251591
0.1872	4350.494379822281
0.188	4287.987277805223
0.1888	3975.4517673975206
0.18960000000000002	3287.873642608116
0.1904	2412.7742072881083
0.1912	1100.125046371133
0.192	-400.04543494962854
0.1928	-1650.187512285891
0.19360000000000002	-2837.8224938409985
0.19440000000000002	-4025.4574832998333
0.1952	-4337.9930081584025
0.196	-4400.500113196089
0.1968	-4337.9930081584025
0.1976	-3775.4290638082894
0.19840000000000002	-2837.8224938409985
0.19920000000000002	-1462.666200129548
