0	0
0.0008	0.5353060960769653
0.0016	1.1616408824920654
0.0024000000000000002	1.8207975625991821
0.0032	2.4536941051483154
0.004	3.002673864364624
0.0048000000000000004	3.418816566467285
0.0056	3.667200803756714
0.0064	3.7259786128997803
0.007200000000000001	3.589338779449463
0.008	3.269979476928711
0.0088	2.795323610305786
0.009600000000000001	2.206766366958618
0.010400000000000001	1.5569530725479126
0.0112	0.9044273495674133
0.012	0.3087959885597229
0.0128	-0.17442166805267334
0.013600000000000001	-0.5016300082206726
0.014400000000000001	-0.6441444158554077
0.0152	-0.5878912210464478
0.016	-0.33769476413726807
0.016800000000000002	0.08347239345312119
0.0176	0.6377641558647156
0.0184	1.2736854553222656
0.019200000000000002	1.932717204093933
0.02	2.555614709854126
0.020800000000000003	3.0852839946746826
0.0216	3.4751291275024414
0.0224	3.6928913593292236
0.023200000000000002	3.7189226150512695
0.024	3.5503857135772705
0.024800000000000003	3.2029168605804443
0.0256	2.7059006690979004
0.0264	2.1026201248168945
0.027200000000000002	1.4477946758270264
0.028	0.8006184101104736
0.028800000000000003	0.22036051750183105
0.0296	-0.2393220067024231
0.0304	-0.5374583005905151
0.031200000000000002	-0.6473009586334229
0.032	-0.5577635765075684
0.0328	-0.2776825726032257
0.033600000000000005	0.1680946797132492
0.0344	0.7398972511291504
0.0352	1.3840303421020508
0.036000000000000004	2.041499614715576
0.0368	2.6525983810424805
0.0376	3.161719560623169
0.038400000000000004	3.524742364883423
0.0392	3.7114076614379883
0.04	3.7045421600341797
0.0408	3.5046210289001465
0.041600000000000005	3.129854917526245
0.0424	2.6116783618927
0.0432	1.9956364631652832
0.044000000000000004	1.3376363515853882
0.0448	0.6975594162940979
0.0456	0.13417480885982513
0.046400000000000004	-0.30112266540527344
0.0472	-0.5695244073867798
0.048	-0.6464079022407532
0.0488	-0.5239987969398499
0.049600000000000005	-0.21458318829536438
0.0504	0.25512924790382385
0.0512	0.8431926965713501
0.052000000000000005	1.4938502311706543
0.0528	2.1475324630737305
0.0536	2.745032548904419
0.054400000000000004	3.2325432300567627
0.055200000000000006	3.5680437088012695
0.056	3.723262071609497
0.0568	3.683649778366089
0.057600000000000005	3.453019380569458
0.0584	3.051943302154541
0.0592	2.5138561725616455
0.060000000000000005	1.8865280151367188
0.0608	1.2274030447006226
0.0616	0.5962252020835876
0.062400000000000004	0.05097629874944687
0.0632	-0.35868626832962036
0.064	-0.5964910984039307
0.0648	-0.640165388584137
0.0656	-0.4851970374584198
0.0664	-0.1460593342781067
0.06720000000000001	0.34755077958106995
0.068	0.9504503011703491
0.0688	1.6056948900222778
0.06960000000000001	2.2537524700164795
0.0704	2.836229085922241
0.0712	3.300929546356201
0.07200000000000001	3.608207941055298
0.0728	3.731504440307617
0.0736	3.6591453552246094
0.07440000000000001	3.398205518722534
0.0752	2.971494674682617
0.076	2.4146218299865723
0.07680000000000001	1.7778695821762085
0.0776	1.119407057762146
0.0784	0.49849069118499756
0.0792	-0.02732269838452339
0.08	-0.4104129374027252
0.08080000000000001	-0.6169208884239197
0.0816	-0.6271610856056213
0.0824	-0.4400583803653717
0.08320000000000001	-0.07262345403432846
0.084	0.4430845081806183
0.0848	1.0587828159332275
0.08560000000000001	1.7166770696640015
0.0864	2.357760429382324
0.0872	2.923938512802124
0.08800000000000001	3.364866256713867
0.0888	3.6430726051330566
0.0896	3.734147310256958
0.09040000000000001	3.629478931427002
0.0912	3.338866949081421
0.092	2.8873085975646973
0.09280000000000001	2.3133625984191895
0.0936	1.6689486503601074
0.0944	1.0125733613967896
0.0952	0.40358084440231323
0.096	-0.1015596017241478
0.09680000000000001	-0.457052618265152
0.0976	-0.6316637992858887
0.0984	-0.6085698008537292
0.09920000000000001	-0.3898577094078064
0.1	0.004787032958120108
0.1008	0.5405805706977844
0.10160000000000001	1.1670528650283813
0.1024	1.8261970281600952
0.1032	2.458956241607666
0.10400000000000001	3.007685899734497
0.1048	3.4235787391662598
0.1056	3.6716878414154053
0.10640000000000001	3.7301907539367676
0.1072	3.593313217163086
0.108	3.273641586303711
0.10880000000000001	2.7986481189727783
0.1096	2.2094662189483643
0.11040000000000001	1.5591777563095093
0.11120000000000001	0.9068146347999573
0.112	0.3113957345485687
0.11280000000000001	-0.17167192697525024
0.1136	-0.49864280223846436
0.1144	-0.6408447623252869
0.11520000000000001	-0.5842665433883667
0.116	-0.3344450891017914
0.1168	0.086259625852108
0.11760000000000001	0.6406638622283936
0.1184	1.2766351699829102
0.1192	1.9355919361114502
0.12000000000000001	2.5584020614624023
0.1208	3.087996244430542
0.1216	3.4776039123535156
0.12240000000000001	3.69502854347229
0.1232	3.7207224369049072
0.124	3.551823139190674
0.12480000000000001	3.203979253768921
0.12560000000000002	2.706700563430786
0.1264	2.1033449172973633
0.1272	1.4485820531845093
0.128	0.8015183210372925
0.1288	0.22133542597293854
0.1296	-0.23823460936546326
0.13040000000000002	-0.5361208915710449
0.1312	-0.6456261277198792
0.132	-0.5557887554168701
0.1328	-0.2754327952861786
0.1336	0.17059443891048431
0.13440000000000002	0.7425594925880432
0.13520000000000001	1.3866801261901855
0.136	2.0440495014190674
0.1368	2.6550981998443604
0.1376	3.164106845855713
0.1384	3.5269296169281006
0.13920000000000002	3.7132949829101562
0.14	3.7060794830322266
0.1408	3.5058584213256836
0.1416	3.130892276763916
0.1424	2.612553119659424
0.1432	1.9964613914489746
0.14400000000000002	1.3385237455368042
0.1448	0.6984468102455139
0.1456	0.13514971733093262
0.1464	-0.2999102771282196
0.1472	-0.5679745674133301
0.14800000000000002	-0.6444830894470215
0.14880000000000002	-0.5217865109443665
0.1496	-0.21227091550827026
0.1504	0.2576040029525757
0.1512	0.8458674550056458
0.152	1.4966124296188354
0.15280000000000002	2.15033221244812
0.15360000000000001	2.74761962890625
0.1544	3.2348554134368896
0.1552	3.570068597793579
0.156	3.72491192817688
0.1568	3.684962272644043
0.15760000000000002	3.4540317058563232
0.1584	3.0527307987213135
0.1592	2.5145561695098877
0.16	1.8871405124664307
0.1608	1.22786545753479
0.16160000000000002	0.5966376662254333
0.16240000000000002	0.051563747227191925
0.1632	-0.3577738404273987
0.164	-0.5952287316322327
0.1648	-0.6385030746459961
0.1656	-0.4832096993923187
0.16640000000000002	-0.1474841982126236
0.16720000000000002	0.34255126118659973
0.168	0.9454508423805237
0.1688	1.6008203029632568
0.1696	2.248878002166748
0.1704	2.8311920166015625
0.17120000000000002	3.295604944229126
0.17200000000000001	3.602545976638794
0.1728	3.7255425453186035
0.1736	3.652883529663086
0.1744	3.3916561603546143
0.1752	2.9646952152252197
0.17600000000000002	2.407597541809082
0.1768	1.7705827951431274
0.1776	1.1120202541351318
0.1784	0.4912413954734802
0.1792	-0.0342470146715641
0.18000000000000002	-0.41686227917671204
0.18080000000000002	-0.6229453086853027
0.1816	-0.6328480243682861
0.1824	-0.4454328417778015
0.1832	-0.07776045054197311
0.184	0.4380725026130676
0.18480000000000002	1.0538582801818848
0.18560000000000001	1.71180260181427
0.1864	2.3528358936309814
0.1872	2.9188389778137207
0.188	3.359454393386841
0.1888	3.6374106407165527
0.18960000000000002	3.728210210800171
0.1904	3.623229742050171
0.1912	3.332467555999756
0.192	2.8808093070983887
0.1928	2.306750774383545
0.19360000000000002	1.6623117923736572
0.19440000000000002	1.006074070930481
0.1952	0.397318959236145
0.196	-0.10748402029275894
0.1968	-0.46260204911231995
0.1976	-0.6368382573127747
0.19840000000000002	-0.6133943200111389
0.19920000000000002	-0.3944072723388672
