0	0
0.0008	0.5279388427734375
0.0016	1.1558805704116821
0.0024000000000000002	1.8252308368682861
0.0032	2.4764204025268555
0.004	3.050504684448242
0.0048000000000000004	3.4948642253875732
0.0056	3.7719151973724365
0.0064	3.8578100204467773
0.007200000000000001	3.743999719619751
0.008	3.441370964050293
0.0088	2.975808620452881
0.009600000000000001	2.386833667755127
0.010400000000000001	1.728090763092041
0.0112	1.0578739643096924
0.012	0.43802714347839355
0.0128	-0.07270567119121552
0.013600000000000001	-0.42959144711494446
0.014400000000000001	-0.6008458733558655
0.0152	-0.5699580907821655
0.016	-0.3398900330066681
0.016800000000000002	0.06826047599315643
0.0176	0.6185596585273743
0.0184	1.2599875926971436
0.019200000000000002	1.9329875707626343
0.02	2.576815366744995
0.020800000000000003	3.13275146484375
0.0216	3.5513010025024414
0.0224	3.7976672649383545
0.023200000000000002	3.850240468978882
0.024	3.703608512878418
0.024800000000000003	3.371607780456543
0.0256	2.8823602199554443
0.0264	2.2777369022369385
0.027200000000000002	1.6128320693969727
0.028	0.9479397535324097
0.028800000000000003	0.34385383129119873
0.0296	-0.14363130927085876
0.0304	-0.47127002477645874
0.031200000000000002	-0.609552800655365
0.032	-0.5446683168411255
0.0328	-0.28306594491004944
0.033600000000000005	0.15158198773860931
0.0344	0.7208418846130371
0.0352	1.3716689348220825
0.036000000000000004	2.043843984603882
0.0368	2.6763477325439453
0.0376	3.2119858264923096
0.038400000000000004	3.6039254665374756
0.0392	3.81923246383667
0.04	3.8384339809417725
0.0408	3.6594552993774414
0.041600000000000005	3.2988574504852295
0.0424	2.7870872020721436
0.0432	2.16825270652771
0.044000000000000004	1.499098300933838
0.0448	0.8404927849769592
0.0456	0.2523552477359772
0.046400000000000004	-0.21094481647014618
0.0472	-0.508599042892456
0.048	-0.6134976744651794
0.0488	-0.5148040652275085
0.049600000000000005	-0.22227972745895386
0.0504	0.238003209233284
0.0512	0.8250113725662231
0.052000000000000005	1.4836251735687256
0.0528	2.153162956237793
0.0536	2.773130416870117
0.054400000000000004	3.287633180618286
0.055200000000000006	3.652275323867798
0.056	3.8360605239868164
0.0568	3.8218777179718018
0.057600000000000005	3.611189842224121
0.0584	3.223057270050049
0.0592	2.6899640560150146
0.060000000000000005	2.058605909347534
0.0608	1.3872891664505005
0.0616	0.7365079522132874
0.062400000000000004	0.16554370522499084
0.0632	-0.27264639735221863
0.064	-0.5395911931991577
0.0648	-0.6107307076454163
0.0656	-0.4786279499530792
0.0664	-0.1559065729379654
0.06720000000000001	0.3290489614009857
0.068	0.9324430823326111
0.0688	1.5972812175750732
0.06960000000000001	2.262906789779663
0.0704	2.869213104248047
0.0712	3.361593008041382
0.07200000000000001	3.697962999343872
0.0728	3.849463939666748
0.0736	3.801922082901001
0.07440000000000001	3.5600247383117676
0.0752	3.1449573040008545
0.076	2.591653823852539
0.07680000000000001	1.9496591091156006
0.0776	1.2778174877166748
0.0784	0.6363727450370789
0.0792	0.08404413610696793
0.08	-0.32804858684539795
0.08080000000000001	-0.563571572303772
0.0816	-0.6006894707679749
0.0824	-0.43529003858566284
0.08320000000000001	-0.08289655297994614
0.084	0.425519198179245
0.0848	1.043436884880066
0.08560000000000001	1.7126747369766235
0.0864	2.3727009296417236
0.0872	2.963883638381958
0.08800000000000001	3.432828187942505
0.0888	3.73970103263855
0.0896	3.8582801818847656
0.09040000000000001	3.777379274368286
0.0912	3.504697561264038
0.092	3.063570261001587
0.09280000000000001	2.4915435314178467
0.0936	1.8404498100280762
0.0944	1.1693331003189087
0.0952	0.5385873317718506
0.096	0.0063191805966198444
0.09680000000000001	-0.378563791513443
0.0976	-0.5819900035858154
0.0984	-0.5849487781524658
0.09920000000000001	-0.38672760128974915
0.1	-0.005711943842470646
0.1008	0.5244767069816589
0.10160000000000001	1.153968334197998
0.1024	1.8247684240341187
0.1032	2.477482795715332
0.10400000000000001	3.0519046783447266
0.1048	3.4960391521453857
0.1056	3.772777557373047
0.10640000000000001	3.8583474159240723
0.1072	3.744262218475342
0.108	3.4413585662841797
0.10880000000000001	2.975471258163452
0.1096	2.3862838745117188
0.11040000000000001	1.7275909185409546
0.11120000000000001	1.0588239431381226
0.112	0.4404144287109375
0.11280000000000001	-0.07006841897964478
0.1136	-0.4266667366027832
0.1144	-0.5976586937904358
0.11520000000000001	-0.5664958953857422
0.116	-0.336127907037735
0.1168	0.07226008921861649
0.11760000000000001	0.6226717829704285
0.1184	1.2641372680664062
0.1192	1.9371246099472046
0.12000000000000001	2.580827474594116
0.1208	3.1365134716033936
0.1216	3.5548255443573
0.12240000000000001	3.8009419441223145
0.1232	3.8531651496887207
0.124	3.706220865249634
0.12480000000000001	3.37391996383667
0.12560000000000002	2.884385108947754
0.1264	2.2796242237091064
0.1272	1.614806890487671
0.128	0.9500020742416382
0.1288	0.34601613879203796
0.1296	-0.14118154346942902
0.13040000000000002	-0.4685077965259552
0.1312	-0.6064280867576599
0.132	-0.5411311984062195
0.1328	-0.2791913151741028
0.1336	0.15569409728050232
0.13440000000000002	0.725153923034668
0.13520000000000001	1.375893473625183
0.136	2.047943592071533
0.1368	2.6804723739624023
0.1376	3.215972900390625
0.1384	3.607712507247925
0.13920000000000002	3.8227319717407227
0.14	3.8415586948394775
0.1408	3.662255048751831
0.1416	3.3014070987701416
0.1424	2.789424419403076
0.1432	2.170452356338501
0.14400000000000002	1.501510500907898
0.1448	0.843142569065094
0.1456	0.2550925016403198
0.1464	-0.20802009105682373
0.1472	-0.5053868889808655
0.14800000000000002	-0.609935462474823
0.14880000000000002	-0.5109044909477234
0.1496	-0.21804264187812805
0.1504	0.2425527572631836
0.1512	0.82982337474823
0.152	1.4886996746063232
0.15280000000000002	2.1583750247955322
0.15360000000000001	2.778317451477051
0.1544	3.2927327156066895
0.1552	3.6571249961853027
0.156	3.840597629547119
0.1568	3.826089859008789
0.15760000000000002	3.615001916885376
0.1584	3.2264318466186523
0.1592	2.693026304244995
0.16	2.061330556869507
0.1608	1.38970148563385
0.16160000000000002	0.7392076849937439
0.16240000000000002	0.16871841251850128
0.1632	-0.26917171478271484
0.164	-0.5357790589332581
0.1648	-0.6065561175346375
0.1656	-0.474003404378891
0.16640000000000002	-0.1508820503950119
0.16720000000000002	0.3343484401702881
0.168	0.9379550218582153
0.1688	1.6029932498931885
0.1696	2.268718719482422
0.1704	2.8749501705169678
0.17120000000000002	3.367067575454712
0.17200000000000001	3.7031376361846924
0.1728	3.8543384075164795
0.1736	3.8064091205596924
0.1744	3.564161777496338
0.1752	3.1488444805145264
0.17600000000000002	2.5952534675598145
0.1768	1.9529962539672852
0.1776	1.2811546325683594
0.1784	0.6401724219322205
0.1792	0.08841871470212936
0.18000000000000002	-0.32331153750419617
0.18080000000000002	-0.5584845542907715
0.1816	-0.5952149629592896
0.1824	-0.4294281005859375
0.1832	-0.07669715583324432
0.184	0.4320560693740845
0.18480000000000002	1.0500112771987915
0.18560000000000001	1.7191365957260132
0.1864	2.3791627883911133
0.1872	2.970207929611206
0.188	3.43892765045166
0.1888	3.74556303024292
0.18960000000000002	3.8638296127319336
0.1904	3.7825162410736084
0.1912	3.509472131729126
0.192	3.0680322647094727
0.1928	2.495718240737915
0.19360000000000002	1.8445243835449219
0.19440000000000002	1.1736326217651367
0.1952	0.5434868335723877
0.196	0.011706159450113773
0.1968	-0.37292683124542236
0.1976	-0.5760155916213989
0.19840000000000002	-0.578624427318573
0.19920000000000002	-0.3801157474517822
