0	-537.0610061666812
0.0008	775.5881670408417
0.0016	2275.758638997446
0.0024000000000000002	3463.3935871370486
0.0032	3838.4362007229356
0.004	4275.985915594676
0.0048000000000000004	4401.000119650271
0.0056	4150.971711453109
0.0064	3275.872280053387
0.007200000000000001	2338.265741725336
0.008	1338.1520954857115
0.0088	-99.51128069951665
0.009600000000000001	-1537.1746683839592
0.010400000000000001	-2974.8380676119123
0.0112	-3599.9091143662226
0.012	-4099.965953349369
0.0128	-4600.022793738521
0.013600000000000001	-4475.008583509305
0.014400000000000001	-3787.4304288202547
0.0152	-2912.3309630570584
0.016	-1724.6959806710947
0.016800000000000002	-349.53969512163894
0.0176	1025.6165798996226
0.0184	2463.279947116098
0.019200000000000002	3275.872280053387
0.02	3900.9433029120555
0.020800000000000003	4338.493017633213
0.0216	4526.014323620009
0.0224	3900.9433029120555
0.023200000000000002	3338.3793824361055
0.024	2338.265741725336
0.024800000000000003	963.10947671748
0.0256	-349.53969512163894
0.0264	-1662.188876553555
0.027200000000000002	-3037.345172188827
0.028	-3787.4304288202547
0.028800000000000003	-4224.980163314729
0.0296	-4662.529898886161
0.0304	-4287.487268330413
0.031200000000000002	-3724.9233239802998
0.032	-2849.8238585240906
0.0328	-1474.667564331845
0.033600000000000005	25.502926381246652
0.0344	1150.6307861991227
0.0352	2463.279947116098
0.036000000000000004	3463.3935871370486
0.0368	4213.478813534544
0.0376	4401.000119650271
0.038400000000000004	4401.000119650271
0.0392	3963.4504050795804
0.04	3150.858075223281
0.0408	2088.237330684322
0.041600000000000005	900.6023735136259
0.0424	-599.568109891843
0.0432	-1849.7101889717742
0.044000000000000004	-3099.852276787511
0.0448	-3787.4304288202547
0.0456	-4037.458848399634
0.046400000000000004	-4412.501478427672
0.0472	-4224.980163314729
0.048	-3474.894904839981
0.0488	-2474.7812317858334
0.049600000000000005	-1287.1462523065275
0.0504	213.02423683926463
0.0512	1713.1947134743677
0.052000000000000005	2588.294152420771
0.0528	3525.900689455215
0.0536	4275.985915594676
0.054400000000000004	4213.478813534544
0.055200000000000006	4150.971711453109
0.056	3775.9290985123953
0.0568	2963.3367678165087
0.057600000000000005	1963.22312503407
0.0584	525.5597538349102
0.0592	-849.5965250103618
0.060000000000000005	-2037.2315015865606
0.0608	-3349.8806954015163
0.0616	-3974.9517434718437
0.062400000000000004	-4349.994373368099
0.0632	-4537.5156886128825
0.064	-4037.458848399634
0.0648	-3412.3878001098055
0.0656	-2287.2599187121377
0.0664	-974.6107327002683
0.06720000000000001	400.54554710170487
0.068	1525.6734045773628
0.0688	2900.8296653043944
0.06960000000000001	3713.4219962803763
0.0704	4150.971711453109
0.0712	4338.493017633213
0.07200000000000001	4401.000119650271
0.0728	3650.9148940268205
0.0736	2963.3367678165087
0.07440000000000001	1775.7018163967296
0.0752	463.0526504791924
0.076	-912.1036288445466
0.07680000000000001	-2349.767023048131
0.0776	-3412.3878001098055
0.0784	-4037.458848399634
0.0792	-4475.008583509305
0.08	-4537.5156886128825
0.08080000000000001	-3724.9233239802998
0.0816	-3224.866486050596
0.0824	-2224.7528143979143
0.08320000000000001	-724.582317407534
0.084	713.0810637719114
0.0848	1775.7018163967296
0.08560000000000001	3025.8438703069696
0.0864	3713.4219962803763
0.0872	4275.985915594676
0.08800000000000001	4526.014323620009
0.0888	4213.478813534544
0.0896	3400.8864847974037
0.09040000000000001	2525.787049779203
0.0912	1463.1663015685044
0.092	338.0384437026223
0.09280000000000001	-1224.6391483417246
0.0936	-2662.3025450564455
0.0944	-3349.8806954015163
0.0952	-4099.965953349369
0.096	-4725.037004055805
0.09680000000000001	-4475.008583509305
0.0976	-3849.937533682154
0.0984	-3099.852276787511
0.09920000000000001	-2162.245710105577
0.1	-474.55390246323077
0.1008	1025.6165798996226
0.10160000000000001	2025.7302278699935
0.1024	3150.858075223281
0.1032	3900.9433029120555
0.10400000000000001	4025.95750722551
0.1048	4275.985915594676
0.1056	4088.4646093500196
0.10640000000000001	3463.3935871370486
0.1072	2525.787049779203
0.108	1463.1663015685044
0.10880000000000001	-287.0325914834975
0.1096	-1412.1604603015585
0.11040000000000001	-2849.8238585240906
0.11120000000000001	-3849.937533682154
0.112	-4224.980163314729
0.11280000000000001	-4600.022793738521
0.1136	-4099.965953349369
0.1144	-3912.4446385659976
0.11520000000000001	-2912.3309630570584
0.116	-1662.188876553555
0.1168	-224.52548786700936
0.11760000000000001	1150.6307861991227
0.1184	2275.758638997446
0.1192	3213.3651776490733
0.12000000000000001	3963.4504050795804
0.1208	4338.493017633213
0.1216	4338.493017633213
0.12240000000000001	3900.9433029120555
0.1232	3275.872280053387
0.124	2150.744433476997
0.12480000000000001	963.10947671748
0.12560000000000002	-287.0325914834975
0.1264	-1724.6959806710947
0.1272	-2912.3309630570584
0.128	-3662.4162191624055
0.1288	-4037.458848399634
0.1296	-4850.051214460982
0.13040000000000002	-4412.501478427672
0.1312	-3662.4162191624055
0.132	-2599.7954406110803
0.1328	-1412.1604603015585
0.1336	-162.01838427234907
0.13440000000000002	1150.6307861991227
0.13520000000000001	2525.787049779203
0.136	3400.8864847974037
0.1368	3963.4504050795804
0.1376	4401.000119650271
0.1384	4338.493017633213
0.13920000000000002	3775.9290985123953
0.14	3275.872280053387
0.1408	2088.237330684322
0.1416	775.5881670408417
0.1424	-662.0752136388328
0.1432	-1912.2172931547975
0.14400000000000002	-3162.3593814080814
0.1448	-3787.4304288202547
0.1456	-4412.501478427672
0.1464	-4537.5156886128825
0.1472	-4162.473058320989
0.14800000000000002	-3787.4304288202547
0.14880000000000002	-2662.3025450564455
0.1496	-1224.6391483417246
0.1504	88.01002988900291
0.1512	1713.1947134743677
0.152	2525.787049779203
0.15280000000000002	3525.900689455215
0.15360000000000001	4150.971711453109
0.1544	4275.985915594676
0.1552	4213.478813534544
0.156	3900.9433029120555
0.1568	3088.3509727758938
0.15760000000000002	1838.2089192974963
0.1584	838.0952702880022
0.1592	-974.6107327002683
0.16	-2224.7528143979143
0.1608	-3224.866486050596
0.16160000000000002	-3974.9517434718437
0.16240000000000002	-4537.5156886128825
0.1632	-4537.5156886128825
0.164	-4287.487268330413
0.1648	-3474.894904839981
0.1656	-2349.767023048131
0.16640000000000002	-912.1036288445466
0.16720000000000002	400.54554710170487
0.168	1525.6734045773628
0.1688	2838.32256277086
0.1696	3713.4219962803763
0.1704	4275.985915594676
0.17120000000000002	4213.478813534544
0.17200000000000001	4338.493017633213
0.1728	3775.9290985123953
0.1736	2838.32256277086
0.1744	1588.1805075646844
0.1752	213.02423683926463
0.17600000000000002	-974.6107327002683
0.1768	-2474.7812317858334
0.1776	-3474.894904839981
0.1784	-4037.458848399634
0.1792	-4349.994373368099
0.18000000000000002	-4537.5156886128825
0.18080000000000002	-4037.458848399634
0.1816	-3224.866486050596
0.1824	-2099.7386058350676
0.1832	-724.582317407534
0.184	525.5597538349102
0.18480000000000002	1775.7018163967296
0.18560000000000001	2963.3367678165087
0.1864	3775.9290985123953
0.1872	4088.4646093500196
0.188	4463.507221645908
0.1888	4275.985915594676
0.18960000000000002	3588.407791751728
0.1904	2588.294152420771
0.1912	1650.687610530411
0.192	-37.00417714822106
0.1928	-1162.1320443986333
0.19360000000000002	-2537.288336187543
0.19440000000000002	-3724.9233239802998
0.1952	-4037.458848399634
0.196	-4600.022793738521
0.1968	-4412.501478427672
0.1976	-3974.9517434718437
0.19840000000000002	-2912.3309630570584
0.19920000000000002	-1912.2172931547975
