0	0
0.0008	0.5758723020553589
0.0016	1.2386362552642822
0.0024000000000000002	1.9268603324890137
0.0032	2.5791378021240234
0.004	3.136137008666992
0.0048000000000000004	3.5485002994537354
0.0056	3.7818310260772705
0.0064	3.8151066303253174
0.007200000000000001	3.6451151371002197
0.008	3.2877423763275146
0.0088	2.772810697555542
0.009600000000000001	2.145015239715576
0.010400000000000001	1.4618628025054932
0.0112	0.7851846814155579
0.012	0.1763623058795929
0.0128	-0.3081475496292114
0.013600000000000001	-0.6250492930412292
0.014400000000000001	-0.7459957003593445
0.0152	-0.6587879061698914
0.016	-0.3717873990535736
0.016800000000000002	0.08952100574970245
0.0176	0.6837290525436401
0.0184	1.3547172546386719
0.019200000000000002	2.040929079055786
0.02	2.6810576915740967
0.020800000000000003	3.2167837619781494
0.0216	3.6010499000549316
0.0224	3.8019464015960693
0.023200000000000002	3.8009629249572754
0.024	3.598099708557129
0.024800000000000003	3.2119925022125244
0.0256	2.674862861633301
0.0264	2.0337812900543213
0.027200000000000002	1.3476040363311768
0.028	0.6780502796173096
0.028800000000000003	0.08625118434429169
0.0296	-0.37276124954223633
0.0304	-0.6584411263465881
0.031200000000000002	-0.7448534369468689
0.032	-0.6230491399765015
0.0328	-0.3047267198562622
0.033600000000000005	0.18190422654151917
0.0344	0.7929356694221497
0.0352	1.4709482192993164
0.036000000000000004	2.154135227203369
0.0368	2.780640125274658
0.0376	3.293431043624878
0.038400000000000004	3.648699998855591
0.0392	3.8166747093200684
0.04	3.781294584274292
0.0408	3.545997142791748
0.041600000000000005	3.1319801807403564
0.0424	2.5736403465270996
0.0432	1.9204849004745483
0.044000000000000004	1.2324329614639282
0.0448	0.5714282989501953
0.0456	-0.001635161112062633
0.046400000000000004	-0.4340377748012543
0.0472	-0.6879333257675171
0.048	-0.7396741509437561
0.0488	-0.5837731957435608
0.049600000000000005	-0.2351662814617157
0.0504	0.2756873369216919
0.0512	0.9022672772407532
0.052000000000000005	1.5859543085098267
0.0528	2.2645041942596436
0.0536	2.8758232593536377
0.054400000000000004	3.365003824234009
0.055200000000000006	3.690887928009033
0.056	3.8256285190582275
0.0568	3.75616455078125
0.057600000000000005	3.4892451763153076
0.0584	3.0481810569763184
0.0592	2.4698805809020996
0.060000000000000005	1.8062262535095215
0.0608	1.1181117296218872
0.0616	0.4676435589790344
0.062400000000000004	-0.08519693464040756
0.0632	-0.49011480808258057
0.064	-0.7117261290550232
0.0648	-0.7287828922271729
0.0656	-0.5393728017807007
0.0664	-0.1613062471151352
0.06720000000000001	0.37254512310028076
0.068	1.0131862163543701
0.0688	1.7005479335784912
0.06960000000000001	2.37191104888916
0.0704	2.9662816524505615
0.0712	3.4308021068573
0.07200000000000001	3.72646427154541
0.0728	3.8275833129882812
0.0736	3.724260091781616
0.07440000000000001	3.4264814853668213
0.0752	2.9597573280334473
0.076	2.3631460666656494
0.07680000000000001	1.6908676624298096
0.0776	1.004802942276001
0.0784	0.36667102575302124
0.0792	-0.16455914080142975
0.08	-0.5410173535346985
0.08080000000000001	-0.7295694947242737
0.0816	-0.7116797566413879
0.0824	-0.4890729486942291
0.08320000000000001	-0.08222171664237976
0.084	0.4735025465488434
0.0848	1.126367449760437
0.08560000000000001	1.8149914741516113
0.0864	2.477242946624756
0.0872	3.053252935409546
0.08800000000000001	3.492088556289673
0.0888	3.7569286823272705
0.0896	3.824150800704956
0.09040000000000001	3.687168598175049
0.0912	3.359092950820923
0.092	2.8674588203430176
0.09280000000000001	2.254124402999878
0.0936	1.5754590034484863
0.0944	0.8932440280914307
0.0952	0.269035667181015
0.096	-0.23932179808616638
0.09680000000000001	-0.5863329768180847
0.0976	-0.7411385178565979
0.0984	-0.6883147954940796
0.09920000000000001	-0.4330986738204956
0.1	0.00161234091501683
0.1008	0.5775971412658691
0.10160000000000001	1.2404236793518066
0.1024	1.9285227060317993
0.1032	2.580350160598755
0.10400000000000001	3.136824369430542
0.1048	3.5488500595092773
0.1056	3.781856060028076
0.10640000000000001	3.814781665802002
0.1072	3.6444528102874756
0.108	3.2868425846099854
0.10880000000000001	2.7716732025146484
0.1096	2.1435904502868652
0.11040000000000001	1.4603378772735596
0.11120000000000001	0.7837098240852356
0.112	0.17507493495941162
0.11280000000000001	-0.30923494696617126
0.1136	-0.6258991956710815
0.1144	-0.7464456558227539
0.11520000000000001	-0.658850371837616
0.116	-0.37154993414878845
0.1168	0.09005845338106155
0.11760000000000001	0.6845290064811707
0.1184	1.3556671142578125
0.1192	2.0419538021087646
0.12000000000000001	2.6819076538085938
0.1208	3.21734619140625
0.1216	3.601337194442749
0.12240000000000001	3.8018836975097656
0.1232	3.8005504608154297
0.124	3.5973622798919678
0.12480000000000001	3.210930109024048
0.12560000000000002	2.6735503673553467
0.1264	2.0322937965393066
0.1272	1.346016764640808
0.128	0.6765754222869873
0.1288	0.08495131880044937
0.1296	-0.3738236427307129
0.13040000000000002	-0.6591410040855408
0.1312	-0.7451909184455872
0.132	-0.6231116056442261
0.1328	-0.30448925495147705
0.1336	0.18249167501926422
0.13440000000000002	0.7937105894088745
0.13520000000000001	1.4717856645584106
0.136	2.1549975872039795
0.1368	2.781590223312378
0.1376	3.2943434715270996
0.1384	3.649287223815918
0.13920000000000002	3.816924571990967
0.14	3.7813196182250977
0.1408	3.5457847118377686
0.1416	3.131455421447754
0.1424	2.572840452194214
0.1432	1.9195350408554077
0.14400000000000002	1.2314954996109009
0.1448	0.5705409049987793
0.1456	-0.0024725766852498055
0.1464	-0.43468770384788513
0.1472	-0.6883082985877991
0.14800000000000002	-0.7397366762161255
0.14880000000000002	-0.5834232568740845
0.1496	-0.2343788594007492
0.1504	0.27687472105026245
0.1512	0.903792142868042
0.152	1.5875791311264038
0.15280000000000002	2.2661540508270264
0.15360000000000001	2.8774731159210205
0.1544	3.366441249847412
0.1552	3.69203782081604
0.156	3.8265159130096436
0.1568	3.7566895484924316
0.15760000000000002	3.4893951416015625
0.1584	3.0480310916900635
0.1592	2.4694056510925293
0.16	1.8055137395858765
0.1608	1.1172243356704712
0.16160000000000002	0.4667186737060547
0.16240000000000002	-0.08598435670137405
0.1632	-0.4906647503376007
0.164	-0.7119261026382446
0.1648	-0.7285704016685486
0.1656	-0.538710355758667
0.16640000000000002	-0.16024383902549744
0.16720000000000002	0.37390750646591187
0.168	1.0147360563278198
0.1688	1.7023227214813232
0.1696	2.3721985816955566
0.1704	2.964794158935547
0.17120000000000002	3.4290523529052734
0.17200000000000001	3.7244019508361816
0.1728	3.8252084255218506
0.1736	3.721510410308838
0.1744	3.423319101333618
0.1752	2.9562575817108154
0.17600000000000002	2.359396457672119
0.1768	1.6868804693222046
0.1776	1.0006283521652222
0.1784	0.3624589443206787
0.1792	-0.16863372921943665
0.18000000000000002	-0.5447794795036316
0.18080000000000002	-0.7329816222190857
0.1816	-0.714679479598999
0.1824	-0.49161019921302795
0.1832	-0.08434651046991348
0.184	0.47165271639823914
0.18480000000000002	1.1248050928115845
0.18560000000000001	1.8136790990829468
0.1864	2.4759931564331055
0.1872	3.051990509033203
0.188	3.4906136989593506
0.1888	3.7550787925720215
0.18960000000000002	3.821913719177246
0.1904	3.6844937801361084
0.1912	3.3559558391571045
0.192	2.8640341758728027
0.1928	2.250424861907959
0.19360000000000002	1.571471929550171
0.19440000000000002	0.8891693949699402
0.1952	0.2650735676288605
0.196	-0.2429589331150055
0.1968	-0.5895576477050781
0.1976	-0.743900716304779
0.19840000000000002	-0.6905895471572876
0.19920000000000002	-0.4348984956741333
