0	0
0.0008	0.5726033449172974
0.0016	1.2400225400924683
0.0024000000000000002	1.9397636651992798
0.0032	2.6087327003479004
0.004	3.186073064804077
0.0048000000000000004	3.6211771965026855
0.0056	3.8776614665985107
0.0064	3.9322407245635986
0.007200000000000001	3.779890537261963
0.008	3.434847354888916
0.0088	2.9260332584381104
0.009600000000000001	2.2972934246063232
0.010400000000000001	1.6058725118637085
0.0112	0.9133017659187317
0.012	0.28314968943595886
0.0128	-0.2254270762205124
0.013600000000000001	-0.5673580765724182
0.014400000000000001	-0.7115715146064758
0.0152	-0.6438060998916626
0.016	-0.37078604102134705
0.016800000000000002	0.08315378427505493
0.0176	0.6780799627304077
0.0184	1.357535481452942
0.019200000000000002	2.058401584625244
0.02	2.7182090282440186
0.020800000000000003	3.2770886421203613
0.0216	3.6859078407287598
0.0224	3.9105327129364014
0.023200000000000002	3.9305028915405273
0.024	3.7439186573028564
0.024800000000000003	3.367828607559204
0.0256	2.8334920406341553
0.0264	2.18774151802063
0.027200000000000002	1.4901461601257324
0.028	0.8031248450279236
0.028800000000000003	0.18922114372253418
0.0296	-0.2944581210613251
0.0304	-0.605192244052887
0.031200000000000002	-0.7145591378211975
0.032	-0.611572265625
0.0328	-0.30606791377067566
0.033600000000000005	0.17464430630207062
0.0344	0.7876062393188477
0.0352	1.4748860597610474
0.036000000000000004	2.1732523441314697
0.0368	2.8204236030578613
0.0376	3.3573176860809326
0.038400000000000004	3.7372024059295654
0.0392	3.9285805225372314
0.04	3.9136791229248047
0.0408	3.693835735321045
0.041600000000000005	3.2888362407684326
0.0424	2.7325141429901123
0.0432	2.073977470397949
0.044000000000000004	1.373669981956482
0.0448	0.6942477822303772
0.0456	0.09826730936765671
0.046400000000000004	-0.35893961787223816
0.0472	-0.6375145316123962
0.048	-0.7116349339485168
0.0488	-0.5735765099525452
0.049600000000000005	-0.23647527396678925
0.0504	0.2695219814777374
0.0512	0.8989073634147644
0.052000000000000005	1.5922740697860718
0.0528	2.2865781784057617
0.0536	2.9193508625030518
0.054400000000000004	3.4326348304748535
0.055200000000000006	3.782797336578369
0.056	3.9404537677764893
0.0568	3.8906185626983643
0.057600000000000005	3.6380410194396973
0.0584	3.2049190998077393
0.0592	2.6275742053985596
0.060000000000000005	1.957651138305664
0.0608	1.2562062740325928
0.0616	0.5863706469535828
0.062400000000000004	0.010275676846504211
0.0632	-0.41924652457237244
0.064	-0.6648872494697571
0.0648	-0.7034487128257751
0.0656	-0.5307312607765198
0.0664	-0.16313299536705017
0.06720000000000001	0.36702442169189453
0.068	1.0115708112716675
0.0688	1.709749698638916
0.06960000000000001	2.398329257965088
0.0704	3.0148160457611084
0.0712	3.5034024715423584
0.07200000000000001	3.8231678009033203
0.0728	3.946627616882324
0.0736	3.8618834018707275
0.07440000000000001	3.577146530151367
0.0752	3.1168150901794434
0.076	2.5196971893310547
0.07680000000000001	1.8398749828338623
0.0776	1.1391425132751465
0.0784	0.480793297290802
0.0792	-0.0739913284778595
0.08	-0.4749039113521576
0.08080000000000001	-0.6870355010032654
0.0816	-0.6899755001068115
0.0824	-0.4832739233970642
0.08320000000000001	-0.08607856929302216
0.084	0.46708911657333374
0.0848	1.1253092288970947
0.08560000000000001	1.826462745666504
0.0864	2.5071682929992676
0.0872	3.1057441234588623
0.08800000000000001	3.568682909011841
0.0888	3.8575265407562256
0.0896	3.946739673614502
0.09040000000000001	3.8275864124298096
0.0912	3.511540174484253
0.092	3.0253987312316895
0.09280000000000001	2.410282611846924
0.0936	1.722636342048645
0.0944	1.0249285697937012
0.0952	0.3799654543399811
0.096	-0.15214644372463226
0.09680000000000001	-0.5237370133399963
0.0976	-0.7020094394683838
0.0984	-0.6693655252456665
0.09920000000000001	-0.4290422797203064
0.1	-0.002949739573523402
0.1008	0.5720783472061157
0.10160000000000001	1.2420848608016968
0.1024	1.944125771522522
0.1032	2.615344524383545
0.10400000000000001	3.194509744644165
0.1048	3.630638837814331
0.1056	3.8876354694366455
0.10640000000000001	3.9421772956848145
0.1072	3.7889273166656494
0.108	3.442471742630005
0.10880000000000001	2.9315950870513916
0.1096	2.3000307083129883
0.11040000000000001	1.6065599918365479
0.11120000000000001	0.9134392738342285
0.112	0.28337469696998596
0.11280000000000001	-0.2249521017074585
0.1136	-0.5665581822395325
0.1144	-0.7104215621948242
0.11520000000000001	-0.6422562003135681
0.116	-0.3689112067222595
0.1168	0.0852660983800888
0.11760000000000001	0.6804297566413879
0.1184	1.3599978685379028
0.1192	2.0612387657165527
0.12000000000000001	2.7213711738586426
0.1208	3.2800633907318115
0.1216	3.6886701583862305
0.12240000000000001	3.9130449295043945
0.1232	3.932652711868286
0.124	3.7456936836242676
0.12480000000000001	3.3692660331726074
0.12560000000000002	2.8346292972564697
0.1264	2.1886539459228516
0.1272	1.4910086393356323
0.128	0.8040497899055481
0.1288	0.1903710663318634
0.1296	-0.29299572110176086
0.13040000000000002	-0.6034173965454102
0.1312	-0.712371826171875
0.132	-0.6089224815368652
0.1328	-0.30296820402145386
0.1336	0.17819397151470184
0.13440000000000002	0.7914683818817139
0.13520000000000001	1.4788357019424438
0.136	2.17738938331604
0.1368	2.8246357440948486
0.1376	3.361330032348633
0.1384	3.74092698097229
0.13920000000000002	3.9319300651550293
0.14	3.916703939437866
0.1408	3.69657301902771
0.1416	3.2912235260009766
0.1424	2.734539031982422
0.1432	2.075777292251587
0.14400000000000002	1.375444769859314
0.1448	0.6961726546287537
0.1456	0.10034213960170746
0.1464	-0.3566648066043854
0.1472	-0.6348647475242615
0.14800000000000002	-0.7085351943969727
0.14880000000000002	-0.5700768232345581
0.1496	-0.23261311650276184
0.1504	0.2736841142177582
0.1512	0.9032569527626038
0.152	1.5966612100601196
0.15280000000000002	2.290865421295166
0.15360000000000001	2.9235880374908447
0.1544	3.436709403991699
0.1552	3.786571979522705
0.156	3.9439034461975098
0.1568	3.8936681747436523
0.15760000000000002	3.640615701675415
0.1584	3.2070813179016113
0.1592	2.6294116973876953
0.16	1.959288477897644
0.1608	1.2578935623168945
0.16160000000000002	0.5880330204963684
0.16240000000000002	0.011988039128482342
0.1632	-0.4172342121601105
0.164	-0.6625124216079712
0.1648	-0.7006489634513855
0.1656	-0.5275315046310425
0.16640000000000002	-0.15958331525325775
0.16720000000000002	0.3708740770816803
0.168	1.0156829357147217
0.1688	1.7138867378234863
0.1696	2.4023663997650146
0.1704	3.018765687942505
0.17120000000000002	3.507127046585083
0.17200000000000001	3.826630115509033
0.1728	3.9498023986816406
0.1736	3.864708185195923
0.1744	3.5795464515686035
0.1752	3.118839740753174
0.17600000000000002	2.5214719772338867
0.1768	1.8415248394012451
0.1776	1.140704870223999
0.1784	0.4823431670665741
0.1792	-0.07222897559404373
0.18000000000000002	-0.47280409932136536
0.18080000000000002	-0.684585690498352
0.1816	-0.6871632933616638
0.1824	-0.4800492227077484
0.1832	-0.08242889493703842
0.184	0.47107627987861633
0.18480000000000002	1.1294838190078735
0.18560000000000001	1.830837368965149
0.1864	2.5116302967071533
0.1872	3.110043525695801
0.188	3.57273268699646
0.1888	3.86125111579895
0.18960000000000002	3.9500768184661865
0.1904	3.8305485248565674
0.1912	3.5141525268554688
0.192	3.0276734828948975
0.1928	2.4123573303222656
0.19360000000000002	1.7245486974716187
0.19440000000000002	1.026715874671936
0.1952	0.3818402886390686
0.196	-0.15008412301540375
0.1968	-0.5213621854782104
0.1976	-0.6991721987724304
0.19840000000000002	-0.66604083776474
0.19920000000000002	-0.4252800941467285
