0	0
0.0008	0.6516054272651672
0.0016	1.353743553161621
0.0024000000000000002	2.043207883834839
0.0032	2.657366991043091
0.004	3.1407511234283447
0.0048000000000000004	3.452751874923706
0.0056	3.566659927368164
0.0064	3.4713637828826904
0.007200000000000001	3.1755003929138184
0.008	2.704054594039917
0.0088	2.097022294998169
0.009600000000000001	1.4097232818603516
0.010400000000000001	0.7045384049415588
0.0112	0.04496147483587265
0.012	-0.5075511932373047
0.0128	-0.902954638004303
0.013600000000000001	-1.1065398454666138
0.014400000000000001	-1.0986462831497192
0.0152	-0.8798862099647522
0.016	-0.4704323410987854
0.016800000000000002	0.09385647624731064
0.0176	0.760797917842865
0.0184	1.467448115348816
0.019200000000000002	2.1505379676818848
0.02	2.748523712158203
0.020800000000000003	3.207122802734375
0.0216	3.4883265495300293
0.0224	3.5677754878997803
0.023200000000000002	3.4374704360961914
0.024	3.109947681427002
0.024800000000000003	2.6128170490264893
0.0256	1.9883365631103516
0.0264	1.293725609779358
0.027200000000000002	0.5916279554367065
0.028	-0.05443781241774559
0.028800000000000003	-0.5836278200149536
0.0296	-0.9488592743873596
0.0304	-1.1180980205535889
0.031200000000000002	-1.0743705034255981
0.032	-0.8219262361526489
0.0328	-0.38377514481544495
0.033600000000000005	0.20151163637638092
0.0344	0.8792895674705505
0.0352	1.5863522291183472
0.036000000000000004	2.259580612182617
0.0368	2.8375930786132812
0.0376	3.268894672393799
0.038400000000000004	3.5178894996643066
0.0392	3.5622544288635254
0.04	3.397515296936035
0.0408	3.039407968521118
0.041600000000000005	2.5178046226501465
0.0424	1.87738835811615
0.0432	1.1768906116485596
0.044000000000000004	0.47929248213768005
0.0448	-0.151424840092659
0.0456	-0.6561548113822937
0.046400000000000004	-0.9906393885612488
0.0472	-1.1250065565109253
0.048	-1.0453826189041138
0.0488	-0.7598416209220886
0.049600000000000005	-0.29700547456741333
0.0504	0.3048047125339508
0.0512	0.9917193055152893
0.052000000000000005	1.6976070404052734
0.0528	2.3588740825653076
0.0536	2.9152262210845947
0.054400000000000004	3.318180561065674
0.055200000000000006	3.5342533588409424
0.056	3.5435218811035156
0.0568	3.344973564147949
0.057600000000000005	2.9570319652557373
0.0584	2.411931037902832
0.0592	1.7570786476135254
0.060000000000000005	1.0523687601089478
0.0608	0.3615574836730957
0.0616	-0.2517740726470947
0.062400000000000004	-0.7307940721511841
0.0632	-1.0335568189620972
0.064	-1.1325401067733765
0.0648	-1.0173572301864624
0.0656	-0.6994819045066833
0.0664	-0.2071361094713211
0.06720000000000001	0.41589704155921936
0.068	1.1107608079910278
0.0688	1.813611388206482
0.06960000000000001	2.4612796306610107
0.0704	2.994858980178833
0.0712	3.36859130859375
0.07200000000000001	3.5511550903320312
0.0728	3.525177001953125
0.0736	3.293256998062134
0.07440000000000001	2.8762807846069336
0.0752	2.3088321685791016
0.076	1.6410810947418213
0.07680000000000001	0.9344088435173035
0.0776	0.25248417258262634
0.0784	-0.3419492840766907
0.0792	-0.7940469980239868
0.08	-1.0643380880355835
0.08080000000000001	-1.1276873350143433
0.0816	-0.9773454666137695
0.0824	-0.6278732419013977
0.08320000000000001	-0.10981746017932892
0.084	0.5303140878677368
0.0848	1.2312397956848145
0.08560000000000001	1.9292283058166504
0.0864	2.561960458755493
0.0872	3.071592092514038
0.08800000000000001	3.41513991355896
0.0888	3.563507080078125
0.0896	3.5023574829101562
0.09040000000000001	3.23771595954895
0.0912	2.7925548553466797
0.092	2.2039709091186523
0.09280000000000001	1.5252208709716797
0.0936	0.8184112310409546
0.0944	0.1469855010509491
0.0952	-0.42685002088546753
0.096	-0.8509880900382996
0.09680000000000001	-1.0881949663162231
0.0976	-1.1158353090286255
0.0984	-0.9309468269348145
0.09920000000000001	-0.550865113735199
0.1	-0.008411696180701256
0.1008	0.6465684175491333
0.10160000000000001	1.35136878490448
0.1024	2.042820453643799
0.1032	2.658879280090332
0.10400000000000001	3.1435508728027344
0.1048	3.456251621246338
0.1056	3.570122003555298
0.10640000000000001	3.4741761684417725
0.1072	3.1777126789093018
0.108	2.7057793140411377
0.10880000000000001	2.0982847213745117
0.1096	1.4107731580734253
0.11040000000000001	0.7055758237838745
0.11120000000000001	0.04619886726140976
0.112	-0.5059763193130493
0.11280000000000001	-0.9010797739028931
0.1136	-1.1043275594711304
0.1144	-1.096034049987793
0.11520000000000001	-0.8769364953041077
0.116	-0.4671076536178589
0.1168	0.09763111919164658
0.11760000000000001	0.7648600339889526
0.1184	1.4715977907180786
0.1192	2.154625177383423
0.12000000000000001	2.7524607181549072
0.1208	3.210897445678711
0.1216	3.4918012619018555
0.12240000000000001	3.570887804031372
0.1232	3.4402577877044678
0.124	3.112334966659546
0.12480000000000001	2.614804267883301
0.12560000000000002	1.990048885345459
0.1264	1.2952505350112915
0.1272	0.5931528210639954
0.128	-0.052800457924604416
0.1288	-0.5819029808044434
0.1296	-0.946909487247467
0.13040000000000002	-1.1157606840133667
0.1312	-1.0715707540512085
0.132	-0.8186265230178833
0.1328	-0.38017550110816956
0.1336	0.20532377064228058
0.13440000000000002	0.8833891749382019
0.13520000000000001	1.5905143022537231
0.136	2.2636427879333496
0.1368	2.8414926528930664
0.1376	3.272444486618042
0.1384	3.521064043045044
0.13920000000000002	3.5650789737701416
0.14	3.3999273777008057
0.1408	3.0413827896118164
0.1416	2.5194170475006104
0.1424	1.8787633180618286
0.1432	1.1782654523849487
0.14400000000000002	0.48080483078956604
0.1448	-0.1497499942779541
0.1456	-0.6541424989700317
0.1464	-0.9881895780563354
0.1472	-1.1220942735671997
0.14800000000000002	-1.0419954061508179
0.14880000000000002	-0.7559919953346252
0.1496	-0.28999364376068115
0.1504	0.31494125723838806
0.1512	1.0019807815551758
0.152	1.7078936100006104
0.15280000000000002	2.3692104816436768
0.15360000000000001	2.9253501892089844
0.1544	3.3280045986175537
0.1552	3.5436899662017822
0.156	3.552433490753174
0.1568	3.3534228801727295
0.15760000000000002	2.9650936126708984
0.1584	2.4196178913116455
0.1592	1.7646154165267944
0.16	1.0599180459976196
0.1608	0.36913177371025085
0.16160000000000002	-0.2439872920513153
0.16240000000000002	-0.7226823568344116
0.1632	-1.0250952243804932
0.164	-1.1237283945083618
0.1648	-1.0081831216812134
0.1656	-0.6898578405380249
0.16640000000000002	-0.19719956815242767
0.16720000000000002	0.42588359117507935
0.168	1.1208224296569824
0.1688	1.8237603902816772
0.1696	2.471341133117676
0.1704	3.0046706199645996
0.17120000000000002	3.378002882003784
0.17200000000000001	3.5601041316986084
0.1728	3.5336761474609375
0.1736	3.301356315612793
0.1744	2.884042501449585
0.1752	2.3163564205169678
0.17600000000000002	1.6484678983688354
0.1768	0.941733181476593
0.1776	0.2599584758281708
0.1784	-0.3341500163078308
0.1792	-0.7858603000640869
0.18000000000000002	-1.055763840675354
0.18080000000000002	-1.118788242340088
0.1816	-0.9680963754653931
0.1824	-0.6182991862297058
0.1832	-0.10008089244365692
0.184	0.5400881171226501
0.18480000000000002	1.2411139011383057
0.18560000000000001	1.9391148090362549
0.1864	2.571622133255005
0.1872	3.0809412002563477
0.188	3.4241890907287598
0.1888	3.5722687244415283
0.18960000000000002	3.5108067989349365
0.1904	3.2458651065826416
0.1912	2.800541639328003
0.192	2.2118825912475586
0.1928	1.5329952239990234
0.19360000000000002	0.8262104988098145
0.19440000000000002	0.1549597531557083
0.1952	-0.41870078444480896
0.196	-0.8425763845443726
0.1968	-1.0794957876205444
0.1976	-1.106736183166504
0.19840000000000002	-0.9213352799415588
0.19920000000000002	-0.540941059589386
