No.	时间（s）	Dev1/ai0-1-测振（mm/s）	VH01-V1-Dev1/ai0一次积分（μm）
1	0	-61.6270121041365	0
2	0.001	-70.3623718579982	-63.4788363597329
3	0.002	-79.0195984695347	-135.653965902165
4	0.003	-87.5205582474157	-216.408188639306
5	0.004	-95.4120750509402	-305.358649667149
6	0.005	-103.08481801432	-402.091240578445
7	0.006	-110.101237586773	-506.168412757656
8	0.007	-116.57072101795	-616.988536438684
9	0.008	-122.415134298314	-733.965608475481
10	0.009	-127.46258271316	-856.388611359884
11	0.01	-131.744319586133	-983.476206888196
12	0.011	-134.947809132505	-1114.30641562618
13	0.012	-136.932410097563	-1247.73066961988
14	0.013	-137.619988407249	-1382.49101325095
15	0.014	-136.432353152397	-1517.00132840944
16	0.015	-133.682040062976	-1649.54266939579
17	0.016	-128.978380025318	-1778.35702381861
18	0.017	-122.040091713601	-1901.35040406673
19	0.018	-113.21096503021	-2016.4600768173
20	0.019	-102.272226047035	-2121.68581673459
21	0.02	-89.364516552828	-2214.98833241319
22	0.021	-74.7847456482017	-2294.54710789237
23	0.022	-58.7673148449804	-2358.80728251762
24	0.023	-41.8279067783595	-2406.58903770796
25	0.024	-24.4353232714202	-2437.20479711152
26	0.025	-7.0427391379194	-2450.42797269485
27	0.026	9.64664253486516	-2446.61016537504
28	0.027	25.3671675447813	-2426.58740471389
29	0.028	39.525019029193	-2391.62545580556
30	0.029	51.8701682706257	-2343.41200653432
31	0.03	61.9025576244876	-2284.00978796543
32	0.031	69.5909323012723	-2215.74718738122
33	0.032	74.4039805913181	-2141.23387531359
34	0.033	76.6854907004059	-2063.17328404639
35	0.034	76.4979693164872	-1984.06569841661
36	0.035	74.2008324374162	-1906.20044191832
37	0.036	69.7784536524546	-1831.69494325205
38	0.037	63.980918935383	-1762.2994013368
39	0.038	57.1207642989671	-1699.23270409829
40	0.039	49.6667933195954	-1643.32306966767
41	0.04	42.2128234344101	-1594.86740566934
42	0.041	34.8838686905325	-1553.80320398553
43	0.042	28.3362531432458	-1519.67728744731
44	0.043	23.0075259201015	-1491.4895422943
45	0.044	18.6476584757281	-1468.14609447505
46	0.045	15.850467659242	-1448.38117578623
47	0.046	14.2096574465177	-1430.83525761202
48	0.047	13.7564812979149	-1414.33633261847
49	0.048	14.4753124312551	-1397.70458013255
50	0.049	15.9129747155785	-1379.9945809378
51	0.05	18.2257358325606	-1360.40937004239
52	0.051	20.6635111347687	-1338.44889093739
53	0.052	23.3513147613799	-1313.92562236798
54	0.053	26.1797593803279	-1286.64422967579
55	0.054	28.5550278765761	-1256.76098042601
56	0.055	30.9615499901069	-1224.48683587133
57	0.056	32.9148959262419	-1190.03275729182
58	0.057	34.4931994863386	-1153.8128539642
59	0.058	36.0246227809617	-1116.03808720921
60	0.059	37.2591375056908	-1076.88035144455
61	0.06	38.6811734860817	-1036.39434032733
62	0.061	40.0407024226986	-994.517546751608
63	0.062	41.4627384712916	-951.249970683279
64	0.063	43.3223241275392	-906.341583762529
65	0.064	45.1194027626361	-859.604864696107
66	0.065	47.4009113774452	-810.828852004732
67	0.066	49.7918074986318	-759.716636945359
68	0.067	52.2139572788647	-706.197898935276
69	0.068	54.7298678218919	-650.210130763563
70	0.069	57.0113768757934	-591.823652793386
71	0.07	59.0897379603157	-531.257239753997
72	0.071	60.699295857679	-468.846867223665
73	0.072	61.7306630843782	-405.116032131302
74	0.073	62.2307199301885	-340.619485002685
75	0.074	61.9650647301475	-276.005737051182
76	0.075	61.183725915732	-211.915486106908
77	0.076	59.8085696355522	-148.903482709932
78	0.077	57.7614620684379	-87.602611236602
79	0.078	55.3080584621363	-28.5519953499805
80	0.079	52.4014785570965	27.8186287809704
81	0.08	49.2604972398504	81.1654723007782
82	0.081	45.9632484032489	131.293200743662
83	0.082	42.587865919744	178.084613526493
84	0.083	39.2281104107765	221.508457313088
85	0.084	35.8839818645536	261.580359072088
86	0.085	32.383585825753	298.229998538575
87	0.086	28.8675632111239	331.371428678348
88	0.087	25.1171392895445	360.879635550017
89	0.088	21.304208502315	386.606165067281
90	0.089	17.1474890876375	408.347869483592
91	0.09	12.443833156189	425.659386226839
92	0.091	7.4276422105934	438.110979531565
93	0.092	1.67699369758607	445.179153106989
94	0.093	-4.58933765987223	446.23883674718
95	0.094	-11.3557250873359	440.782160994911
96	0.095	-18.919077038351	428.160615553402
97	0.096	-26.8730977882334	407.780383761444
98	0.097	-35.2177874343646	379.25079677148
99	0.098	-43.8281320318381	342.243692659713
100	0.099	-52.5947444208093	296.548110054723
101	0.1	-61.6426388652625	241.945274033022
102	0.101	-70.3311183336193	178.474251054915
103	0.102	-79.0664787601314	106.291308129374
104	0.103	-87.5049314823056	25.5214586294904
105	0.104	-95.39644828412	-63.4133756323879
106	0.105	-103.116071551741	-160.153779928984
107	0.106	-110.101237586773	-264.246578876907
108	0.107	-116.586347790503	-375.07451594421
109	0.108	-122.508894944958	-492.106281690606
110	0.109	-127.446955937016	-614.568351510259
111	0.11	-131.728692808454	-741.640320261659
112	0.111	-135.01031624805	-872.493969168577
113	0.112	-136.916783317933	-1005.94166333023
114	0.113	-137.588734847464	-1140.6785667916
115	0.114	-136.369846034684	-1275.14200161134
116	0.115	-133.588279392689	-1407.60520870369
117	0.116	-128.884619365324	-1536.32580246136
118	0.117	-121.899450745101	-1659.20198189524
119	0.118	-113.023443772194	-1774.14757353255
120	0.119	-102.069078056915	-1879.17797882577
121	0.12	-89.2551291944736	-1972.32422683013
122	0.121	-74.6441047827432	-2051.75798819741
123	0.122	-58.5329134325805	-2115.83064168373
124	0.123	-41.6872659405573	-2163.42487574897
125	0.124	-24.2790556738055	-2193.89218093482
126	0.125	-6.94897857258837	-2206.99034243668
127	0.126	9.7716566391077	-2203.06314778208
128	0.127	25.4609281407192	-2182.93099977084
129	0.128	39.5718993375031	-2147.89873041039
130	0.129	51.8701682706257	-2099.66184098499
131	0.13	61.9181844008943	-2040.2518090279
132	0.131	69.4502912884495	-1972.05171556189
133	0.132	74.3414734669282	-1897.63997756287
134	0.133	76.6698639183776	-1819.61845324888
135	0.134	76.4042086248719	-1740.56556135592
136	0.135	74.091444970367	-1662.80187893697
137	0.136	69.7003197560242	-1588.39014095244
138	0.137	63.9027850497232	-1519.07273292823
139	0.138	57.0426304252454	-1456.08416956941
140	0.139	49.4636452793176	-1400.3151760958
141	0.14	42.1346895836165	-1352.00015304299
142	0.141	34.821361617696	-1311.006271821
143	0.142	28.3049996099701	-1276.92723558584
144	0.143	22.9450188582207	-1248.78637073041
145	0.144	18.5538978881687	-1225.52105673588
146	0.145	15.7723338388855	-1205.84208525101
147	0.146	14.1940306827344	-1188.34304736887
148	0.147	13.740854534211	-1171.85974913906
149	0.148	14.412805375951	-1155.26706356265
150	0.149	15.9286014796697	-1137.5805045135
151	0.15	18.2257358325606	-1117.98748023605
152	0.151	20.6635111347687	-1096.02700113105
153	0.152	23.3200612302891	-1071.51935932719
154	0.153	26.1641326141722	-1044.26140678363
155	0.154	28.5394011098864	-1014.39378430026
156	0.155	30.9771767573628	-982.119639745303
157	0.156	32.8680156230797	-947.681187933747
158	0.157	34.5244530225836	-911.469097989581
159	0.158	36.0558763179855	-873.663077697962
160	0.159	37.227883968043	-834.505341933614
161	0.16	38.66554671688	-794.042770969818
162	0.161	40.0094488835668	-752.18941754826
163	0.162	41.431484931379	-708.953095019452
164	0.163	43.3379508980241	-664.052521483416
165	0.164	45.1350295336377	-617.300175646251
166	0.165	47.3696578341095	-568.531976341043
167	0.166	49.8699413606861	-517.396321122311
168	0.167	52.1827037325622	-463.854142954352
169	0.168	54.7611213698342	-407.86637478182
170	0.169	57.0270036505168	-349.45645665031
171	0.17	59.1053647357435	-288.874416835845
172	0.171	60.7461761856484	-226.432790753815
173	0.172	61.7462898607242	-162.670702109294
174	0.173	62.2463467067113	-98.1585282042419
175	0.174	62.0275718358957	-33.505713311604
176	0.175	61.2306062442096	30.6392313497831
177	0.176	59.7929428598825	93.6668615231636
178	0.177	57.7302085185022	154.94429283369
179	0.178	55.3080584621363	213.979281945344
180	0.179	52.3858517838832	270.342092689688
181	0.18	49.2448704676172	323.673309436773
182	0.181	46.0101287170078	373.81666465042
183	0.182	42.5253588386795	420.600264049598
184	0.183	39.243737180129	464.000667680337
185	0.184	35.8527283276182	504.064756055545
186	0.185	32.3054519878177	540.659701834597
187	0.186	28.8831899778891	573.769878438785
188	0.187	25.1640195873353	603.309338842732
189	0.188	21.272954972068	629.043681743768
190	0.189	17.1162355590079	650.75413263064
191	0.19	12.4125796292349	668.034395846096
192	0.191	7.4276422105934	680.470362387344
193	0.192	1.73950074508644	687.569789486519
194	0.193	-4.62059118213515	688.645099889329
195	0.194	-11.465112410806	683.118103714193
196	0.195	-18.9503305583374	670.426237850955
197	0.196	-26.9043513076148	650.014752539314
198	0.197	-35.2177874343646	621.469538789658
199	0.198	-43.875012311331	584.438994538145
200	0.199	-52.6572514621018	538.688718272763
201	0.2	-61.6738923875197	484.039001969287
202	0.201	-70.3936253823858	420.521098705668
203	0.202	-79.0821055236689	348.299088873975
204	0.203	-87.5205582474157	267.513612609768
205	0.204	-95.427701817764	178.555338198512
206	0.205	-103.131698320458	81.7914937507353
207	0.206	-110.163744669296	-22.3403721228076
208	0.207	-116.555094245403	-133.183935958823
209	0.208	-122.524521719417	-250.207888319898
210	0.209	-127.446955937016	-372.67777152678
211	0.21	-131.775573141508	-499.773180444708
212	0.211	-134.947809132505	-630.61901596038
213	0.212	-136.90115653831	-764.027643174453
214	0.213	-137.557481287703	-898.741106466125
215	0.214	-136.41672637296	-1033.21235467512
216	0.215	-133.572652614328	-1165.69118854743
217	0.216	-128.868992588677	-1294.3961555276
218	0.217	-121.899450745101	-1417.26452157315
219	0.218	-113.007817000723	-1532.20229982473
220	0.219	-102.006570983168	-1637.19363819534
221	0.22	-89.1301150708355	-1730.24612560101
222	0.221	-74.581597731491	-1809.58612638084
223	0.222	-58.5016599109523	-1873.61189958073
224	0.223	-41.5935053820448	-1921.14362660589
225	0.224	-24.1384148359082	-1951.49373109353
226	0.225	-6.85521800720259	-1964.47469189375
227	0.226	9.81853692823975	-1960.4771768119
228	0.227	25.4765549067208	-1940.31377527309
229	0.228	39.6344064153091	-1905.24243899074
230	0.229	51.8701682706257	-1856.97429602643
231	0.23	61.9650647301475	-1797.54082390471
232	0.231	69.3721573926454	-1729.35635722198
233	0.232	74.3414734669282	-1654.98368617086
234	0.233	76.622983572331	-1576.9856020299
235	0.234	76.3885818429582	-1497.96396370092
236	0.235	73.9976842845678	-1420.25497501582
237	0.236	69.6065590805047	-1345.93699771195
238	0.237	63.7933976100362	-1276.72116374534
239	0.238	56.9488697769523	-1213.83417443052
240	0.239	49.4480185070221	-1158.11987466719
241	0.24	42.0721825030604	-1109.84391854082
242	0.241	34.821361617696	-1068.88129085911
243	0.242	28.2737460767087	-1034.81788139057
244	0.243	22.9293920927586	-1006.7004566845
245	0.244	18.538271123586	-983.450769454995
246	0.245	15.7254535467057	-963.803051498514
247	0.246	14.2096574465177	-946.319640380568
248	0.247	13.7096010068113	-929.844155532569
249	0.248	14.4284321397729	-913.259283337943
250	0.249	15.9442282437638	-895.55709752484
251	0.25	18.2257358325606	-875.956259865343
252	0.251	20.7103914297762	-853.972340612841
253	0.252	23.3513147613799	-829.425631895928
254	0.253	26.1328790818713	-802.167679352968
255	0.254	28.5706546432694	-772.300056869063
256	0.255	30.9771767573628	-740.010285547413
257	0.256	32.9617762294386	-705.524953432678
258	0.257	34.5244530225836	-669.265983185332
259	0.258	36.0871298550253	-631.444336125193
260	0.259	37.2747642745209	-592.247533439086
261	0.26	38.728053793712	-551.730268783635
262	0.261	40.0719559618474	-509.814408284521
263	0.262	41.5252455511688	-466.499951906678
264	0.263	43.3535776685134	-421.544684675503
265	0.264	45.1975366176895	-374.753271911067
266	0.265	47.4321649207997	-325.922565520488
267	0.266	49.8699413606861	-274.75565675841
268	0.267	52.2295840520234	-221.190038430721
269	0.268	54.7923749177969	-165.163203324477
270	0.269	57.1207642989671	-106.69077809476
271	0.27	59.1678718375082	-46.0306044051881
272	0.271	60.7774297376552	16.457902003728
273	0.272	61.7775434134327	80.2512442006064
274	0.273	62.3088538128579	144.810298435086
275	0.274	62.0275718358957	209.494366880797
276	0.275	61.2462330203798	273.64712493027
277	0.276	59.8398231869079	336.706008655248
278	0.277	57.7770888434137	398.030320291743
279	0.278	55.3549387846259	457.112189727097
280	0.279	52.3702250106749	513.490627246082
281	0.28	49.2448704676172	566.814030606563
282	0.281	46.0413822595367	616.973012591474
283	0.282	42.587865919744	663.803492302449
284	0.283	39.243737180129	707.23514947372
285	0.284	35.8527283276182	747.299237848928
286	0.285	32.3367055229804	783.909810395562
287	0.286	28.8988167446578	817.043427150715
288	0.287	25.1171392895445	846.567260789151
289	0.288	21.304208502315	872.293790306415
290	0.289	17.1006087946975	894.012054576256
291	0.29	12.4282063927106	911.292317791294
292	0.291	7.4276422105934	923.73609771428
293	0.292	1.69262045945812	930.812084670641
294	0.293	-4.60496442100452	931.871768311202
295	0.294	-11.4494856503141	926.360398896877
296	0.295	-18.9659573183294	913.66853303389
297	0.296	-26.9356048269948	893.233607582562
298	0.297	-35.2802944728694	864.641513553965
299	0.298	-43.9218925908295	827.556275643449
300	0.299	-52.704131743083	781.759119097828
301	0.3	-61.7363994320539	727.054709131594
302	0.301	-70.424878906782	663.48992558351
303	0.302	-79.1914928685065	591.1975953172
304	0.303	-87.5986920730137	510.318358467774
305	0.304	-95.5527159524849	421.25851007636
306	0.305	-103.162951857905	324.416531792499
307	0.306	-110.132491128026	220.284665920869
308	0.307	-116.680108425918	109.394221765231
309	0.308	-122.508894944958	-7.6844242988721
310	0.309	-127.525089817792	-130.185561058913
311	0.31	-131.806826696906	-257.335663694927
312	0.311	-134.994689469155	-388.220566156623
313	0.312	-136.90115653831	-521.652633539021
314	0.313	-137.635615187151	-656.405163780417
315	0.314	-136.432353152397	-790.923292328857
316	0.315	-133.650786506191	-923.449006536817
317	0.316	-128.884619365324	-1052.20085385124
318	0.317	-121.93070429362	-1175.09266005938
319	0.318	-113.03907054367	-1290.06169185669
320	0.319	-102.053451288472	-1395.09209715142
321	0.32	-89.1613686017255	-1488.18365147519
322	0.321	-74.5347174430771	-1567.51583887626
323	0.322	-58.4860331501405	-1631.51035855153
324	0.323	-41.5309983430464	-1679.00301867679
325	0.324	-24.1696683554445	-1709.3374964047
326	0.325	-6.77708420267245	-1722.29501706242
327	0.326	9.89667074350974	-1718.21936817067
328	0.327	25.585942268827	-1697.96220604317
329	0.328	39.7281670321448	-1662.78929577135
330	0.329	51.963928908999	-1614.42739217944
331	0.33	62.1213324946839	-1554.86890585627
332	0.331	69.4346645092768	-1486.57505173295
333	0.332	74.3883538102112	-1412.14768695187
334	0.333	76.7167442644815	-1334.07928229319
335	0.334	76.4354621887182	-1254.98732344526
336	0.335	74.0289378464759	-1177.23926780633
337	0.336	69.6690661974938	-1102.87441016301
338	0.337	63.8246511642043	-1033.61169586082
339	0.338	56.9644965516547	-970.701266381558
340	0.339	49.4323917347314	-914.986966617031
341	0.34	42.0721825030604	-866.718823876801
342	0.341	34.7901080813014	-825.771822963285
343	0.342	28.2424925434615	-791.739667029569
344	0.343	22.9450188582207	-763.630055707394
345	0.344	18.5538978881687	-740.364741712865
346	0.345	15.834840895165	-720.654516699863
347	0.346	14.1784039189538	-703.132038671469
348	0.347	13.7096010068113	-686.672180587252
349	0.348	14.4753124312551	-670.063868246885
350	0.349	15.9129747155785	-652.353869052134
351	0.35	18.1788555390099	-632.792098303505
352	0.351	20.7260181947849	-610.823805815273
353	0.352	23.3513147613799	-586.269283715856
354	0.353	26.1797593803279	-558.987891023668
355	0.354	28.6019081766667	-529.081201623836
356	0.355	30.8990429211205	-496.814870453608
357	0.356	32.9305226939703	-462.384232024728
358	0.357	34.5088262544592	-426.148701929179
359	0.358	36.0402495494716	-388.358308405879
360	0.359	37.290391043355	-349.177132488131
361	0.36	38.6811734860817	-308.675494602079
362	0.361	40.0250756531306	-266.806514411138
363	0.362	41.4471117013331	-223.554565112572
364	0.363	43.3535776685134	-178.638364806314
365	0.364	45.1662830756545	-131.862578812896
366	0.365	47.4009113774452	-83.0631259650113
367	0.366	49.8699413606861	-31.9118439746112
368	0.367	52.1983305057109	21.6381475799217
369	0.368	54.7611213698342	77.6337291390287
370	0.369	57.0738839747184	136.067087432639
371	0.37	59.1366182866151	196.688194184641
372	0.371	60.7149226336634	259.129820266114
373	0.372	61.7775434134327	322.891908910997
374	0.373	62.2932270363129	387.443149757204
375	0.374	62.0119450594503	452.11159142642
376	0.375	61.2149794680449	516.240909311502
377	0.376	59.8085696355522	579.268539484635
378	0.377	57.7770888434137	640.577224345453
379	0.378	55.3705655587993	699.666907167894
380	0.379	52.432732103538	756.084411620397
381	0.38	49.2292436953888	809.431255141194
382	0.381	46.0882625733645	859.605863896906
383	0.382	42.6191194603027	906.475410535074
384	0.383	39.2281104107765	949.914881091948
385	0.384	35.8683550960839	989.978969466712
386	0.385	32.4304661285598	1026.64423570037
387	0.386	28.8519364443624	1059.80129260816
388	0.387	25.1327660554714	1089.30949947942
389	0.388	21.304208502315	1115.04384237964
390	0.389	17.1162355590079	1136.76992003164
391	0.39	12.4750866831537	1154.08143677405
392	0.391	7.41201544791793	1166.54084346092
393	0.392	1.63011341198203	1173.57776351221
394	0.393	-4.62059118213515	1174.59838024847
395	0.394	-11.465112410806	1169.07138407333
396	0.395	-19.0128375983003	1156.34826469011
397	0.396	-26.8887245479243	1135.91333923833
398	0.397	-35.2490409536168	1107.3603121089
399	0.398	-43.8906390711632	1070.30632771784
400	0.399	-52.7197585034124	1024.51698455189
401	0.4	-61.7363994320539	969.80476120549
402	0.401	-70.4561324311869	906.224350895204
403	0.402	-79.1446125778458	833.939834012023
404	0.403	-87.5830653078878	753.09185069049
405	0.404	-95.5527159524849	664.039815681638
406	0.405	-103.241085701591	567.158770475935
407	0.406	-110.179371439938	462.964397526504
408	0.407	-116.695735198504	352.042699828618
409	0.408	-122.524521719417	234.948426990992
410	0.409	-127.540716593963	112.431663455636
411	0.41	-131.853707030046	-14.7496927350341
412	0.411	-135.041569805859	-145.681475531652
413	0.412	-137.026170775468	-279.199490200981
414	0.413	-137.635615187151	-414.014527560956
415	0.414	-136.494860270207	-548.5639096683
416	0.415	-133.728920398199	-681.159944381168
417	0.416	-128.884619365324	-809.950858641595
418	0.417	-121.977584616438	-932.866105011142
419	0.418	-113.085950858125	-1047.88201712709
420	0.419	-102.100331593812	-1152.95930273172
421	0.42	-89.270755959943	-1246.12899088727
422	0.421	-74.6284780199265	-1325.56275225587
423	0.422	-58.5172866717657	-1389.61977898038
424	0.423	-41.5935053820448	-1437.15931938595
425	0.424	-24.2009218749788	-1467.54067739313
426	0.425	-6.88647152900394	-1480.56851847378
427	0.426	9.88104398045074	-1476.55537662673
428	0.427	25.539061970761	-1456.32946802979
429	0.428	39.7125402626616	-1421.18781129174
430	0.429	51.9795556820785	-1372.82590769803
431	0.43	62.058825388803	-1313.29086154126
432	0.431	69.5284251844026	-1244.98138063332
433	0.432	74.4196073724311	-1170.49150873357
434	0.433	76.732371046529	-1092.39966390276
435	0.434	76.52922288041	-1013.25301131795
436	0.435	74.0758181893849	-935.434635161721
437	0.436	69.7159465352983	-861.022897178045
438	0.437	63.9027850497232	-791.6976757642
439	0.438	56.9801233263624	-728.740365954822
440	0.439	49.5261523685474	-672.971372486033
441	0.44	42.1346895836165	-624.625095888617
442	0.441	34.8057348494967	-583.639028050726
443	0.442	28.2893728433376	-549.575618582974
444	0.443	22.9450188582207	-521.442567110861
445	0.444	18.5538978881687	-498.177253116331
446	0.445	15.7723338388855	-478.49828163147
447	0.446	14.2096574465177	-460.991430367434
448	0.447	13.7096010068113	-444.515945519435
449	0.448	14.459685667425	-427.915446560982
450	0.449	15.9911085360631	-410.174193837904
451	0.45	18.2569893616094	-390.534289267733
452	0.451	20.6947646647706	-368.542556633209
453	0.452	23.3825682924838	-343.988034533247
454	0.453	26.1797593803279	-316.691015075507
455	0.454	28.5862814099663	-286.792139059025
456	0.455	30.9771767573628	-254.494554354027
457	0.456	32.9305226939703	-220.024849007026
458	0.457	34.477572718222	-183.804945679595
459	0.458	36.0871298550253	-146.006738771637
460	0.459	37.2591375056908	-106.817749469944
461	0.46	38.6811734860817	-66.3317383527237
462	0.461	40.0407024226986	-24.4549447769991
463	0.462	41.4627384712916	18.8126312913304
464	0.463	43.3379508980241	63.7288315973227
465	0.464	45.2131633887138	110.520244362026
466	0.465	47.4165381491201	159.350950752277
467	0.466	49.8543145882656	210.502232742305
468	0.467	52.1670769594183	264.028784137481
469	0.468	54.7611213698342	320.008738923442
470	0.469	57.1051375242123	378.4577239918
471	0.47	59.152245062059	439.10227090627
472	0.471	60.7930565136668	501.590777315467
473	0.472	61.7306630843782	565.368492735824
474	0.473	62.2776002597735	629.888480029234
475	0.474	61.9963182830105	694.54129492196
476	0.475	61.1680991395838	758.639359254592
477	0.476	59.8398231869079	821.659176039172
478	0.477	57.7458352934674	882.967860900694
479	0.478	55.3705655587993	942.041916948162
480	0.479	52.432732103538	998.459421400665
481	0.48	49.1979901509464	1051.79063814924
482	0.481	46.0101287170078	1101.91055320455
483	0.482	42.556612379203	1148.70977937399
484	0.483	39.2281104107765	1192.11799639032
485	0.484	35.8371015591565	1232.16645799662
486	0.485	32.3367055229804	1268.76921715902
487	0.486	28.8988167446578	1301.90283391417
488	0.487	25.1171392895445	1331.42666755261
489	0.488	21.304208502315	1357.15319706987
490	0.489	17.1006087946975	1378.87146133972
491	0.49	12.443833156189	1396.15953793649
492	0.491	7.45889573595141	1408.6267580039
493	0.492	1.73950074508644	1415.74181186575
494	0.493	-4.65184470439144	1416.80149550743
495	0.494	-11.465112410806	1411.25887257117
496	0.495	-19.07534463825	1398.50449966798
497	0.496	-26.9356048269948	1378.01488055669
498	0.497	-35.3428015113762	1349.39153300884
499	0.498	-44.0156531498434	1312.22816129956
500	0.499	-52.7510120240745	1266.36068433394
501	0.5	-61.7520261931916	1211.62502084664
502	0.501	-70.4717591933926	1148.02898377468
503	0.502	-79.1914928685065	1075.71321336507
504	0.503	-87.6455723684104	994.810536367941
505	0.504	-95.5683427193413	905.7194344454
506	0.505	-103.241085701591	808.830575856268
507	0.506	-110.257505293215	704.597135980199
508	0.507	-116.695735198504	593.636371355674
509	0.508	-122.524521719417	476.542098518048
510	0.509	-127.587596922511	354.001894818418
511	0.51	-131.900587363237	226.773658296879
512	0.511	-135.041569805859	95.8184353336654
513	0.512	-137.04179755514	95.8184353336654
514	0.513	-137.651241967059	-38.9436784915654
515	0.514	-136.479233490745	-173.424510284599
516	0.515	-133.666413284581	-305.912927736393
517	0.516	-128.884619365324	-434.604038125477
518	0.517	-121.915077519358	-557.419480631949
519	0.518	-113.007817000723	-672.296521956121
520	0.519	-101.975317446318	-777.203683243773
521	0.52	-89.1457418362788	-870.179806949203
522	0.521	-74.456583629102	-949.396563746025
523	0.522	-58.4078993461031	-1013.24439929776
524	0.523	-41.4372377845633	-1060.58256192722
525	0.524	-24.0446542772865	-1090.73910202228
526	0.525	-6.730203919936	-1103.54212518502
527	0.526	9.99043132191622	-1099.32760554816
528	0.527	25.6484493329627	-1078.92375928486
529	0.528	39.8063008796243	-1043.61197824269
530	0.529	52.0576895475501	-995.095577093238
531	0.53	62.1213324946839	-935.421660136253
532	0.531	69.5127984052	-867.020188750442
533	0.532	74.4039805913181	-792.477393316315
534	0.533	76.6698639183776	-714.356065125598
535	0.534	76.46671575259	-635.203369354246
536	0.535	73.982057503623	-557.394576790271
537	0.536	69.6534394182376	-482.992422393472
538	0.537	63.8246511642043	-413.668971166382
539	0.538	56.9332430022551	-350.705618147284
540	0.539	49.4636452793176	-294.922768070629
541	0.54	41.9940486524635	-246.60951516887
542	0.541	34.7276010085595	-205.66428440249
543	0.542	28.2112390102286	-171.610458457228
544	0.543	22.866885030943	-143.486990500773
545	0.544	18.5070175944296	-120.215633252218
546	0.545	15.7567070748227	-100.499364981724
547	0.546	14.147150391401	-82.9630303127432
548	0.547	13.740854534211	-66.4346219140687
549	0.548	14.4284321397729	-49.7655726412082
550	0.549	15.9598550078607	-31.9870231315228
551	0.55	18.2257358325606	-12.3098217754436
552	0.551	20.7103914297762	9.7426477915934
553	0.552	23.3981950580407	34.3813469713704
554	0.553	26.1797593803279	61.7547301264232
555	0.554	28.6331617100784	91.7455966074949
556	0.555	30.9615499901069	124.127358393456
557	0.556	32.9617762294386	158.673427439097
558	0.557	34.5088262544592	194.993134616915
559	0.558	36.0558763179855	232.859891839006
560	0.559	37.3060178121932	272.125244839964
561	0.56	38.6968002552876	312.711059809573
562	0.561	40.0563291922709	354.672030469221
563	0.562	41.4783652412544	398.023783621852
564	0.563	43.3535776685134	443.024161012604
565	0.564	45.1819098466697	489.876310706064
566	0.565	47.4477916924839	538.77556741151
567	0.566	49.8386878158499	590.003213101545
568	0.567	52.2139572788647	643.613941584771
569	0.568	54.7611213698342	699.685886844989
570	0.569	57.1207642989671	758.211235615258
571	0.57	59.1678718375082	818.939959619364
572	0.571	60.8086832896839	881.512643118829
573	0.572	61.7306630843782	945.366722241728
574	0.573	62.1994663771595	1009.91619290837
575	0.574	61.9650647301475	1074.58286439789
576	0.575	61.183725915732	1138.7416656567
577	0.576	59.7773160842181	1201.80659259254
578	0.577	57.7302085185022	1263.14476082977
579	0.578	55.3080584621363	1322.24830025596
580	0.579	52.3545982374715	1378.66403454163
581	0.58	49.1979901509464	1432.02473467171
582	0.581	46.0101287170078	1482.21320004155
583	0.582	42.4784785279272	1529.04190959989
584	0.583	39.1812301027444	1572.45616985109
585	0.584	35.7902212537954	1612.52630146523
586	0.585	32.3054519878177	1649.15854402191
587	0.586	28.8675632111239	1682.32945755725
588	0.587	25.0702589917841	1711.88277459457
589	0.588	21.2885817371899	1737.64660089492
590	0.589	17.0693552660855	1759.40997533243
591	0.59	12.3969528657618	1776.72753533422
592	0.591	7.47452249863395	1789.24767895229
593	0.592	1.7082472213322	1796.42346974814
594	0.593	-4.63621794326412	1797.54389032304
595	0.594	-11.4338588898209	1792.09325784237
596	0.595	-19.028464358289	1779.44650215418
597	0.596	-26.9512315866842	1759.04106011756
598	0.597	-35.2802944728694	1730.50970302366
599	0.598	-44.0000263900062	1693.45394852809
600	0.599	-52.704131743083	1647.68627539741
601	0.6	-61.783279715472	1593.026975604
602	0.601	-70.5186394800227	1529.46042194212
603	0.602	-79.2071196320654	1457.18194832195
604	0.603	-87.5986920730137	1376.36344840528
605	0.604	-95.5683427193413	1287.36433694497
606	0.605	-103.178578626634	1190.57528220785
607	0.606	-110.179371439938	1086.48071311043
608	0.607	-116.64885488076	975.651005885951
609	0.608	-122.493268170505	858.664350296187
610	0.609	-127.47820948931	736.263017402148
611	0.61	-131.791199919204	609.21271863376
612	0.611	-134.932182353633	478.43543343321
613	0.612	-136.932410097563	345.08754314348
614	0.613	-137.57310806758	210.419189996777
615	0.614	-136.369846034684	76.0321188815135
616	0.615	-133.557025835974	-56.3469111179468
617	0.616	-128.743978375707	-184.913007287918
618	0.617	-121.836943648124	-307.619062363965
619	0.618	-112.945309914885	-422.425783209601
620	0.619	-101.912810372667	-527.270437417508
621	0.62	-89.0676080090945	-620.17624067252
622	0.621	-74.4253301035288	-699.338303792963
623	0.622	-58.3766458244984	-763.154885821108
624	0.623	-41.4528645443093	-810.485235069644
625	0.624	-24.0134007577417	-840.633961784801
626	0.625	-6.730203919936	-853.421358187771
627	0.626	10.0373116111533	-849.183398406294
628	0.627	25.6328225669237	-828.763925381387
629	0.628	39.8063008796243	-793.459957722244
630	0.629	52.0889430937734	-744.927929799677
631	0.63	62.058825388803	-685.26963962252
632	0.631	69.4346645092768	-616.938488737612
633	0.632	74.3883538102112	-542.442573641999
634	0.633	76.6073567903283	-464.360312405861
635	0.634	76.4354621887182	-385.254496980469
636	0.635	74.0133110655187	-307.445704417482
637	0.636	69.6065590805047	-233.051363408602
638	0.637	63.7777708329606	-163.774792516001
639	0.638	56.8394823541816	-100.881759986561
640	0.639	49.3698846456167	-45.1926705507931
641	0.64	42.0096754225741	3.08151541917086
642	0.641	34.743227776739	44.042372954696
643	0.642	28.2424925434615	78.1196390506649
644	0.643	22.882511796392	106.26654715646
645	0.644	18.5695246527544	129.576971316902
646	0.645	15.7879606029511	149.340119880623
647	0.646	14.162777155176	166.899894695555
648	0.647	13.7721080616216	183.451743239823
649	0.648	14.4440589035976	200.144232658301
650	0.649	15.9911085360631	217.946222314
651	0.65	18.2413625970835	237.646863816442
652	0.651	20.7103914297762	259.70714676574
653	0.652	23.445075354731	284.369286093862
654	0.653	26.1328790818713	311.742669248032
655	0.654	28.5862814099663	341.686655429819
656	0.655	30.8990429211205	374.013723531231
657	0.656	32.8680156230797	408.4816587392
658	0.657	34.4931994863386	444.746672229778
659	0.658	35.9777424754562	482.566549146544
660	0.659	37.2435107368648	521.761581688573
661	0.66	38.7436805629304	562.339583274339
662	0.661	40.0407024226986	604.316180703022
663	0.662	41.509618781193	647.675747240836
664	0.663	43.3848312095053	692.707378172054
665	0.664	45.2131633887138	739.590781407032
666	0.665	47.4477916924839	788.5056648835
667	0.666	49.8543145882656	839.741123959743
668	0.667	52.1983305057109	893.3518524426
669	0.668	54.7611213698342	949.415984316241
670	0.669	57.0895107494627	1007.92570631176
671	0.67	59.1678718375082	1068.63880354111
672	0.671	60.7461761856484	1131.18023348856
673	0.672	61.7619166370757	1195.01868583579
674	0.673	62.1994663771595	1259.58378327878
675	0.674	61.9806915065762	1324.25826815651
676	0.675	61.152472363441	1388.40925602739
677	0.676	59.8085696355522	1451.47418296275
678	0.677	57.7770888434137	1512.85141813811
679	0.678	55.3080584621363	1571.97839772675
680	0.679	52.4014785570965	1628.41757217223
681	0.68	49.2136169231652	1681.80952584823
682	0.681	46.0101287170078	1732.00580460419
683	0.682	42.5722391494713	1778.8813944733
684	0.683	39.2281104107765	1822.36597518929
685	0.684	35.8839818645536	1862.50642726282
686	0.685	32.289825220242	1899.17773674109
687	0.686	28.8675632111239	1932.34083689264
688	0.687	25.1640195873353	1961.94103422774
689	0.688	21.2885817371899	1987.75174082587
690	0.689	17.1006087946975	2009.53074202768
691	0.69	12.4282063927106	2026.87955555726
692	0.691	7.38076192257405	2039.36844565077
693	0.692	1.77075426884877	2046.52860968235
694	0.693	-4.63621794326412	2047.68028378101
695	0.694	-11.465112410806	2042.21402453984
696	0.695	-19.0597178782638	2029.53601533117
697	0.696	-26.9043513076148	2009.1383866741
698	0.697	-35.2334141939906	1980.65390985917
699	0.698	-43.9687728703336	1943.63722226288
700	0.699	-52.7197585034124	1897.87736251187
701	0.7	-61.7051459097835	1843.24931624114
702	0.701	-70.4561324311869	1779.75308300653
703	0.702	-79.1446125778458	1707.53711643788
704	0.703	-87.6143188381428	1626.74205666575
705	0.704	-95.5058356519374	1537.76638535658
706	0.705	-103.194205395367	1441.0007707688
707	0.706	-110.194998210585	1336.89057490169
708	0.707	-116.64885488076	1226.05305429189
709	0.708	-122.524521719417	1109.05077192767
710	0.709	-127.47820948931	986.63381225917
711	0.71	-131.791199919204	859.583513490782
712	0.711	-134.994689469155	728.774974732471
713	0.712	-136.963663656841	595.380204105342
714	0.713	-137.619988407249	460.672784009165
715	0.714	-136.385472814104	326.254459334357
716	0.715	-133.619532949428	193.83636238846
717	0.716	-128.868992588677	65.1765055552758
718	0.717	-121.899450745101	-57.6233101757446
719	0.718	-113.03907054367	-172.508164884262
720	0.719	-101.975317446318	-277.430952943387
721	0.72	-89.1457418362788	-370.407076648817
722	0.721	-74.5190906802773	-449.655086971226
723	0.722	-58.4078993461031	-513.534176048548
724	0.723	-41.5622518625446	-560.934845717003
725	0.724	-24.0602810370581	-591.161706230936
726	0.725	-6.71457715902079	-603.964729393107
727	0.726	9.95917779577072	-599.758023138863
728	0.727	25.6797028650511	-579.354176872584
729	0.728	39.7437938016322	-544.058022603374
730	0.729	52.0889430937734	-495.557248219802
731	0.73	62.1057057182053	-435.875517877945
732	0.731	69.5284251844026	-367.474046490772
733	0.732	74.5289948403976	-292.860930542503
734	0.733	76.6854907004059	-214.669281836233
735	0.734	76.4823425345354	-135.500959282894
736	0.735	74.1070717513553	-57.6218462040799
737	0.736	69.684692976756	16.8584420958443
738	0.737	63.8402779412969	86.2053334907393
739	0.738	56.9332430022551	149.176499898384
740	0.739	49.4636452793176	204.959349975039
741	0.74	42.0878092731929	253.319483187162
742	0.741	34.7588545449225	294.327221032089
743	0.742	28.2268657768433	328.40448712884
744	0.743	22.8512582654972	356.527955085879
745	0.744	18.5695246527544	379.822752480873
746	0.745	15.7879606029511	399.585901044595
747	0.746	14.1784039189538	417.153489241416
748	0.747	13.7721080616216	433.713151167572
749	0.748	14.4440589035976	450.40564058605
750	0.749	15.9754817719605	468.199816859698
751	0.75	18.2569893616094	487.900458362351
752	0.751	20.6791378997681	509.952927928909
753	0.752	23.4294485891643	534.591627109243
754	0.753	26.14850584802	561.965010263704
755	0.754	28.5550278765761	591.901183061871
756	0.755	30.9146696883615	624.220437780208
757	0.756	32.9305226939703	658.727439907243
758	0.757	34.5088262544592	695.031520317326
759	0.758	35.9777424754562	732.859210618152
760	0.759	37.2435107368648	772.054243160181
761	0.76	38.6499199476825	812.585364438323
762	0.761	39.9625685749011	854.476014635484
763	0.762	41.4939920112216	897.788700864413
764	0.763	43.2910705865828	942.765638099184
765	0.764	45.1506563046438	989.570907480666
766	0.765	47.4009113774452	1038.43109725758
767	0.766	49.807434271033	1089.61967601769
768	0.767	52.2139572788647	1143.2147777285
769	0.768	54.7454945958605	1199.27890960174
770	0.769	57.0895107494627	1257.78081821027
771	0.77	59.1366182866151	1318.47828866417
772	0.771	60.699295857679	1380.98065167219
773	0.772	61.7150363080376	1444.77222369092
774	0.773	62.1525860476575	1509.29044080463
775	0.774	61.9963182830105	1573.94929890583
776	0.775	61.1680991395838	1638.115913553
777	0.776	59.7148089816147	1701.14177354947
778	0.777	57.6989549685877	1762.43306146044
779	0.778	55.2299245914231	1821.48190717631
780	0.779	52.3545982374715	1877.85857452663
781	0.78	49.1979901509464	1931.21927465671
782	0.781	45.9163680895314	1981.36085971281
783	0.782	42.5253588386795	2028.16612911279
784	0.783	39.1499765640773	2071.58820275003
785	0.784	35.758967716908	2111.62708082639
786	0.785	32.2741984526702	2148.22806984705
787	0.786	28.7738026106087	2181.33647631456
788	0.787	25.1171392895445	2210.86635320051
789	0.788	21.1791943814027	2236.59892597185
790	0.789	17.0693552660855	2258.30760673146
791	0.79	12.3656993388235	2275.60953996978
792	0.791	7.36513515990564	2288.05936315502
793	0.792	1.73950074508644	2295.19608704338
794	0.793	-8.71480254401025	2294.29284207979
795	0.794	-12.1058095899023	2286.4669419487
796	0.795	-19.0440911182768	2273.47639753048
797	0.796	-27.029365385126	2253.02407521465
798	0.797	-35.3271747517493	2224.43021108208
799	0.798	-44.0000263900062	2187.35101644707
800	0.799	-52.7666387844072	2141.55208979573
801	0.8	-61.767652954331	2086.86934986223
802	0.801	-70.5186394800227	2023.31060958092
803	0.802	-79.1914928685065	1951.03994934252
804	0.803	-87.629945603275	1870.2136360425
805	0.804	-95.5527159524849	1781.20671120049
806	0.805	-103.256712470341	1684.38640292495
807	0.806	-110.226251751891	1580.2293267497
808	0.807	-116.633228108188	1469.38399275553
809	0.808	-122.540148493881	1352.38171039036
810	0.809	-127.47820948931	1229.95693733463
811	0.81	-131.759946363818	1102.92226534394
812	0.811	-134.900928795908	972.176233699945
813	0.812	-136.869902979081	838.87522374832
814	0.813	-137.541854507831	704.253750940733
815	0.814	-136.307338917067	569.913560164152
816	0.815	-133.478891944286	437.604850669344
817	0.816	-128.681471269355	309.109074998392
818	0.817	-121.680675906041	186.512407346563
819	0.818	-112.835922514847	71.8385140719875
820	0.819	-101.787796225557	-32.8889393623455
821	0.82	-88.8957135895745	-125.646288334043
822	0.821	-74.3003160013317	-204.659897193627
823	0.822	-58.2360049773498	-268.343651747099
824	0.823	-41.3903575053283	-315.57242705257
825	0.824	-23.9352669588705	-345.650833348801
826	0.825	-6.58956307164373	-358.328842428189
827	0.826	10.0841919004129	-353.997122077936
828	0.827	25.8047169935412	-333.46826169509
829	0.828	39.8688079576841	-298.047093283609
830	0.829	52.1358234131455	-249.460371662326
831	0.83	62.0744521652649	-189.770827937252
832	0.831	69.4815448468128	-121.408423495345
833	0.832	74.4196073724311	-46.8734414498541
834	0.833	76.6542371363557	31.2478867404079
835	0.834	76.4823425345354	110.400582511722
836	0.835	73.9976842845678	188.225001857142
837	0.836	69.5909323012723	262.603716085931
838	0.837	63.7933976100362	331.880286977454
839	0.838	56.8707359035185	394.7967596701
840	0.839	49.4323917347314	450.532729425093
841	0.84	42.0409289628085	498.853795709732
842	0.841	34.6963474722122	539.806839863111
843	0.842	28.2581193100833	573.868479190127
844	0.843	22.8356315000547	601.999760531065
845	0.844	18.4913908298558	625.247677631888
846	0.845	15.7879606029511	644.97175928416
847	0.846	14.147150391401	662.523720717205
848	0.847	13.787734825331	679.07556926144
849	0.848	14.4909391950881	695.799312207518
850	0.849	16.0067353001686	713.632555391014
851	0.85	18.3038696552048	733.37226380457
852	0.851	20.7260181947849	755.471613665433
853	0.852	23.4294485891643	780.133752993276
854	0.853	26.2110129126495	807.538389680052
855	0.854	28.6019081766667	837.529256160578
856	0.855	30.9928035246224	869.911017947091
857	0.856	32.8992691585174	904.44146022453
858	0.857	34.5244530225836	940.737727250949
859	0.858	36.0246227809617	978.59667108859
860	0.859	37.1966304304115	1017.79170363015
861	0.86	38.728053793712	1058.33845167808
862	0.861	39.9938221140073	1100.2837955678
863	0.862	41.4627384712916	1143.59648179632
864	0.863	43.3535776685134	1188.58904580209
865	0.864	45.0725224496586	1235.38650179705
866	0.865	47.4165381491201	1284.21543803231
867	0.866	49.7918074986318	1335.40401679205
868	0.867	52.1670769594183	1388.96786495694
869	0.868	54.82362846578	1445.04762360541
870	0.869	57.0738839747184	1503.58078576153
871	0.87	59.152245062059	1564.27825621579
872	0.871	60.699295857679	1626.78843261152
873	0.872	61.7619166370757	1690.60344479477
874	0.873	62.2307199301885	1755.18416901427
875	0.874	61.9494379537242	1819.8586538921
876	0.875	61.1368455873037	1883.98620159848
877	0.876	59.6991822059773	1946.98862143099
878	0.877	57.7145817435423	2008.27990934162
879	0.878	55.2299245914231	2067.33656844497
880	0.879	52.3077179178913	2123.68979563549
881	0.88	49.1511098343186	2177.00361544747
882	0.881	45.931994860766	2227.12957373088
883	0.882	42.4784785279272	2273.91921636109
884	0.883	39.1812301027444	2317.3334766123
885	0.884	35.7433409484703	2357.38016807377
886	0.885	32.2585716851021	2393.96553032643
887	0.886	28.7738026106087	2427.06612341015
888	0.887	25.0702589917841	2456.57256014722
889	0.888	21.1791943814027	2482.28169276968
890	0.889	17.08498203039	2503.99818691144
891	0.89	12.3656993388235	2521.30793353192
892	0.891	7.34950839723958	2533.74994333582
893	0.892	1.48947255527885	2540.75383974795
894	0.893	-7.90221098426923	2540.13187646932
895	0.894	-10.0274504401589	2533.75145169297
896	0.895	-19.07534463825	2521.78446008964
897	0.896	-26.9981118657504	2501.33213777351
898	0.897	-35.3584282710032	2472.738273641
899	0.898	-44.0156531498434	2435.63563886644
900	0.899	-52.7510120240745	2389.83671221535
901	0.9	-61.814533237759	2335.1383455203
902	0.901	-70.5655197666723	2271.53272495396
903	0.902	-79.1914928685065	2199.23862457224
904	0.903	-87.629945603275	2118.41231127221
905	0.904	-95.5527159524849	2029.4053864302
906	0.905	-103.178578626634	1932.62414507651
907	0.906	-110.226251751891	1828.50613582312
908	0.907	-116.64885488076	1717.65298844266
909	0.908	-122.524521719417	1600.65070607844
910	0.909	-127.509463041626	1478.21811963379
911	0.91	-131.775573141508	1351.16000747809
912	0.911	-134.979062690266	1220.36709549807
913	0.912	-136.869902979081	1087.02701859927
914	0.913	-137.526227727966	952.413359181612
915	0.914	-136.354219255271	818.057541625862
916	0.915	-133.525772279281	685.701951794455
917	0.916	-128.72835159911	557.159295791128
918	0.917	-121.758809777018	434.500121038932
919	0.918	-112.867176057692	319.771534057446
920	0.919	-101.81904976231	215.012827083313
921	0.92	-88.8957135895745	122.239851343239
922	0.921	-74.3159427640979	43.2184291022717
923	0.922	-58.2203782165628	-20.4653254521901
924	0.923	-41.3278504663549	-67.6550338577804
925	0.924	-23.9040134393182	-97.6865598747484
926	0.925	-6.52705602791822	-110.317688672498
927	0.926	10.1154454265985	-105.939088037289
928	0.927	25.8047169935412	-85.3946008913509
929	0.928	39.9000614967395	-49.9578057103421
930	0.929	52.1670769594183	-1.33983054639464
931	0.93	62.1213324946839	58.388780116525
932	0.931	69.4815448468128	126.774624723142
933	0.932	74.4664877158078	201.333046940321
934	0.933	76.732371046529	279.516882257358
935	0.934	76.4354621887182	358.68520481085
936	0.935	74.0133110655187	436.493997373837
937	0.936	69.5440519636111	510.85708482427
938	0.937	63.7465172788263	580.086775381358
939	0.938	56.8863626781948	642.987621295737
940	0.939	49.3698846456167	698.700150893511
941	0.94	42.0721825030604	747.005590403718
942	0.941	34.6807207040445	787.966447943139
943	0.942	28.2581193100833	822.020273886072
944	0.943	22.8512582654972	850.15936860973
945	0.944	18.4757640652851	873.40728571099
946	0.945	15.7879606029511	893.123553980977
947	0.946	14.147150391401	910.675515414021
948	0.947	13.7721080616216	927.219550576401
949	0.948	14.4753124312551	943.927666758708
950	0.949	15.9598550078607	961.729656414135
951	0.95	18.2726161261382	981.430297917003
952	0.951	20.7103914297762	1003.50620763083
953	0.952	23.4294485891643	1028.16053357617
954	0.953	26.1641326141722	1055.5417301137
955	0.954	28.6175349433708	1085.51696982834
956	0.955	30.9615499901069	1117.89091823095
957	0.956	32.9305226939703	1152.42136050886
958	0.957	34.5557065588443	1188.74888107113
959	0.958	36.0558763179855	1226.63907844542
960	0.959	37.1966304304115	1265.84973775548
961	0.96	38.6968002552876	1306.3808590342
962	0.961	40.0094488835668	1348.3183895395
963	0.962	41.4939920112216	1391.65451592276
964	0.963	43.3379508980241	1436.65489331325
965	0.964	45.1037759916391	1483.46016269395
966	0.965	47.385284605775	1532.28909892853
967	0.966	49.7918074986318	1583.4620509166
968	0.967	52.1514501862794	1637.01808569492
969	0.968	54.776748143813	1693.06659079584
970	0.969	57.0113768757934	1751.54505924151
971	0.97	59.1209915111766	1812.19564937086
972	0.971	60.7149226336634	1874.69801237915
973	0.972	61.6837827553731	1938.48177100954
974	0.973	62.2150931536712	2003.01561489993
975	0.974	61.9338111773065	2067.67447300129
976	0.975	61.0899652589247	2131.77076715527
977	0.976	59.6835554303453	2194.74193343578
978	0.977	57.6833281936383	2256.00978118364
979	0.978	55.2142978172958	2315.04300012497
980	0.979	52.245210825187	2371.35716038208
981	0.98	49.1354830621189	2424.6319132616
982	0.981	45.7913539198201	2474.67973768844
983	0.982	42.4628517576852	2521.39124646306
984	0.983	39.118723025427	2564.76643979049
985	0.984	35.6808338747595	2604.75062417645
986	0.985	32.1960646148678	2641.27347935713
987	0.986	28.6956687769448	2674.30375198891
988	0.987	24.9608716304615	2703.71642812848
989	0.988	21.1635676163029	2729.36305368773
990	0.989	16.9755946803193	2751.01704077191
991	0.99	12.3031922849787	2768.24084019043
992	0.991	7.28700134659886	2780.62034294208
993	0.992	1.63011341198203	2787.66330625724
994	0.993	-5.21440810387995	2788.45556484716
995	0.994	-11.6838870575615	2782.59082320231
996	0.995	-19.1222249182038	2769.7721731503
997	0.996	-27.029365385126	2749.2807839345
998	0.997	-35.405308549885	2720.64785290286
999	0.998	-44.0469066695197	2683.50615122903
1000	0.999	-52.8760261067685	2637.62909077675
