No.	时间（s）	Dev1/ai0-1-测振（mm/s）	VH01-V1-Dev1/ai0一次积分（μm）
1	0	-38.8900759517508	0
2	0.001	-22.1538163407546	-31.8883646488115
3	0.002	-5.68321093517948	-47.1732967893374
4	0.003	10.2873398207993	-46.2376508490864
5	0.004	25.0077519281509	-29.9565234771701
6	0.005	38.3061310263894	0.333999497541201
7	0.006	49.7761807262354	43.0087368712948
8	0.007	59.0584844094762	96.0596509365918
9	0.008	66.19992134742	157.322435312481
10	0.009	70.9192085574141	224.515581762339
11	0.01	73.2475988062209	295.232566941598
12	0.011	73.4038666130326	367.191881148666
13	0.012	71.4192655121855	438.237028708716
14	0.013	67.7313456149646	506.445915769732
15	0.014	62.6057625682665	570.248051358789
16	0.015	56.5894539602383	628.479241120482
17	0.016	50.0887161750794	680.451907685582
18	0.017	43.0879225707987	725.673808555963
19	0.018	36.4309187635262	764.066810720566
20	0.019	30.3677328371327	796.099718018337
21	0.02	24.9608716304615	822.397601749575
22	0.021	20.7885252548511	843.905881689673
23	0.022	17.6319187828939	861.749685205986
24	0.023	15.6942000186	877.046326104175
25	0.024	14.9441153474501	890.999065284641
26	0.025	14.9909956392074	904.600202275411
27	0.026	16.2411367620939	918.849849973503
28	0.027	17.7881864271282	934.498093065555
29	0.028	19.929053183308	951.990294368214
30	0.029	22.5230961918857	971.849950553252
31	0.03	24.9608716304615	994.225515961867
32	0.031	27.6486754144662	1019.16387098177
33	0.032	30.0708242626459	1046.65720231777
34	0.033	32.1804378473188	1076.41641487019
35	0.034	34.3056782691984	1108.29305442589
36	0.035	36.0715030865034	1142.11522660118
37	0.036	37.9154618000844	1177.74229054192
38	0.037	39.5093922597647	1215.08829906929
39	0.038	41.1033227633411	1254.02823807828
40	0.039	42.8847745557627	1294.65586823527
41	0.04	44.4474516138557	1336.95556281752
42	0.041	46.3851712285699	1381.00545573618
43	0.042	48.3697712301685	1427.01650846299
44	0.043	50.4012516258568	1475.03560138844
45	0.044	52.6202533826046	1525.17993539011
46	0.045	54.6204804042545	1577.43388378098
47	0.046	56.730094931667	1631.74275294638
48	0.047	58.4490401723777	1687.96590199585
49	0.048	59.7304357572574	1745.68922145811
50	0.049	60.7461761856484	1804.561108927
51	0.05	61.0274581544959	1864.08150759451
52	0.051	60.9024439459008	1923.68004014215
53	0.052	60.2617461323269	1982.89571667871
54	0.053	58.9334702063323	2041.12690634548
55	0.054	57.2770320468036	2097.86573896949
56	0.055	55.0111497541083	2152.64341136739
57	0.056	52.3702250106749	2204.96768024722
58	0.057	49.5105255962327	2254.54163704811
59	0.058	46.3539176858383	2301.10744018659
60	0.059	43.0566690299753	2344.44631504194
61	0.06	39.6812867237079	2384.44887441622
62	0.061	36.1808904662412	2421.01354450864
63	0.062	32.6023605724784	2454.03875152544
64	0.063	28.8519364443624	2483.3994815313
65	0.064	24.8671110351737	2508.89258676851
66	0.065	20.7416449597968	2530.33054626343
67	0.066	16.1473761772465	2547.4086383294
68	0.067	11.4124667722503	2559.82214130159
69	0.068	6.11499415397751	2567.21945326214
70	0.069	0.301838660660822	2569.0614511669
71	0.07	-5.91761235028949	2564.88714581953
72	0.071	-12.871520850036	2554.12616071681
73	0.072	-20.137964315443	2536.25499963151
74	0.073	-27.9513442060999	2510.84392686818
75	0.074	-36.1241394929021	2477.43976651612
76	0.075	-44.4688291854011	2435.77686367441
77	0.076	-53.1416810327375	2385.60519006278
78	0.077	-61.7989064766147	2326.76847780555
79	0.078	-70.424878906782	2259.29016661129
80	0.079	-79.0977322872091	2183.16244251174
81	0.08	-87.301783536161	2098.59626609749
82	0.081	-95.39644828412	2005.88073168479
83	0.082	-103.022310939525	1905.30493357041
84	0.083	-110.101237586773	1797.3767408047
85	0.084	-116.711361971095	1682.60402252321
86	0.085	-122.524521719417	1561.61966217539
87	0.086	-127.72823790845	1435.1268638589
88	0.087	-131.931840918726	1303.93040594276
89	0.088	-134.947809132505	1169.12416241458
90	0.089	-136.823022640282	1031.87232802563
91	0.09	-137.04179755514	893.573499425359
92	0.091	-135.604133850463	755.884115219999
93	0.092	-137.11993145359	618.155664065414
94	0.093	-100.725175985372	497.866691843374
95	0.094	-119.83671658805	386.219327054104
96	0.095	-110.46065331226	269.70422360139
97	0.096	-99.1468724267403	163.534042229331
98	0.097	-86.0985226352116	69.5449261957963
99	0.098	-71.362484642728	-10.5519959457323
100	0.099	-55.6419627059715	-75.4206381226409
101	0.1	-39.0775970679266	-124.146836512149
102	0.101	-22.2944571793109	-156.199282138326
103	0.102	-5.79259826227529	-171.609228361678
104	0.103	10.2092060052157	-170.767342992767
105	0.104	24.9608716304615	-154.548722677487
106	0.105	38.2279971809213	-124.320706774355
107	0.106	49.7761807262354	-81.685036323335
108	0.107	59.0741111848933	-28.6263088703295
109	0.108	66.2311749033438	32.6599156712301
110	0.109	70.9973424561884	99.9077558484374
111	0.11	73.2319720255737	170.65599458676
112	0.111	73.4976272974165	242.654375745696
113	0.112	71.5130261918965	313.793283987794
114	0.113	67.809479507667	382.088118335016
115	0.114	62.7307767816703	445.991827977126
116	0.115	56.6519610585989	504.316778394702
117	0.116	50.1355964925726	556.344138667729
118	0.117	43.1660564229347	601.628546622924
119	0.118	36.4777990693821	640.084055866523
120	0.119	30.3833596042478	672.148216700779
121	0.12	24.9608716304615	698.453913815575
122	0.121	20.8041520198755	719.970007138185
123	0.122	17.6631723117172	737.837250801422
124	0.123	15.7098267826514	753.157331846048
125	0.124	14.9441153474501	767.11788440854
126	0.125	15.0066224031321	780.726834781272
127	0.126	16.2255099979455	794.976482479252
128	0.127	17.7881864271282	810.61691218923
129	0.128	19.8665461239249	828.077859962198
130	0.129	22.5387229572634	847.914076000233
131	0.13	24.9608716304615	870.297454791537
132	0.131	27.6486754144662	895.235809811442
133	0.132	30.1177045637924	922.752581298012
134	0.133	32.1960646148678	952.543047384783
135	0.134	34.3056782691984	984.427500324258
136	0.135	36.0558763179855	1018.24185911529
137	0.136	37.8998350310859	1053.85329628727
138	0.137	39.4937654903407	1091.18367804542
139	0.138	41.0564424537768	1130.09236351492
140	0.139	42.9004013261236	1170.70436690231
141	0.14	44.4787051554742	1213.02750164055
142	0.141	46.3539176858383	1257.07739455865
143	0.142	48.3697712301685	1303.0728205141
144	0.143	50.3387445355463	1351.06065989439
145	0.144	52.6202533826046	1401.17374035091
146	0.145	54.6829875000167	1453.45894228966
147	0.146	56.6675878332021	1507.76781145371
148	0.147	58.4802937228009	1563.97533372916
149	0.148	59.6991822059773	1621.69865319099
150	0.149	60.7305494096532	1680.54710049624
151	0.15	61.0430849305949	1740.06749916381
152	0.151	60.8711903938066	1799.65821832345
153	0.152	60.2929996839965	1858.87389485979
154	0.153	58.9334702063323	1917.1207113024
155	0.154	57.1988981728198	1973.82047698942
156	0.155	55.0736568503814	2028.59033599846
157	0.156	52.3545982374715	2080.93804503982
158	0.157	49.4792720516178	2130.48856168181
159	0.158	46.3539176858383	2177.03873804798
160	0.159	43.1191761116398	2220.40886644416
161	0.16	39.6812867237079	2260.44267935927
162	0.161	36.1496369291531	2296.99172268315
163	0.162	32.5554802695457	2329.97786277994
164	0.163	28.7738026106087	2359.27608571746
165	0.164	24.8671110351737	2384.73012403779
166	0.165	20.6635111347687	2406.1290166202
167	0.166	16.116122648987	2423.15241500952
168	0.167	11.3343329557478	2435.51122430933
169	0.168	6.09936739149672	2442.86165598039
170	0.169	0.22370485220204	2444.65677359968
171	0.17	-6.01137291623371	2440.39652106511
172	0.171	-15.5124433384579	2428.2681944352
173	0.172	-40.9215547132109	2398.68477690681
174	0.173	-27.7481963303888	2362.98348288245
175	0.174	-36.2022732910766	2329.64182956916
176	0.175	-44.5313362248313	2287.90860630865
177	0.176	-53.2198148345568	2237.66661227639
178	0.177	-61.8926670435058	2178.7439528348
179	0.178	-70.5186394800227	2111.17188107048
180	0.179	-79.1289858142976	2034.98164992076
181	0.18	-87.3955441266231	1950.35296644774
182	0.181	-95.4589553514225	1857.55929820616
183	0.182	-103.14732508918	1756.8897394833
184	0.183	-110.148117898659	1648.87559948682
185	0.184	-116.695735198504	1534.08725443568
186	0.185	-122.508894944958	1413.11852086139
187	0.186	-127.72823790845	1286.63353593213
188	0.187	-131.900587363237	1155.45270479373
189	0.188	-134.979062690266	1020.64646126442
190	0.189	-136.807395860694	883.386813486379
191	0.19	-136.994917216142	745.119238445401
192	0.191	-135.572880292228	607.468921188658
193	0.192	-131.650558920146	472.490783079912
194	0.193	-1.80777415105412	404.395198041754
195	0.194	-119.492927570459	342.378428678438
196	0.195	-110.241878522551	226.144607129374
197	0.196	-98.9749779821384	120.169760374471
198	0.197	-85.9266282222883	26.3525387696984
199	0.198	-71.2530973064597	-53.6037424972344
200	0.199	-55.5169486215464	-118.355183963796
201	0.2	-38.9525829904706	-166.956368272364
202	0.201	-22.1694431005968	-198.883799820456
203	0.202	-5.63633065211452	-214.153105199371
204	0.203	10.3029665839236	-213.186205736025
205	0.204	25.0858857577008	-196.858198067772
206	0.205	38.3373845646056	-166.512981409177
207	0.206	49.807434271033	-123.806990493917
208	0.207	59.1209915111766	-70.7091961053708
209	0.208	66.19992134742	-9.41515817863129
210	0.209	70.9817156764215	57.8092418307306
211	0.21	73.2319720255737	128.549667179169
212	0.211	73.4663737359305	200.532421557363
213	0.212	71.5286529718696	271.663516408704
214	0.213	67.7313456149646	339.927097199562
215	0.214	62.699523228286	403.776113118628
216	0.215	56.6363342840009	462.077623372213
217	0.216	50.0574626301081	514.058103326709
218	0.217	43.1504296524986	559.295630965453
219	0.218	36.4777990693821	597.743326823835
220	0.219	30.3989863713666	629.81530104165
221	0.22	24.9764983963546	656.136624922952
222	0.221	20.819778784903	677.668345011022
223	0.222	17.725679369399	695.574655585614
224	0.223	15.7723338388855	710.957243687198
225	0.224	15.0066224031321	724.980303305648
226	0.225	15.0222491670596	738.628320588185
227	0.226	16.2567635262452	752.901408432278
228	0.227	17.9288273071919	768.627785346438
229	0.228	19.929053183308	786.190307089129
230	0.229	22.6324835495974	806.104656953023
231	0.23	25.0077519281509	828.558356189338
232	0.231	27.6486754144662	853.520151358088
233	0.232	30.1958383991101	881.075989762317
234	0.233	32.2116913824207	910.913336150524
235	0.234	34.3681853415158	942.836856009933
236	0.235	36.0558763179855	976.682468337125
237	0.236	37.8685814931013	1012.27827874011
238	0.237	39.525019029193	1049.6086604987
239	0.238	41.087695993482	1088.54859950748
240	0.239	42.9629084076112	1129.20748320546
241	0.24	44.5412122387651	1171.59312502609
242	0.241	46.3226641431251	1215.65864471448
243	0.242	48.4010247741066	1261.65407067054
244	0.243	50.4168783984466	1309.69660375425
245	0.244	52.6202533826046	1359.84875114222
246	0.245	54.7298678218919	1412.15739324191
247	0.246	56.714468157043	1466.51314272882
248	0.247	58.4959204980205	1522.75191855379
249	0.248	59.7773160842181	1580.52211834235
250	0.249	60.7305494096532	1639.40963258673
251	0.25	61.0274581544959	1698.92221786625
252	0.251	60.886817169851	1758.51293702586
253	0.252	60.277372908159	1817.72861356231
254	0.253	58.9334702063323	1875.96761661699
255	0.254	57.214524947606	1932.6751956914
256	0.255	54.9955229800528	1987.41380115267
257	0.256	52.3545982374715	2039.72244325888
258	0.257	49.4792720516178	2089.27295990086
259	0.258	46.3382909144794	2135.81532288135
260	0.259	43.0254154891696	2179.13075758062
261	0.26	39.6969134931826	2219.12550356924
262	0.261	36.1340101606151	2255.67454689358
263	0.262	32.5398535019091	2288.64506022228
264	0.263	28.8206829108501	2317.9589099261
265	0.264	24.8983645669228	2343.45201516243
266	0.265	20.7260181947849	2364.89778804072
267	0.266	16.1317494131153	2381.96025334211
268	0.267	11.3812132456415	2394.35031616893
269	0.268	6.0837406290182	2401.7163746037
270	0.269	0.254958375579733	2403.51930560344
271	0.27	-5.94886587227721	2399.30593335254
272	0.271	-12.4183447984684	2388.75590951461
273	0.272	-32.0299284718898	2365.16535437687
274	0.273	-27.029365385126	2334.2692889458
275	0.274	-36.1866465314413	2301.29486448496
276	0.275	-44.5000827051149	2259.58508136412
277	0.276	-53.2198148345568	2209.35871409173
278	0.277	-61.8614135212021	2150.45168141129
279	0.278	-70.4873859556005	2082.91086317033
280	0.279	-79.1602393413967	2006.72063201927
281	0.28	-87.3486638313779	1922.09976193033
282	0.281	-95.427701817764	1829.3451606032
283	0.282	-103.116071551741	1728.70685541588
284	0.283	-110.163744669296	1620.70052880281
285	0.284	-116.742615516292	1505.88093020745
286	0.285	-122.618282366279	1384.83406276361
287	0.286	-127.837625342266	1258.23969040678
288	0.287	-131.978721252004	1126.96509860708
289	0.288	-135.041569805859	992.088534575594
290	0.289	-136.90115653831	854.75075290095
291	0.29	-137.088677894192	716.389417182141
292	0.291	-135.666640967005	578.645339248984
293	0.292	-132.275630030628	443.307785247608
294	0.293	-9.60552790317002	371.000787778151
295	0.294	-118.820976315803	305.421117166105
296	0.295	-110.351265917296	189.468577546997
297	0.296	-99.0687385882275	83.3921567916761
298	0.297	-86.0203888111095	-10.5188254105513
299	0.298	-71.3468578803973	-90.5688672588635
300	0.299	-55.5482021426448	-155.382815772943
301	0.3	-38.9994632695141	-204.023066981582
302	0.301	-22.1850698604383	-235.981752049117
303	0.302	-5.65195741313777	-251.266684188464
304	0.303	10.2873398207993	-250.315411487192
305	0.304	25.101512523621	-233.98740381754
306	0.305	38.2748774881897	-203.665627314194
307	0.306	49.8543145882656	-160.967449778525
308	0.307	59.152245062059	-107.830588455922
309	0.308	66.2311749033438	-46.505296975779
310	0.309	70.9973424561884	20.7425432014282
311	0.31	73.2475988062209	91.498595330074
312	0.311	73.5445076396921	163.528230050472
313	0.312	71.5442797518487	234.706205243683
314	0.313	67.7782259505685	303.001039592333
315	0.314	62.7620303350769	366.904749232597
316	0.315	56.6519610585989	425.245326426876
317	0.316	50.1043429475723	477.257059927403
318	0.317	43.2441902751815	522.564908036221
319	0.318	36.4621723007594	561.051670821632
320	0.319	30.3989863713666	593.115831655137
321	0.32	25.0233786940541	619.460595685288
322	0.321	20.819778784903	641.015755922208
323	0.322	17.725679369399	658.9220664968
324	0.323	15.7254535467057	674.281214452294
325	0.324	15.0222491670596	688.288647306617
326	0.325	15.0222491670596	701.944477971118
327	0.326	16.1473761772465	716.162872140712
328	0.327	17.9132005427286	731.826741998141
329	0.328	19.8977996536103	749.365823593752
330	0.329	22.5387229572634	769.21766639663
331	0.33	25.0077519281509	791.624485336778
332	0.331	27.5705415820843	816.547213589337
333	0.332	30.1489580979085	844.040544926774
334	0.333	32.2116913824207	873.85445116438
335	0.334	34.3213050372719	905.754530871667
336	0.335	36.0715030865034	939.584516430996
337	0.336	37.8842082620915	975.195953602735
338	0.337	39.6344064153091	1012.58884243888
339	0.338	40.9001747555091	1051.48971452173
340	0.339	14.7409674167918	1077.94386710532
341	0.34	44.4787051554742	1106.18728488889
342	0.341	46.3070373717755	1150.21373764996
343	0.342	48.4322783180635	1196.21697699232
344	0.343	50.3387445355463	1244.23606991657
345	0.344	52.6827604757861	1294.38040391967
346	0.345	54.7611213698342	1346.73592633992
347	0.346	56.714468157043	1401.1073026008
348	0.347	58.5428008237111	1457.36951858862
349	0.348	59.7304357572574	1515.13971837655
350	0.349	60.6836690817001	1573.98035229347
351	0.35	61.1055920350455	1633.50856434928
352	0.351	60.9024439459008	1693.1461638372
353	0.352	60.3242532356878	1752.39309392543
354	0.353	58.9647237570862	1810.67116391926
355	0.354	57.1988981728198	1867.38655638165
356	0.355	55.0580300763055	1922.14860200366
357	0.356	52.3233446910797	1974.47287088479
358	0.357	49.4792720516178	2024.00776075358
359	0.358	46.3070373717755	2070.53449696272
360	0.359	42.9629084076112	2113.80305134985
361	0.36	39.6969134931826	2153.76654379769
362	0.361	36.1027566235512	2190.2999603535
363	0.362	32.5242267342764	2223.24703352985
364	0.363	28.7738026106087	2252.52962969974
365	0.364	24.8046039717159	2277.95241448834
366	0.365	20.7103914297762	2299.34349368653
367	0.366	16.0848691207389	2316.37470545923
368	0.367	11.318706192455	2328.71007461326
369	0.368	6.05248710406799	2336.02925275897
370	0.369	0.22370485220204	2337.80093023454
371	0.37	-5.9644926332687	2333.56411784145
372	0.371	-12.871520850036	2322.77969259724
373	0.372	-20.2317248750235	2304.86165123215
374	0.373	-28.0138512447699	2279.3724446697
375	0.374	-36.2491535699834	2245.87452375976
376	0.375	-44.5625897445504	2204.10223359993
377	0.376	-53.2354415949241	2153.83679942764
378	0.377	-61.9551740881332	2094.87507308355
379	0.378	-70.5030127178105	2027.27956117802
380	0.379	-79.2071196320654	1951.05807650052
381	0.38	-87.4267976568024	1866.37469935353
382	0.381	-95.4433285845914	1773.57321773028
383	0.382	-103.162951857905	1672.90365900647
384	0.383	-110.194998210585	1564.85826546966
385	0.384	-116.820749379368	1449.98397317213
386	0.385	-122.665162689781	1328.874598635
387	0.386	-127.80637178972	1202.27241289269
388	0.387	-131.994348029774	1071.00563448038
389	0.388	-134.979062690266	936.152510617802
390	0.389	-136.90115653831	798.845982500956
391	0.39	-137.026170775468	660.515900341508
392	0.391	-135.635387408722	522.818702746854
393	0.392	-132.338137142181	387.465521968843
394	0.393	-38.4368999211877	300.7115849346
395	0.394	-118.133398297306	221.060017322795
396	0.395	-110.320012375918	105.466893483624
397	0.396	-98.9749779821384	-0.547020197962864
398	0.397	-85.9422549870841	-94.372055185133
399	0.398	-71.2062170195208	-174.312709690994
400	0.399	-55.454441579365	-239.009457492996
401	0.4	-38.9369562307902	-287.571574900633
402	0.401	-22.1069360612244	-319.459939549199
403	0.402	-5.54257008594144	-334.65111112534
404	0.403	10.3498468733115	-333.613891234214
405	0.404	25.1327660554714	-317.239003272382
406	0.405	38.3842648719611	-286.846906311224
407	0.406	49.8855681331114	-244.078408311247
408	0.407	59.152245062059	-190.92592021622
409	0.408	66.2624284592906	-129.585001958104
410	0.409	71.0442227955256	-62.2980948332552
411	0.41	73.1694649030467	8.44233051347214
412	0.411	73.4507469551967	80.386017940035
413	0.412	71.4973994119295	151.493672621039
414	0.413	67.7313456149646	219.741626631927
415	0.414	62.7151500049754	283.598455939339
416	0.415	56.5738271856612	341.876526032098
417	0.416	50.0730894025914	393.833565823665
418	0.417	43.1504296524986	439.078906848652
419	0.418	36.4465455321408	477.510975938412
420	0.419	30.3521060700213	509.543883236935
421	0.42	24.9452448645718	535.826140201672
422	0.421	20.7416449597968	557.303166611298
423	0.422	17.7100526049741	575.162596891124
424	0.423	15.7254535467057	590.513931464405
425	0.424	14.9753688752855	604.497924172842
426	0.425	15.0066224031321	618.122501309492
427	0.426	16.1317494131153	632.325268715057
428	0.427	17.8975737782681	647.97351180819
429	0.428	19.8977996536103	665.50478002157
430	0.429	22.5543497226443	685.364436207139
431	0.43	25.0233786940541	707.786881912929
432	0.431	27.5705415820843	732.71742354844
433	0.432	30.1489580979085	760.210754885877
434	0.433	32.1179307771604	789.977780820853
435	0.434	34.2744247330633	821.807540073406
436	0.435	36.0558763179855	855.606272096371
437	0.436	37.8529547241153	891.194269114863
438	0.437	39.5718993375031	928.540277643113
439	0.438	40.993935374418	967.456776496515
440	0.439	42.7441336227134	1007.95939249252
441	0.44	44.4787051554742	1050.20439337906
442	0.441	46.3539176858383	1094.25428629715
443	0.442	48.4635318620395	1140.29659256853
444	0.443	50.3699980806919	1188.34693903734
445	0.444	52.6671337024832	1238.49908642637
446	0.445	54.776748143813	1290.85460884696
447	0.446	56.6832146078105	1345.21817172021
448	0.447	58.5115472732454	1401.44913415818
449	0.448	59.7148089816147	1459.19589378305
450	0.449	60.699295857679	1518.03652770014
451	0.45	61.0118313784024	1577.52567281562
452	0.451	60.8086832896839	1637.06951164711
453	0.452	60.277372908159	1696.24612124347
454	0.453	58.9647237570862	1754.50075107353
455	0.454	57.214524947606	1811.22395692332
456	0.455	55.0736568503814	1866.00162931975
457	0.456	52.3233446910797	1918.33371158793
458	0.457	49.4792720516178	1967.86860145672
459	0.458	46.27578382909	2014.37971089451
460	0.459	42.9941619483815	2057.64826528069
461	0.46	39.7281670321448	2097.64301126839
462	0.461	36.1027566235512	2134.19205459368
463	0.462	32.6023605724784	2167.17819468914
464	0.463	28.7581758438687	2196.49204439475
465	0.464	24.8046039717159	2221.90701579999
466	0.465	20.6791378997681	2243.28246823317
467	0.466	16.0379888283881	2260.27461309469
468	0.467	11.318706192455	2272.58654210255
469	0.468	6.0368603415963	2279.89790686702
470	0.469	0.2080780905161	2281.65395758051
471	0.47	-5.94886587227721	2277.41714518708
472	0.471	-12.902774370797	2266.62490656298
473	0.472	-20.2160981150953	2248.69905181747
474	0.473	-28.0294780044367	2223.20984525515
475	0.474	-36.2491535699834	2189.70411096538
476	0.475	-44.5157094649728	2147.95526094534
477	0.476	-53.2041880741906	2097.7288936732
478	0.477	-61.9082938046601	2038.80623423122
479	0.478	-70.5342662422371	1971.21853570521
480	0.479	-79.2071196320654	1894.9814242655
481	0.48	-87.4111708917112	1810.30586050105
482	0.481	-95.4902088850955	1717.48875211009
483	0.482	-103.178578626634	1616.78793985167
484	0.483	-110.148117898659	1508.75817308646
485	0.484	-116.805122606743	1393.9151343312
486	0.485	-122.602655591789	1272.84482672938
487	0.486	-127.80637178972	1146.27389453607
488	0.487	-131.963094474239	1015.02274290153
489	0.488	-134.963435911382	880.193059206158
490	0.489	-136.854276199475	742.91778464817
491	0.49	-136.963663656841	604.642396217454
492	0.491	-135.557253513119	467.015519129915
493	0.492	-132.213122919166	331.763912411214
494	0.493	-79.5977887219098	224.492038088117
495	0.494	-118.117771524269	124.267839462469
496	0.495	-110.210624981236	8.73722270715782
497	0.496	-98.881217376187	-97.1751169741124
498	0.497	-85.8328676335774	-190.898577981553
499	0.498	-71.1280832080002	-270.745471904901
500	0.499	-55.3763077766675	-335.364085899794
501	0.5	-38.8588224323928	-383.848069506883
502	0.501	-22.0600557816884	-415.673927116482
503	0.502	-5.51131656387093	-430.826031791821
504	0.503	10.3811003995828	-429.757558376523
505	0.504	25.1483928214016	-413.35923026859
506	0.505	38.3686381028384	-382.967133309029
507	0.506	49.8230610434391	-340.237702238449
508	0.507	59.1834986129628	-287.100840912807
509	0.508	66.2311749033438	-225.759922657212
510	0.509	70.9973424561884	-158.512082480005
511	0.51	73.1538381224305	-87.8029106932546
512	0.511	73.4038666130326	-15.890476828082
513	0.512	71.4973994119295	-15.890476828082
514	0.513	67.7469723934933	52.6094586051533
515	0.514	62.5901357916161	116.655762228232
516	0.515	56.5425736365225	175.099866472825
517	0.516	49.9637019953102	227.230753819265
518	0.517	43.1816831933752	272.681195944132
519	0.518	36.399665226309	311.349619684498
520	0.519	30.3052257687093	343.579814712531
521	0.52	24.9921251622511	370.106239708535
522	0.521	20.7103914297762	391.835247535073
523	0.522	17.725679369399	409.931032465184
524	0.523	15.7254535467057	425.534348453761
525	0.524	14.9753688752855	439.76250919528
526	0.525	15.1003829867391	453.678134656816
527	0.526	16.1786297055175	468.195390533468
528	0.527	17.9444540716583	484.13468195258
529	0.528	19.9759334778777	501.972625257872
530	0.529	22.5856032534158	522.131143154043
531	0.53	25.101512523621	544.852450573085
532	0.531	27.5861683485536	570.074040539696
533	0.532	30.164584864972	597.827166676983
534	0.533	32.2116913824207	627.893054331203
535	0.534	34.2587979650016	660.006048535438
536	0.535	36.0871298550253	694.056761975976
537	0.536	37.8373279551333	729.896740411579
538	0.537	39.5718993375031	767.479103588421
539	0.538	41.0408156839306	806.663210629662
540	0.539	42.7910139336902	847.456874968996
541	0.54	44.5099586971106	889.98511081492
542	0.541	46.3070373717755	934.271358379887
543	0.542	48.4010247741066	980.503138983352
544	0.543	50.4481319436407	1028.80546687275
545	0.544	52.6046266093217	1079.20959567975
546	0.545	54.776748143813	1131.77803258685
547	0.546	56.6988413824241	1186.39357688049
548	0.547	58.5115472732454	1242.87652073885
549	0.548	59.7460625329056	1300.88307517245
550	0.549	60.6524155297587	1359.9600637343
551	0.55	61.0743384828093	1419.70119027111
552	0.551	60.8243100657064	1479.52826407589
553	0.552	60.2148658048632	1538.9256015417
554	0.553	58.9647237570862	1597.3931458532
555	0.554	57.1520178484924	1654.32926618651
556	0.555	55.0424033022346	1709.3042262924
557	0.556	52.2764643715292	1761.84140965981
558	0.557	49.4636452793176	1811.58921401575
559	0.558	46.2914106004304	1858.34449148615
560	0.559	42.9629084076112	1901.8494005207
561	0.56	39.6656599542374	1942.04143423214
562	0.561	36.0715030865034	1978.78776528304
563	0.562	32.5085999666474	2011.95556634014
564	0.563	28.7894293773522	2041.48233054266
565	0.564	24.8046039717159	2067.15709674772
566	0.565	20.6635111347687	2088.76890383149
567	0.566	16.0223620642769	2105.98958996153
568	0.567	11.2561991393099	2118.50662009385
569	0.568	6.05248710406799	2126.03871274606
570	0.569	0.2080780905161	2128.04674487388
571	0.57	-6.0269996772189	2124.01503361105
572	0.571	-12.9340278915533	2113.41226935719
573	0.572	-20.2629783948777	2095.6915157445
574	0.573	-28.0294780044367	2070.42303707536
575	0.574	-36.2647803296194	2037.15365743886
576	0.575	-44.5469629846905	1995.62553531223
577	0.576	-53.2823218760331	1945.58864241239
578	0.577	-61.9395473269738	1886.85545734141
579	0.578	-70.5342662422371	1819.49630008733
580	0.579	-79.1758661049502	1743.51898344426
581	0.58	-87.4111708917112	1659.10321447645
582	0.581	-95.4745821182572	1566.53808750199
583	0.582	-103.162951857905	1466.09707004444
584	0.583	-110.163744669296	1358.31147131136
585	0.584	-116.836376151998	1243.68916043124
586	0.585	-122.618282366279	1122.83958070262
587	0.586	-127.80637178972	996.505003155145
588	0.587	-131.978721252004	865.490206164807
589	0.588	-134.979062690266	730.889063724196
590	0.589	-136.869902979081	593.842330420047
591	0.59	-137.04179755514	455.764229683461
592	0.591	-135.557253513119	318.342453679855
593	0.592	-132.306883586393	183.288134660623
594	0.593	-126.962525879257	52.5311794583221
595	0.594	-119.633568531907	-71.8891182167362
596	0.595	-110.288758834558	-187.972532369445
597	0.596	-98.896844143836	-293.687584328118
598	0.597	-85.8484943983549	-387.182504068689
599	0.598	-71.0655761588233	-466.761789816754
600	0.599	-55.3138007345327	-531.073728732909
601	0.6	-38.8275689130362	-579.266664026169
602	0.601	-21.9819219824489	-610.793659943388
603	0.602	-5.46443628075314	-625.639089544465
604	0.603	10.4279806890087	-624.279567809813
605	0.604	25.1640195873353	-607.605818141117
606	0.605	38.3686381028384	-576.961739765506
607	0.606	49.8386878158499	-533.980327275638
608	0.607	59.214752163888	-480.575857755245
609	0.608	66.2936820152605	-418.943891135147
610	0.609	71.5130261918965	-351.162787501045
611	0.61	92.9373476324841	-270.059851058331
612	0.611	73.4507469551967	-187.988054233966
613	0.612	71.4973994119295	-116.636231519879
614	0.613	67.7000920579246	-48.1597362544285
615	0.614	62.6370161215841	15.8865673658498
616	0.615	56.5113200874047	74.3384850008681
617	0.616	49.9480752228608	126.445932186525
618	0.617	43.1504296524986	171.872934154728
619	0.618	36.3371581519233	210.494477587463
620	0.619	30.3208525358096	242.701232461854
621	0.62	24.9296180986854	269.204217309625
622	0.621	20.7103914297762	290.90197160438
623	0.622	17.6944258405522	308.982129770068
624	0.623	15.6785732545514	324.546378848143
625	0.624	14.9284885835366	338.727659297711
626	0.625	15.0378759309899	352.588591085498
627	0.626	16.1004958848615	367.035526523948
628	0.627	17.9757076005999	382.951377797203
629	0.628	19.929053183308	400.781507719681
630	0.629	22.6012300188064	420.924398851262
631	0.63	25.1171392895445	443.661333035961
632	0.631	27.5080345162422	468.851669469378
633	0.632	30.1802116320392	496.573542074043
634	0.633	32.2116913824207	526.647243111797
635	0.634	34.2900515011289	558.775864084095
636	0.635	36.1183833920812	592.857831061224
637	0.636	37.7748208792467	628.682182727412
638	0.637	39.5875261069483	666.241105751034
639	0.638	41.087695993482	705.456466331773
640	0.639	42.7910139336902	746.273570825883
641	0.64	44.4787051554742	788.786179900989
642	0.641	46.3070373717755	833.056800695138
643	0.642	48.4166515460827	879.29639468459
644	0.643	50.4012516258568	927.583095801084
645	0.644	52.6358801558925	977.979411222483
646	0.645	54.776748143813	1030.56347490286
647	0.646	56.730094931667	1085.19464597112
648	0.647	58.5428008237111	1141.70884337934
649	0.648	59.7148089816147	1199.71539781252
650	0.649	60.6524155297587	1258.77675959873
651	0.65	61.0743384828093	1318.51788613554
652	0.651	60.8086832896839	1378.33714655231
653	0.652	60.2617461323269	1437.75011079384
654	0.653	58.9490969817065	1496.23328188138
655	0.654	57.1676446232629	1553.16940221439
656	0.655	55.0580300763055	1608.1599890947
657	0.656	52.2608375983557	1660.69717246255
658	0.657	49.3855114178882	1710.3980965012
659	0.658	46.3070373717755	1757.12212042655
660	0.659	42.9316548668585	1800.6192160764
661	0.66	39.6656599542374	1840.79562301747
662	0.661	36.1027566235512	1877.55758083689
663	0.662	32.5085999666474	1910.74100866251
664	0.663	28.7894293773522	1940.26777286503
665	0.664	24.757723674158	1965.91909892131
666	0.665	20.6947646647706	1987.5230926213
667	0.666	16.0536155925022	2004.77503228046
668	0.667	11.24057237603	2017.29987579525
669	0.668	6.06811386654196	2024.83196844706
670	0.669	0.192451328832098	2026.84000057527
671	0.67	-5.93323911128414	2022.84735621457
672	0.671	-12.902774370797	2012.30709900405
673	0.672	-20.2942319147288	1994.58634539181
674	0.673	-28.0607315237693	1969.28661320309
675	0.674	-36.3429141278019	1935.96253990783
676	0.675	-44.5625897445504	1894.38753750217
677	0.676	-53.1885613138256	1844.38971150351
678	0.677	-61.9864276104569	1785.67996657189
679	0.678	-70.5030127178105	1718.31299593828
680	0.679	-79.2227463956269	1642.32786591209
681	0.68	-87.4580511869942	1557.8652166513
682	0.681	-95.4902088850955	1465.26883614578
683	0.682	-103.194205395367	1364.80437853607
684	0.683	-110.194998210585	1256.98752626362
685	0.684	-116.805122606743	1142.36521538548
686	0.685	-122.602655591789	1021.53907581674
687	0.686	-127.743864684693	895.243565209022
688	0.687	-131.994348029774	764.252208382312
689	0.688	-134.932182353633	629.666692721132
690	0.689	-136.791769081113	492.682466534283
691	0.69	-137.026170775468	354.651246136516
692	0.691	-135.557253513119	217.237283522747
693	0.692	-132.260003252753	82.2064046703348
694	0.693	-126.931272327324	-48.51148358918
695	0.694	-119.617941758393	-172.908341101514
696	0.695	-110.210624981236	-288.944874940805
697	0.696	-98.8343370732628	-394.58960643753
698	0.697	-85.8172408688029	-488.037645878039
699	0.698	-71.0968296834073	-567.61693162362
700	0.699	-55.3606810161318	-631.967937442866
701	0.7	-38.8275689130362	-680.184312876926
702	0.701	-21.9975487422981	-711.719122174069
703	0.702	-5.46443628075314	-726.572365155071
704	0.703	10.3967271627222	-725.228470183563
705	0.704	25.1796463532723	-708.562533895041
706	0.705	38.4155184102189	-677.887201982772
707	0.706	49.8699413606861	-634.866722566796
708	0.707	59.1991253884227	-581.454439661717
709	0.708	66.2624284592906	-519.845913207337
710	0.709	71.7161743320211	-451.978862281157
711	0.71	93.6561799413912	-370.414935613927
712	0.711	73.4194933937478	-287.999349415834
713	0.712	71.4505190720648	-216.686593652404
714	0.713	67.762599172028	-148.202284999833
715	0.714	62.6213893449225	-84.132541210834
716	0.715	56.526946861961	-25.6806235768684
717	0.716	49.9480752228608	26.4346369960665
718	0.717	43.0879225707987	71.8303854234201
719	0.718	36.4465455321408	110.475369005414
720	0.719	30.3521060700213	142.752444337019
721	0.72	24.9921251622511	169.302309483679
722	0.721	20.7728984898299	191.062570840243
723	0.722	17.725679369399	209.189609300382
724	0.723	15.7567070748227	224.808552053016
725	0.724	14.9753688752855	239.052339558594
726	0.725	15.1160097506833	252.975778402103
727	0.726	16.1786297055175	267.500847660727
728	0.727	17.8975737782681	283.416698933144
729	0.728	19.9759334778777	301.231202091741
730	0.729	22.5699764880284	321.381906605217
731	0.73	25.1327660554714	344.111027407491
732	0.731	27.5705415820843	369.340430756793
733	0.732	30.1489580979085	397.077930127313
734	0.733	32.2585716851021	427.159444549342
735	0.734	34.3213050372719	459.327132441053
736	0.735	36.1340101606151	493.432539570521
737	0.736	37.8060744171817	529.280331389943
738	0.737	39.5875261069483	566.854881182532
739	0.738	41.1033227633411	606.0780551482
740	0.739	42.7597603930346	646.887346256912
741	0.74	44.5412122387651	689.415582103336
742	0.741	46.27578382909	733.701829667787
743	0.742	48.3853980021352	779.910170113924
744	0.743	50.4012516258568	828.181244458444
745	0.744	52.6358801558925	878.577559879843
746	0.745	54.7923749177969	931.169436947211
747	0.746	56.6675878332021	985.777167853235
748	0.747	58.4959204980205	1042.23667154937
749	0.748	59.7304357572574	1100.22759920753
750	0.749	60.6211619778391	1159.2811476056
751	0.75	61.0587117066993	1218.9988339784
752	0.751	60.8086832896839	1278.81028100711
753	0.752	60.277372908159	1338.23105863656
754	0.753	58.9334702063323	1396.71422972433
755	0.754	57.1676446232629	1453.64253666965
756	0.755	55.0111497541083	1508.60968338886
757	0.756	52.3545982374715	1561.17030691517
758	0.757	49.4323917347314	1610.9415514318
759	0.758	46.3226641431251	1657.69682890125
760	0.759	42.9785351779942	1701.22517809233
761	0.76	39.6656599542374	1741.42502518897
762	0.761	36.0871298550253	1778.17916962413
763	0.762	32.5085999666474	1811.35478406549
764	0.763	28.7581758438687	1840.86592150127
765	0.764	24.8046039717159	1866.52506093959
766	0.765	20.6635111347687	1888.13686802335
767	0.766	16.1004958848615	1905.39662106369
768	0.767	11.2561991393099	1917.9527181063
769	0.768	6.0837406290182	1925.50043752099
770	0.769	0.145571043791702	1927.49284288792
771	0.77	-5.99574615524695	1923.44550486272
772	0.771	-12.9184011311757	1912.86618075003
773	0.772	-20.325485434577	1895.12198699768
774	0.773	-28.0138512447699	1869.83006818853
775	0.774	-36.3116606085284	1836.5450617924
776	0.775	-44.5938432642721	1794.97005938652
777	0.776	-53.2354415949241	1744.93316648745
778	0.777	-61.9708008492942	1686.20779479587
779	0.778	-70.5030127178105	1618.84863754284
780	0.779	-79.2227463956269	1542.86350751664
781	0.78	-87.4736779520948	1458.3930448733
782	0.781	-95.4745821182572	1365.79666436865
783	0.782	-103.178578626634	1265.34783352673
784	0.783	-110.226251751891	1157.52316786799
785	0.784	-116.820749379368	1042.87741683289
786	0.785	-122.618282366279	922.035650490587
787	0.786	-127.790745013455	795.708886331244
788	0.787	-131.978721252004	664.701902729039
789	0.788	-134.979062690266	530.100760288428
790	0.789	-136.807395860694	393.085280543472
791	0.79	-137.026170775468	255.046246755914
792	0.791	-135.525999954919	117.647910921245
793	0.792	-132.306883586393	-17.390781318887
794	0.793	-126.978152655232	-148.155549909176
795	0.794	-119.83671658805	-272.685235000293
796	0.795	-110.320012375918	-388.885849951753
797	0.796	-98.9280976791455	-494.632155448761
798	0.797	-85.879747927919	-588.158328721769
799	0.798	-71.1437099702999	-667.792308140355
800	0.799	-55.3919345372044	-732.182380863583
801	0.8	-38.8744491920716	-780.437823197697
802	0.801	-21.9975487422981	-811.996072634358
803	0.802	-5.49568980283327	-826.8649423764
804	0.803	10.3811003995828	-825.544487547501
805	0.804	25.1796463532723	-808.88636464055
806	0.805	38.3686381028384	-778.23447288197
807	0.806	49.807434271033	-735.268687164511
808	0.807	59.1678718375082	-681.903284579716
809	0.808	66.2468016813143	-620.318198289781
810	0.809	71.5442797518487	-552.544908042675
811	0.81	95.7970501714391	-469.996493550508
812	0.811	73.3882398323236	-386.526099018102
813	0.812	71.4817726319685	-315.213343255432
814	0.813	67.7313456149646	-246.729034601442
815	0.814	62.6370161215841	-182.667104202644
816	0.815	56.526946861961	-124.207373180347
817	0.816	49.9480752228608	-72.0921126074125
818	0.817	43.134802882067	-26.6729240244247
819	0.818	36.3840384577065	11.964246175986
820	0.819	30.3208525358096	44.194441203268
821	0.82	24.9921251622511	70.7286795828222
822	0.821	20.7260181947849	92.4655007918641
823	0.822	17.7569328982577	110.584725868909
824	0.823	15.7410803107628	126.211482003943
825	0.824	14.9909956392074	140.455269509452
826	0.825	15.1160097506833	154.386521734922
827	0.826	16.1630029413806	168.903777611478
828	0.827	17.9444540716583	184.835255648521
829	0.828	19.960306713018	202.665385571383
830	0.829	22.5387229572634	222.792649937048
831	0.83	25.1327660554714	245.506143973939
832	0.831	27.5861683485536	270.743360706475
833	0.832	30.1489580979085	298.48867346023
834	0.833	32.2741984526702	328.578001266043
835	0.834	34.2275444288899	360.706622237347
836	0.835	36.1340101606151	394.765149062624
837	0.836	37.8373279551333	430.628567651022
838	0.837	39.5875261069483	468.218744212587
839	0.838	41.0720692236272	507.426291408398
840	0.839	42.8066407040246	548.243395902748
841	0.84	44.5255854679356	590.787258519252
842	0.841	46.3382909144794	635.096946240983
843	0.842	48.4322783180635	681.359980387779
844	0.843	50.4793854888541	729.693561821761
845	0.844	52.6358801558925	780.128944174659
846	0.845	54.8080016917859	832.728634629022
847	0.846	56.6988413824241	887.359805696651
848	0.847	58.5271740484756	943.850562942624
849	0.848	59.7616893085592	1001.87274415167
850	0.849	60.6836690817001	1060.97317287732
851	0.85	61.1212188111719	1120.75336635428
852	0.851	60.8555636177678	1180.61950709927
853	0.852	60.277372908159	1240.06372489276
854	0.853	59.0116040832571	1298.58596291899
855	0.854	57.1676446232629	1355.55333680278
856	0.855	55.0736568503814	1410.55173707012
857	0.856	52.3545982374715	1463.14361414457
858	0.857	49.4480185070221	1512.92267204734
859	0.858	46.3226641431251	1559.68576290294
860	0.859	43.0254154891696	1603.23755224961
861	0.86	39.7125402626616	1643.48427965605
862	0.861	36.1808904662412	1680.30874455103
863	0.862	32.5398535019091	1713.54686606563
864	0.863	28.8363096776044	1743.11269718591
865	0.864	24.8514842693042	1768.83434368989
866	0.865	20.7260181947849	1790.50084445245
867	0.866	16.1630029413806	1807.82310455106
868	0.867	11.3343329557478	1820.44952203015
869	0.868	6.11499415397751	1828.05193511554
870	0.869	0.254958375579733	1830.11466091084
871	0.87	-5.9644926332687	1826.13764331252
872	0.871	-12.8871476104171	1815.5895727212
873	0.872	-20.3098586746533	1797.86881910919
874	0.873	-27.9825977254355	1772.60034043967
875	0.874	-36.2804070892555	1739.34658756284
876	0.875	-44.5313362248313	1697.81846543633
877	0.876	-53.2041880741906	1647.82845281734
878	0.877	-61.9239205658161	1589.14214802786
879	0.878	-70.5030127178105	1521.80643091657
880	0.879	-79.1602393413967	1445.85255441749
881	0.88	-87.4736779520948	1361.41334530127
882	0.881	-95.4433285845914	1268.83259156345
883	0.882	-103.14732508918	1168.41501425709
884	0.883	-110.194998210585	1060.62160213773
885	0.884	-116.789495834123	946.007104645899
886	0.885	-122.633909140775	825.173151688974
887	0.886	-127.80637178972	698.830760754251
888	0.887	-132.025601585333	567.792523597249
889	0.888	-135.041569805859	433.136687432177
890	0.889	-136.854276199475	296.066513960034
891	0.89	-137.104304673888	157.964973053876
892	0.891	-135.61976062959	20.4806899326616
893	0.892	-132.369390697993	-114.636136200606
894	0.893	-127.071913311196	-245.479038674676
895	0.894	-119.82108981447	-370.047790706985
896	0.895	-110.320012375918	-486.240592271655
897	0.896	-98.9906047498104	-592.018151303996
898	0.897	-85.9422549870841	-685.606831641919
899	0.898	-71.2530973064597	-765.326758258167
900	0.899	-55.5013218609991	-829.826218311373
901	0.9	-38.92132947111	-878.159794446903
902	0.901	-22.0913093013797	-909.788364302624
903	0.902	-5.55819684697429	-924.735367846277
904	0.903	10.3185933470504	-923.477420065715
905	0.904	25.101512523621	-906.889617599856
906	0.905	38.431145179354	-876.245539217844
907	0.906	49.8543145882656	-833.225059803511
908	0.907	59.1678718375082	-779.8362170601
909	0.908	66.2936820152605	-718.227690603192
910	0.909	71.9036956930495	-650.251252218513
911	0.91	101.25080052202	-564.796254580454
912	0.911	73.4976272974165	-478.544291140211
913	0.912	71.559906531834	-407.137774695062
914	0.913	67.8719866219345	-338.544078587654
915	0.914	62.7151500049754	-274.372760743675
916	0.915	56.6519610585989	-215.811455681364
917	0.916	50.0730894025914	-163.571180920245
918	0.917	43.1816831933752	-118.066045091738
919	0.918	36.4621723007594	-79.3663678141468
920	0.919	30.3521060700213	-47.0814790982325
921	0.92	25.0546322258707	-20.5003604197626
922	0.921	20.7572717248118	1.28334108610251
923	0.922	17.6944258405522	19.3869393993084
924	0.923	15.7723338388855	34.9980687695511
925	0.924	14.9128618196258	49.2184161293307
926	0.925	15.1160097506833	63.1106014450092
927	0.926	16.1317494131153	77.6122305574325
928	0.927	17.9444540716583	93.5280818303432
929	0.928	20.0071870076062	111.381651900499
930	0.929	22.4762158957721	131.501102882712
931	0.93	25.1171392895445	154.175530005895
932	0.931	27.6017951150265	179.412746738704
933	0.932	30.1489580979085	207.165872875695
934	0.933	32.2273181499774	237.231760530162
935	0.934	34.2587979650016	269.352568118175
936	0.935	36.0871298550253	303.403281558713
937	0.936	37.7748208792467	339.212006456373
938	0.937	39.4468851820938	376.700609017567
939	0.938	41.0251889140888	415.814395596182
940	0.939	42.7285068523967	456.568993009949
941	0.94	44.4943319262901	499.058161929816
942	0.941	46.2601570577542	543.313155952362
943	0.942	48.322890914297	589.482429468912
944	0.943	50.3856248532719	637.71443688322
945	0.944	52.5421195162398	688.0560585985
946	0.945	54.7298678218919	740.569801798089
947	0.946	56.6519610585989	795.138465768859
948	0.947	58.4334133971741	851.558902527269
949	0.948	59.7148089816147	909.510763247187
950	0.949	60.6211619778391	968.556498257438
951	0.95	61.0899652589247	1028.28981140634
952	0.951	60.7618029616491	1088.09344504715
953	0.952	60.1992390290528	1147.45171557303
954	0.953	58.9334702063323	1205.89581972125
955	0.954	57.1207642989671	1262.80068650442
956	0.955	55.0111497541083	1317.74439306148
957	0.956	52.2764643715292	1370.26594965482
958	0.957	49.3855114178882	1419.97468708006
959	0.958	46.3070373717755	1466.69871100541
960	0.959	42.9316548668585	1510.19580665525
961	0.96	39.6031528763976	1550.3409600574
962	0.961	36.0715030865034	1587.05603756938
963	0.962	32.477346431401	1620.20821185886
964	0.963	28.7581758438687	1649.70372252701
965	0.964	24.8202307375753	1675.37067534826
966	0.965	20.6947646647706	1697.00592257996
967	0.966	16.116122648987	1714.28911576736
968	0.967	11.24057237603	1726.84521281039
969	0.968	6.0368603415963	1734.36167869973
970	0.969	0.2080780905161	1736.36189744631
971	0.97	-6.0269996772189	1732.33018618348
972	0.971	-12.980908172679	1721.70398178906
973	0.972	-20.3411121945	1703.92072113599
974	0.973	-28.0919850431007	1678.58192204771
975	0.974	-36.3429141278019	1645.24222199279
976	0.975	-44.671977063588	1603.61252592762
977	0.976	-53.2198148345568	1553.54437950907
978	0.977	-62.0489346551246	1494.78775429475
979	0.978	-70.6280268155689	1427.32702308993
980	0.979	-79.2383731591912	1351.27157263307
981	0.98	-87.5830653078878	1266.73860293006
982	0.981	-95.5370891856321	1174.05627521382
983	0.982	-103.241085701591	1073.54493730073
984	0.983	-110.257505293215	965.673391333853
985	0.984	-116.836376151998	851.004200141771
986	0.985	-122.680789464292	730.12336686415
987	0.986	-127.790745013455	603.7653491558
988	0.987	-132.056855140914	472.71929860914
989	0.988	-135.025943026952	338.055649055731
990	0.989	-136.760515521968	201.040169311795
991	0.99	-137.010543995802	63.032389083434
992	0.991	-135.525999954919	-74.3581333614026
993	0.992	-132.244376474885	-209.365572045781
994	0.993	-126.884391999465	-340.052206752432
995	0.994	-119.57106143788	-464.40218394058
996	0.995	-110.148117898659	-580.384024078326
997	0.996	-98.7718300027507	-685.966248498507
998	0.997	-85.6453464564859	-779.297087197601
999	0.998	-70.9874423474019	-858.735732069021
1000	0.999	-55.1731598898047	-922.9382836571
