No.	时间（s）	Dev1/ai0-1-测振（mm/s）	VH01-V1-Dev1/ai0一次积分（μm）
1	0	63.1526997545415	0
2	0.001	55.6674742690728	58.7695805039977
3	0.002	47.7915806707227	109.858601466086
4	0.003	40.0094488835668	153.118609735421
5	0.004	32.5242267342764	188.744941036533
6	0.005	26.0703720173107	217.401733904517
7	0.006	20.7885252548511	240.190676032789
8	0.007	16.7724467448518	258.330655524831
9	0.008	14.256537737884	273.204641258389
10	0.009	13.1157839882764	286.25029561366
11	0.01	13.2720516243548	298.803706912166
12	0.011	14.4753124312551	312.036882432162
13	0.012	16.3505241112131	326.809294195586
14	0.013	18.9289402390568	343.808519862912
15	0.014	21.6792508662678	363.472108907765
16	0.015	24.5389489526204	385.940702309399
17	0.016	27.2892597862383	411.214300171019
18	0.017	29.6801550877077	439.058501100183
19	0.018	31.8366489621972	469.176396617326
20	0.019	33.4930863347552	501.200757757992
21	0.02	34.9932560681487	534.803422451635
22	0.021	36.2433975404657	569.781242748133
23	0.022	37.227883968043	605.876376994577
24	0.023	38.4623987176367	643.081011829608
25	0.024	39.5875261069483	681.465467734091
26	0.025	41.1502030729442	721.193825816227
27	0.026	42.9472816372327	762.602061663506
28	0.027	44.8693744272283	805.869883187927
29	0.028	47.2290168893301	851.278572338397
30	0.029	49.8230610434391	899.164104796972
31	0.03	52.6358801558925	949.753068888829
32	0.031	55.2455513655555	1003.05327814174
33	0.032	57.7302085185022	1058.90065157596
34	0.033	59.949210616823	1117.09985463582
35	0.034	61.449381111091	1177.15864399196
36	0.035	62.4807483552186	1238.48320221731
37	0.036	62.8870445489262	1300.52659216157
38	0.037	62.5120019084472	1362.58560888245
39	0.038	61.4806346635905	1423.94142066066
40	0.039	59.7616893085592	1483.92207613892
41	0.04	57.4645533449007	1541.89469095784
42	0.041	54.7923749177969	1597.38264858138
43	0.042	51.6982737674029	1649.98746641617
44	0.043	48.4166515460827	1699.40442256511
45	0.044	45.0568956786752	1745.50068966968
46	0.045	41.5721258611223	1788.17469393177
47	0.046	38.2436239500067	1827.44206232952
48	0.047	34.8526151541064	1863.34967537377
49	0.048	31.4772333115228	1895.87409309877
50	0.049	28.1331051772086	1925.03875583533
51	0.05	24.5076954210258	1950.71864962664
52	0.051	20.7572717248118	1972.71062669175
53	0.052	16.6474326309615	1990.77247236182
54	0.053	12.0375373066085	2004.4744508228
55	0.054	7.0213463817942	2013.36338615919
56	0.055	1.20819084236059	2016.83764826346
57	0.056	-5.18315458174168	2014.20965988596
58	0.057	-12.1214363503421	2004.91685791211
59	0.058	-19.7941755967472	1988.31854543075
60	0.059	-27.9513442060999	1963.80527902152
61	0.06	-36.5616887627382	1930.90825602929
62	0.061	-45.4533150576861	1889.26024761127
63	0.062	-54.2824345422392	1838.7518663035
64	0.063	-63.4240896447092	1779.25809770221
65	0.064	-72.1907030494531	1710.81019484732
66	0.065	-80.9260636400767	1633.61130499475
67	0.066	-89.2863827254156	1547.86457530419
68	0.067	-97.1466461906672	1454.00755433834
69	0.068	-104.710001981964	1352.43872374422
70	0.069	-111.429513105871	1243.72845969249
71	0.07	-117.836489610458	1128.45495182652
72	0.071	-123.49338174604	1007.14950964046
73	0.072	-128.228294750953	880.648164884152
74	0.073	-132.416271031753	749.685375484989
75	0.074	-135.275971490176	615.198747716215
76	0.075	-137.182438572458	478.329036177088
77	0.076	-137.698122306819	340.24824922964
78	0.077	-136.291712137678	202.612825499582
79	0.078	-133.400758052745	67.1260838965613
80	0.079	-128.400189291868	-64.4148962835545
81	0.08	-121.446274293881	-189.978634584239
82	0.081	-112.335865831839	-307.510211154909
83	0.082	-100.959577507372	-414.798439332324
84	0.083	-87.8799738458218	-509.85872151673
85	0.084	-72.8782805994916	-590.878355247196
86	0.085	-56.5483148205829	-656.232159465043
87	0.086	-39.4057590213547	-704.849702893821
88	0.087	-21.5131191866673	-735.949648505642
89	0.088	-4.02677425799842	-749.360101735784
90	0.089	13.0532769339203	-745.487356905633
91	0.09	29.00820411214	-725.097122890412
92	0.091	43.1660564229347	-689.650499130684
93	0.092	55.4174458813505	-640.999254486351
94	0.093	65.1998075700043	-581.331134268483
95	0.094	72.341245538868	-513.201114221856
96	0.095	76.8573853031381	-439.242305308663
97	0.096	78.7013456358577	-362.103446346974
98	0.097	77.748111893339	-284.519224090185
99	0.098	74.5758751839056	-208.997737059373
100	0.099	69.4502912884495	-137.625160331005
101	0.1	63.1214462008559	-71.9797980941613
102	0.101	55.5893403977679	-13.2649113026589
103	0.102	47.6821932683095	37.7303490225704
104	0.103	39.9625685749011	80.9122234363662
105	0.104	32.4617196637834	116.483861047899
106	0.105	26.1016255495841	145.125027146773
107	0.106	20.7728984898299	167.921782658671
108	0.107	16.7880735091011	186.061762150327
109	0.108	14.2252842103037	200.92793450222
110	0.109	13.0532769339203	213.926708566522
111	0.11	13.38143896977	226.503560010558
112	0.111	14.459685667425	239.783615821346
113	0.112	16.3817776395587	254.563840967028
114	0.113	18.97582053304	271.602133545518
115	0.114	21.6479973358686	291.273535972163
116	0.115	24.5076954210258	313.710875842801
117	0.116	27.2736330198358	338.961033555422
118	0.117	29.6645283207577	366.78960771791
119	0.118	31.8366489621972	396.899689851578
120	0.119	33.4774595668881	428.916237608311
121	0.12	35.0401363729007	462.534529070396
122	0.121	36.2590243090319	497.543602903552
123	0.122	37.2591375056908	533.662177303104
124	0.123	38.5561593325846	570.929319214432
125	0.124	39.6344064153091	609.38409558057
126	0.125	41.2127101524754	649.167147356653
127	0.126	42.9785351779942	690.622263514078
128	0.127	44.9006279690908	733.921338579811
129	0.128	47.322777519141	779.392534816117
130	0.129	49.8230610434391	827.324947589598
131	0.13	52.6358801558925	877.913911681454
132	0.131	55.2924316879834	931.237561095583
133	0.132	57.7302085185022	987.108374691016
134	0.133	59.8554499625939	1045.26069742375
135	0.134	61.465007887338	1105.28041984091
136	0.135	62.4807483552186	1166.61279145438
137	0.136	62.8557909954304	1228.6405546219
138	0.137	62.4807483552186	1290.66831778941
139	0.138	61.4962614398485	1352.01631617913
140	0.139	59.7460625329056	1411.9969716577
141	0.14	57.4801801197763	1469.96958647623
142	0.141	54.8080016917859	1525.4731708742
143	0.142	51.6357666754698	1578.05454855002
144	0.143	48.3853980021352	1627.42462438102
145	0.144	44.9787618238263	1673.46619778619
146	0.145	41.5564990911335	1716.09332173586
147	0.146	38.1811168736903	1755.32162321046
148	0.147	34.77448131311	1791.15891579605
149	0.148	31.3990994746828	1823.60519968214
150	0.149	28.0705981108567	1852.6995419671
151	0.15	24.4139348263224	1878.30130192788
152	0.151	20.7260181947849	1900.23077193062
153	0.152	16.6005523383004	1918.25355068936
154	0.153	11.9281499627944	1931.87739533209
155	0.154	6.92758580614197	1940.66475670875
156	0.155	1.176937318743	1944.07651176339
157	0.156	-5.24566162601173	1941.40164310194
158	0.157	-12.1683166316544	1932.0541474653
159	0.158	-19.825429116644	1915.41676808334
160	0.159	-28.0138512447699	1890.85662139482
161	0.16	-36.6241958012985	1857.89709136398
162	0.161	-45.4845685774865	1816.20220266678
163	0.162	-54.313688063138	1765.66256783866
164	0.163	-63.4709699286816	1706.12973233494
165	0.164	-72.1907030494531	1637.65838933806
166	0.165	-80.9416904039381	1560.45168610356
167	0.166	-89.3176362563708	1474.68151626559
168	0.167	-97.1935264923709	1380.78542838341
169	0.168	-104.7256287511	1279.18534425387
170	0.169	-111.507646960953	1170.42819989003
171	0.17	-117.836489610458	1055.11562509652
172	0.171	-123.509008520828	933.802369523063
173	0.172	-128.243921527372	807.285397991153
174	0.173	-132.353763920084	676.346048759615
175	0.174	-135.275971490176	541.890674546676
176	0.175	-137.11993145359	405.052216566983
177	0.176	-137.57310806758	267.065190298589
178	0.177	-136.22920502018	129.523527246899
179	0.178	-133.260117048336	-5.86164029516847
180	0.179	-128.337682186003	-137.301046420148
181	0.18	-121.415020745681	-262.817904393799
182	0.181	-112.242105204301	-380.2869738766
183	0.182	-100.912697202901	-487.50488158801
184	0.183	-87.7393329592893	-582.471403176915
185	0.184	-72.8157735493047	-663.389462939021
186	0.185	-56.4858077780511	-728.680760110509
187	0.186	-39.2494914244647	-777.188916219576
188	0.187	-21.4662389070561	-808.187287893146
189	0.188	-3.94864045201025	-821.535234080488
190	0.189	13.1157839882764	-817.592168820165
191	0.19	28.9769505785556	-797.186308044558
192	0.191	43.1660564229347	-761.755311051622
193	0.192	55.3861923329779	-713.119693181476
194	0.193	65.1529272372637	-653.490639904164
195	0.194	72.3256187585776	-585.391873414053
196	0.195	76.8417585210396	-511.448691282054
197	0.196	78.6857188529992	-434.325459102844
198	0.197	77.6387244162258	-356.803743976041
199	0.198	74.5289948403976	-281.360390855539
200	0.199	69.3721573926454	-210.050321246827
201	0.2	63.0276855399333	-144.490906288347
202	0.201	55.5580868492821	-85.8385266015486
203	0.202	47.6821932683095	-34.8588930505623
204	0.203	39.9781953444521	8.33079474800905
205	0.204	32.477346431401	43.9180591281261
206	0.205	26.0547452511791	72.5435984616067
207	0.206	20.819778784903	95.3403539718383
208	0.207	16.7724467448518	113.495960228906
209	0.208	14.3034180292752	128.39338610816
210	0.209	13.1157839882764	141.462480609127
211	0.21	13.4283192607028	154.094025725807
212	0.211	14.5378194866034	167.43658859165
213	0.212	16.4130311679158	182.2715074111
214	0.213	19.0383275917267	199.356680283112
215	0.214	21.6636241010666	219.067149621699
216	0.215	24.6014560158497	241.559183172348
217	0.216	27.2892597862383	266.864034565583
218	0.217	29.6645283207577	294.700422111271
219	0.218	31.883529264606	324.833944396144
220	0.219	33.4930863347552	356.881745688015
221	0.22	35.1026434459587	390.539104070562
222	0.221	36.3059046147546	425.602871593109
223	0.222	37.290391043355	461.760512914355
224	0.223	38.6030396401148	499.06672174828
225	0.224	39.6969134931826	537.576191807119
226	0.225	41.2439636922669	577.406123892035
227	0.226	43.0410422595702	618.908120360144
228	0.227	44.9475082819185	662.261889123079
229	0.228	47.4009113774452	707.795592444951
230	0.229	49.9011949055415	755.806139078635
231	0.23	52.7140140224067	806.4732370348
232	0.231	55.3393120104575	859.859393543422
233	0.232	57.7614620684379	915.76927407506
234	0.233	59.980464168276	973.999730685608
235	0.234	61.465007887338	1034.08196020561
236	0.235	62.5901357916161	1095.46902553727
237	0.236	62.9182981024443	1157.58273597649
238	0.237	62.4963751318301	1219.64956608582
239	0.238	61.5743953212208	1281.04444480454
240	0.239	59.7773160842181	1341.07979399945
241	0.24	57.5270604444347	1399.09147575596
242	0.241	54.8705087877931	1454.64975386427
243	0.242	51.6513934484457	1507.27019847458
244	0.243	48.5104121780389	1556.71059478001
245	0.244	45.0725224496586	1602.86155558605
246	0.245	41.5877526311154	1645.55118661863
247	0.246	38.2905042572875	1684.84980855502
248	0.247	34.8994954587516	1720.80430190523
249	0.248	31.5397403810624	1753.38341331733
250	0.249	28.1174784106153	1782.57151620536
251	0.25	24.5076954210258	1808.24359661337
252	0.251	20.7728984898299	1830.24338706099
253	0.252	16.6161791025179	1848.29741934935
254	0.253	12.0375373066085	1861.9837710461
255	0.254	6.99009285656747	1870.85707961988
256	0.255	1.176937318743	1874.30008819973
257	0.256	-5.15190105959692	1871.67209982149
258	0.257	-12.1526898712182	1862.37929784828
259	0.258	-19.8410558765912	1845.74191846656
260	0.259	-27.9982244851029	1821.1817717779
261	0.26	-36.6241958012985	1788.23005512689
262	0.261	-45.406434777991	1746.57423332944
263	0.262	-54.3449415840416	1696.05803864061
264	0.263	-63.3928361220698	1636.54864327975
265	0.264	-72.2375833368154	1568.0929270425
266	0.265	-80.9729439316691	1490.84715690045
267	0.266	-89.3176362563708	1405.06136029862
268	0.267	-97.2872870958786	1311.11839211468
269	0.268	-104.7256287511	1209.47142768338
270	0.269	-111.554527274057	1100.690843163
271	0.27	-117.945877021195	985.30013450756
272	0.271	-123.571515620031	863.900931679137
273	0.272	-128.400189291868	737.274572715378
274	0.273	-132.494404921469	606.1867691009
275	0.274	-135.494746396743	471.551686933985
276	0.275	-137.291826030711	334.517894212448
277	0.276	-137.77625620654	196.343346586013
278	0.277	-136.46360671129	58.582908619288
279	0.278	-133.478891944286	-77.0288472163096
280	0.279	-128.556457056917	-208.687028224721
281	0.28	-121.540034938607	-334.375780730292
282	0.281	-112.429626459544	-452.001117937176
283	0.282	-101.131471957402	-559.422173653459
284	0.283	-87.9893612021916	-654.623096741065
285	0.284	-73.0345482251206	-735.77555796253
286	0.285	-56.7358359483088	-801.301256557055
287	0.286	-39.3901322616641	-850.00474716985
288	0.287	-21.6225065057365	-881.15157306136
289	0.288	-3.9798939744106	-894.593279809243
290	0.289	13.037650170338	-890.704908219089
291	0.29	28.9456970449857	-870.353741119237
292	0.291	43.1191761116398	-834.961811048733
293	0.292	55.4330726555446	-786.326193172951
294	0.293	65.2310611251932	-726.634632790391
295	0.294	72.3881258797759	-658.465545795716
296	0.295	76.9355192137263	-584.444229756774
297	0.296	89.2337988062814	-502.00007725458
298	0.297	78.4356903281453	-418.805839195176
299	0.298	74.6696358710904	-342.893682603368
300	0.299	69.5753055220459	-271.411718414609
301	0.3	63.1995800851119	-205.66478211884
302	0.301	55.6518474948015	-146.879574836692
303	0.302	47.7759538989353	-95.8061806476335
304	0.303	40.0563291922709	-52.5305456098399
305	0.304	32.4929731990223	-16.8964009220028
306	0.305	26.1016255495841	11.760391944491
307	0.306	20.8041520198755	34.5727742214113
308	0.307	16.7724467448518	52.7205670959655
309	0.308	14.3190447930778	67.6258063571208
310	0.309	13.084530461093	80.6870874763967
311	0.31	13.350185442495	93.2639389203812
312	0.311	14.4753124312551	106.536181349447
313	0.312	16.3817776395587	121.324219877044
314	0.313	19.0383275917267	138.393765984878
315	0.314	21.616743805482	158.080795175672
316	0.315	24.6014560158497	180.549388578529
317	0.316	27.2736330198358	205.846426588562
318	0.317	29.6332747868687	233.659373984105
319	0.318	31.8991560320832	263.785082885771
320	0.319	33.4618327990248	295.825070793516
321	0.32	35.0713899094218	329.45117563993
322	0.321	36.2433975404657	364.468062857064
323	0.322	37.2122571992252	400.5553837191
324	0.323	38.5561593325846	437.799085477195
325	0.324	39.6344064153091	476.253861843333
326	0.325	41.2127101524754	516.036913619415
327	0.326	43.0097887187733	557.50765654723
328	0.327	44.8850011981573	600.814544997886
329	0.328	47.4009113774452	646.316994777878
330	0.329	49.8699413606861	694.311914639134
331	0.33	52.6358801558925	744.924318889614
332	0.331	55.4174458813505	798.310475400426
333	0.332	57.7302085185022	854.243796092543
334	0.333	59.949210616823	912.442999152396
335	0.334	61.4806346635905	972.517415284793
336	0.335	62.5745090149712	1033.90448061626
337	0.336	62.9495516559846	1096.02600444393
338	0.337	62.5120019084472	1158.11627471834
339	0.338	61.5431417686554	1219.50334004908
340	0.339	59.7616893085592	1279.51524907988
341	0.34	57.4489265700303	1337.48005051136
342	0.341	54.8705087877931	1392.99926168247
343	0.342	51.6357666754698	1445.61189290629
344	0.343	48.4635318620395	1495.02103566723
345	0.344	45.1037759916391	1541.16418308626
346	0.345	41.5721258611223	1583.86162750483
347	0.346	38.3061310263894	1623.16024944078
348	0.347	34.8526151541064	1659.09911602322
349	0.348	31.5241136136719	1691.6469738993
350	0.349	28.1487319438055	1720.84289017023
351	0.35	24.5076954210258	1746.53059734483
352	0.351	20.819778784903	1768.55382793999
353	0.352	16.6161791025179	1786.63130037589
354	0.353	12.0375373066085	1800.31765207264
355	0.354	7.00571961917967	1809.19877402773
356	0.355	1.14568379513338	1812.63396922708
357	0.356	-5.18315458174168	1809.97472732596
358	0.357	-12.1683166316544	1800.65848521145
359	0.358	-19.825429116644	1784.0211058295
360	0.359	-28.0294780044367	1759.45314576115
361	0.36	-36.6241958012985	1726.48580235047
362	0.361	-45.4376882977871	1684.81435379312
363	0.362	-54.3605683444952	1634.27471896417
364	0.363	-63.4865966900092	1574.7106299391
365	0.364	-72.2844636241981	1506.18459327419
366	0.365	-80.9573171678022	1428.92319637038
367	0.366	-89.3332630218532	1343.13739976774
368	0.367	-97.2091532596128	1249.2256851192
369	0.368	-104.694375212832	1147.63341437517
370	0.369	-111.523273731983	1038.88408339495
371	0.37	-117.836489610458	923.563695215923
372	0.371	-123.571515620031	802.219186092869
373	0.372	-128.275175080227	675.655334234931
374	0.373	-132.400644253827	544.676918060094
375	0.374	-135.416612501407	410.127783174667
376	0.375	-137.198065352191	273.179937740059
377	0.376	-137.729375866689	135.075710622809
378	0.377	-136.41672637296	-2.63784700482494
379	0.378	-133.385131274454	-138.179282336341
380	0.379	-128.493949950831	-269.759329456793
381	0.38	-121.477527842103	-395.385574861069
382	0.381	-112.335865831839	-512.93277820585
383	0.382	-101.037711348236	-620.260073303697
384	0.383	-87.8956006110079	-715.367235791128
385	0.384	-72.9251608871561	-796.41812304802
386	0.385	-56.5951951024959	-861.818807550655
387	0.386	-39.2807449438398	-910.397284081632
388	0.387	-21.6068797458714	-941.481602934297
389	0.388	-3.99552073560823	-954.923309682847
390	0.389	13.0220234067584	-951.050564855081
391	0.39	28.9300702782061	-930.715024520408
392	0.391	43.134802882067	-895.323094448081
393	0.392	55.3705655587993	-846.710916735458
394	0.393	65.1998075700043	-787.066236678865
395	0.394	72.3568723191645	-718.92840324209
396	0.395	76.8730120852429	-644.953967547696
397	0.396	78.7013456358577	-567.807295194955
398	0.397	77.6699779810831	-490.262139894294
399	0.398	74.56024840273	-414.787533210197
400	0.399	69.4815448468128	-343.407143093235
401	0.4	63.0901926471927	-277.761780854042
402	0.401	55.6831010433492	-219.01564051658
403	0.402	47.7290735836013	-167.950059710915
404	0.403	39.9938221140073	-124.72911836992
405	0.404	32.5085999666474	-89.1184138374018
406	0.405	26.0859987834457	-60.4616209701647
407	0.406	20.7572717248118	-37.6804922238455
408	0.407	16.7411932163619	-19.5717662610681
409	0.408	14.2252842103037	-4.72903405554483
410	0.409	13.0689036975053	8.2775533905502
411	0.41	13.350185442495	20.8465914527409
412	0.411	14.4440589035976	34.1032071179777
413	0.412	16.319270582879	48.8443653534065
414	0.413	18.9445670037148	65.835777638894
415	0.414	21.6323705706737	85.4837399182788
416	0.415	24.5545757184227	107.936706555017
417	0.416	27.2892597862383	133.218117799538
418	0.417	29.6801550877077	161.062318728702
419	0.418	31.883529264606	191.203654397049
420	0.419	33.5087131026262	223.259269072856
421	0.42	34.9932560681487	256.869747150434
422	0.421	36.2433975404657	291.847567446932
423	0.422	37.1653768927963	327.911448155753
424	0.423	38.5092790250919	365.108269606888
425	0.424	39.6656599542374	403.555232588743
426	0.425	41.1970833825861	443.346097749345
427	0.426	43.0410422595702	484.824654062614
428	0.427	44.8693744272283	528.139355898204
429	0.428	47.3384042907925	573.602738749405
430	0.429	49.8855681331114	621.574218453547
431	0.43	52.6202533826046	672.186622703596
432	0.431	55.3705655587993	725.541525666488
433	0.432	57.7458352934674	781.459219584812
434	0.433	59.949210616823	839.666236032148
435	0.434	61.4962614398485	899.748465552674
436	0.435	62.5588822383319	961.135530883955
437	0.436	62.9651784327632	1023.25705471169
438	0.437	62.5120019084472	1085.35513837449
439	0.438	61.5587685449354	1146.75001709337
440	0.439	59.8085696355522	1206.79317967581
441	0.44	57.4958068946571	1264.8048614331
442	0.441	54.8548820137836	1320.33969937951
443	0.442	51.6045131295327	1372.92889044336
444	0.443	48.4010247741066	1422.29115288737
445	0.444	45.0568956786752	1468.37960660595
446	0.445	41.540872321149	1511.03798409805
447	0.446	38.3061310263894	1550.32097926401
448	0.447	34.821361617696	1586.24421907825
449	0.448	31.5397403810624	1618.78426356982
450	0.449	28.1018516440256	1647.96455307455
451	0.45	24.4139348263224	1673.58193980192
452	0.451	20.7103914297762	1695.50359642216
453	0.452	16.6161791025179	1713.52637518049
454	0.453	12.0375373066085	1727.21272687725
455	0.454	6.99009285656747	1736.08603545103
456	0.455	1.1925640805508	1739.53685741178
457	0.456	-5.19878134281162	1736.89324227284
458	0.457	-12.262077194246	1727.5223064965
459	0.458	-19.8879361564283	1710.80679331335
460	0.459	-27.9982244851029	1686.22320648478
461	0.46	-36.686702839862	1653.24023631448
462	0.461	-45.406434777991	1611.55316099775
463	0.462	-54.3918218654063	1561.01352616824
464	0.463	-63.5022234513386	1501.42599700206
465	0.464	-72.2375833368154	1432.91558710017
466	0.465	-81.0510777510454	1355.63075004843
467	0.466	-89.348889787339	1269.79025977143
468	0.467	-97.240406794108	1175.8551049729
469	0.468	-104.74125552024	1074.22376730791
470	0.469	-111.507646960953	965.458809559506
471	0.47	-117.945877021195	850.091541060623
472	0.471	-123.49338174604	728.731405169196
473	0.472	-128.306428633104	602.190993471814
474	0.473	-132.416271031753	471.189137131576
475	0.474	-135.307225048186	336.686882583797
476	0.475	-137.26057247118	199.762477316304
477	0.476	-137.619988407249	61.6816903692798
478	0.477	-136.385472814104	-75.961546749206
479	0.478	-133.400758052745	-211.49516869044
480	0.479	-128.447069621324	-343.059589035284
481	0.48	-121.477527842103	-468.662394274807
482	0.481	-112.257731975546	-586.17053069144
483	0.482	-100.975204275537	-693.427505324791
484	0.483	-87.8018400199387	-788.456533980338
485	0.484	-72.8470270743936	-869.421474035314
486	0.485	-56.4545542567934	-934.712771208717
487	0.486	-39.2026111454047	-983.181860417625
488	0.487	-21.4349853873119	-1014.14116519179
489	0.488	-3.85487988476849	-1027.42660433564
490	0.489	13.1470375154706	-1023.4210320281
491	0.49	29.0238308789376	-1002.97610433871
492	0.491	43.2598170456442	-967.474786884225
493	0.492	55.4486994297438	-918.761035154341
494	0.493	65.2935682356396	-859.030407829459
495	0.494	72.4037526600908	-790.822253889403
496	0.495	76.8730120852429	-716.824378024545
497	0.496	78.6700920701472	-639.69333245466
498	0.497	77.6856047635214	-562.155990545635
499	0.498	74.5289948403976	-486.689197251485
500	0.499	69.4034109509492	-415.363500863621
501	0.5	63.0276855399333	-349.788459125989
502	0.501	55.5580868492821	-291.136079439191
503	0.502	47.6196861813196	-240.1876994317
504	0.503	39.9156882662735	-197.060518715713
505	0.504	32.477346431401	-161.504507874685
506	0.505	26.039118485051	-132.886781924268
507	0.506	20.7572717248118	-110.129093327147
508	0.507	16.7255664521212	-92.0281807464896
509	0.508	14.2877912654754	-77.1620083955007
510	0.509	13.1314107518721	-64.0929138946364
511	0.51	13.38143896977	-51.4769955416248
512	0.511	14.4909391950881	-38.1813129670052
513	0.512	16.3661508753844	-38.1813129670052
514	0.513	18.9914472977071	-21.2293034356154
515	0.514	21.5854902751082	-1.66762420436363
516	0.515	24.5702024842283	20.6834326201487
517	0.516	27.2892597862383	45.8863742002261
518	0.517	29.6176480199296	73.6130385481541
519	0.518	31.8679024971327	103.629024251529
520	0.519	33.4774595668881	135.574915728384
521	0.52	35.0088828363954	169.091297374869
522	0.521	36.2433975404657	203.990648008144
523	0.522	37.1966304304115	239.983872438427
524	0.523	38.5405325634162	277.125664380185
525	0.524	39.6969134931826	315.517597853328
526	0.525	41.1814566127011	355.229993351114
527	0.526	43.0097887187733	396.598826461695
528	0.527	44.9475082819185	439.850685406885
529	0.528	47.322777519141	485.259038752259
530	0.529	49.8855681331114	533.136422023229
531	0.53	52.6515069291854	583.678169999222
532	0.531	55.4018191071617	636.978043462239
533	0.532	57.7927156183947	692.848521269862
534	0.533	59.9960909440106	751.016134995908
535	0.534	61.5275149923809	811.051148408948
536	0.535	62.4963751318301	872.336303915898
537	0.536	62.9026713256824	934.309037589498
538	0.537	62.4494948020122	996.25833109819
539	0.538	61.5431417686554	1057.52785982837
540	0.539	59.7929428598825	1117.46911258748
541	0.54	57.4801801197763	1175.37888452215
542	0.541	54.8861355618076	1230.83525280779
543	0.542	51.6826469944122	1283.39285453074
544	0.543	48.4635318620395	1332.73915440381
545	0.544	45.1037759916391	1378.7960187755
546	0.545	41.6190061711148	1421.43062030172
547	0.546	38.3217577954954	1460.67421272987
548	0.547	34.8369883858992	1496.52679626541
549	0.548	31.5241136136719	1528.98055771004
550	0.549	28.1331051772086	1558.08237755032
551	0.55	24.460815123659	1583.6525481456
552	0.551	20.8041520198755	1605.55824216221
553	0.552	16.6318058667383	1623.54943155036
554	0.553	12.0219105431987	1637.14950020018
555	0.554	6.99009285656747	1645.9287123449
556	0.555	1.13005703333156	1649.2619977347
557	0.556	-5.16752782067011	1646.51647278587
558	0.557	-12.2151969129556	1637.0983208639
559	0.558	-19.9035629163725	1620.31215139408
560	0.559	-27.9825977254355	1595.64228151802
561	0.56	-36.686702839862	1562.58084168022
562	0.561	-45.390808018094	1520.81529669608
563	0.562	-54.4074486258636	1470.18937881895
564	0.563	-63.4709699286816	1410.52337998652
565	0.564	-72.1907030494531	1341.9657539423
566	0.565	-81.0354509871646	1264.62588736883
567	0.566	-89.3176362563708	1178.72255419191
568	0.567	-97.271660328618	1084.70111634426
569	0.568	-104.772509058534	982.952242095527
570	0.569	-111.538900503018	874.069747759595
571	0.57	-117.945877021195	758.600569442333
572	0.571	-123.555888845223	637.122896953968
573	0.572	-128.353308962461	510.44150849497
574	0.573	-132.431897809685	379.322115553741
575	0.574	-135.354105385245	244.70232440112
576	0.575	-137.307452810486	107.644755748099
577	0.576	-137.729375866689	-30.6004481456446
578	0.577	-136.401099593529	-168.39247543091
579	0.578	-133.416384831041	-304.028007198351
580	0.579	-128.447069621324	-435.686523979689
581	0.58	-121.508781390344	-561.39123904068
582	0.581	-112.335865831839	-679.040352206928
583	0.582	-101.022084580055	-786.446116968031
584	0.583	-87.8956006110079	-881.631749118718
585	0.584	-72.9095341245989	-962.761106041678
586	0.585	-56.5951951024959	-1028.24026021038
587	0.586	-39.3119984632164	-1076.92064654839
588	0.587	-21.5287459465363	-1108.06780830843
589	0.588	-3.91738692960312	-1121.51766430165
590	0.589	13.1001572246833	-1117.65306870927
591	0.59	29.0238308789376	-1097.31786421261
592	0.591	43.1973099638201	-1061.93408334639
593	0.592	55.4799529781575	-1013.32224143056
594	0.593	65.2623146804049	-953.677897156431
595	0.594	72.4037526600908	-885.571653041339
596	0.595	76.8730120852429	-811.660060223828
597	0.596	78.7482259844723	-734.576230744127
598	0.597	77.7793654582864	-657.039224577903
599	0.598	74.6071287462755	-581.572767030778
600	0.599	69.4971716260034	-510.247406399795
601	0.6	63.0901926471927	-444.680513818353
602	0.601	55.6362207205354	-386.044096689644
603	0.602	47.7290735836013	-335.088239092732
604	0.603	39.9469418053543	-291.97702095341
605	0.604	32.4617196637834	-256.499479773997
606	0.605	26.0703720173107	-227.960223488606
607	0.606	20.7885252548511	-205.257564407681
608	0.607	16.7411932163619	-187.219494727231
609	0.608	14.256537737884	-172.447418805264
610	0.609	13.1314107518721	-159.480234115542
611	0.61	13.4126924970558	-146.934972046233
612	0.611	14.4909391950881	-133.709945755317
613	0.612	16.3817776395587	-119.00037689315
614	0.613	19.0070740623773	-102.032740597338
615	0.614	21.6636241010666	-82.424181070772
616	0.615	24.5545757184227	-60.0418707161833
617	0.616	27.3205133190538	-34.831115752601
618	0.617	29.6332747868687	-7.08101125479568
619	0.618	31.8991560320832	22.9584145995243
620	0.619	33.524339870501	54.9433729956605
621	0.62	35.0088828363954	88.4831947939527
622	0.621	36.2121440033454	123.366918658667
623	0.622	37.227883968043	159.360143089205
624	0.623	38.524905794252	196.509748415197
625	0.624	39.6969134931826	234.893868503758
626	0.625	41.2127101524754	274.621890771431
627	0.626	43.0566690299753	316.029790807501
628	0.627	44.9475082819185	359.305089908292
629	0.628	47.4165381491201	404.760323568655
630	0.629	49.9324484504162	452.708027313267
631	0.63	52.6827604757861	503.288842221213
632	0.631	55.3861923329779	556.596529070439
633	0.632	57.8239691683726	612.474820265958
634	0.633	59.9648373925468	670.642433991262
635	0.634	61.6056488738083	730.700887569283
636	0.635	62.5432554616981	792.048550181881
637	0.636	62.9495516559846	854.068164185566
638	0.637	62.5120019084472	916.072151412626
639	0.638	61.511888216112	977.35730691975
640	0.639	59.7773160842181	1037.27511951476
641	0.64	57.4489265700303	1095.16145128673
642	0.641	54.8080016917859	1150.56312586248
643	0.642	51.6826469944122	1203.08166065042
644	0.643	48.3853980021352	1252.38889359354
645	0.644	45.0725224496586	1298.39106426428
646	0.645	41.5252455511688	1340.96315870954
647	0.646	38.2748774881897	1380.13643067406
648	0.647	34.8682419223175	1415.98120082416
649	0.648	31.5084868462851	1448.44277565331
650	0.649	28.1331051772086	1477.5367821099
651	0.65	24.4451883578768	1503.09913932228
652	0.651	20.7728984898299	1524.98139319098
653	0.652	16.6318058667383	1542.95695581411
654	0.653	11.9906570163868	1556.54139770052
655	0.654	6.95883933135006	1565.28935631923
656	0.655	1.0519232243523	1568.56794804192
657	0.656	-5.23003486494665	1565.75210266647
658	0.657	-12.262077194246	1556.27925708172
659	0.658	-19.9660699561414	1539.43839395137
660	0.659	-28.0451047641031	1514.70601703609
661	0.66	-36.7804633977134	1481.56644340003
662	0.661	-45.5001953373877	1439.69932447732
663	0.662	-54.4699556677054	1388.98745941962
664	0.663	-63.5959840193521	1329.22770002093
665	0.664	-72.3000903866636	1260.55287326277
666	0.665	-81.160465098289	1183.09580596514
667	0.666	-89.4113968493145	1097.08308543618
668	0.667	-97.318540630411	1002.99132714116
669	0.668	-104.83501613517	901.187759203213
670	0.669	-111.585780816149	792.250571172397
671	0.67	-118.024010886155	676.71888576609
672	0.671	-123.649649494153	555.15526602078
673	0.672	-128.431442844833	428.38793029613
674	0.673	-132.541285255368	297.174776690874
675	0.674	-135.400985722357	162.476851646855
676	0.675	-137.38558670945	25.3567758757956
677	0.676	-137.760629426584	-112.943121747377
678	0.677	-136.401099593529	-250.75077581259
679	0.678	-133.510145500944	-386.433187914982
680	0.679	-128.493949950831	-518.162025196025
681	0.68	-121.508781390344	-643.890180421768
682	0.681	-112.335865831839	-761.539293588016
683	0.682	-100.959577507372	-868.913804812778
684	0.683	-87.8799738458218	-964.060370044531
685	0.684	-72.8626538369414	-1045.15847344107
686	0.685	-56.4545542567934	-1110.54386704309
687	0.686	-39.1713576260331	-1159.08361253966
688	0.687	-21.3881051076905	-1190.09013346168
689	0.688	-3.87050664597969	-1203.44622889367
690	0.689	13.225171333503	-1199.49568610506
691	0.69	29.0550844125436	-1179.0823477872
692	0.691	43.2598170456442	-1143.65168661326
693	0.692	55.5737136235224	-1094.96171083383
694	0.693	65.2623146804049	-1035.27048623702
695	0.694	72.4975133421089	-967.117361780923
696	0.695	76.9667727780064	-893.112008276021
697	0.696	89.8588703097994	-810.425976287274
698	0.697	77.7793654582864	-727.333647958387
699	0.698	74.5446216215607	-651.89844397362
700	0.699	69.5127984052	-580.596523515395
701	0.7	63.1370729776959	-514.998377379103
702	0.701	55.5580868492821	-456.37758702077
703	0.702	47.7134468118327	-405.468609745369
704	0.703	39.8844347272097	-362.396458531003
705	0.704	32.5085999666474	-326.926730739231
706	0.705	26.039118485051	-298.379661068538
707	0.706	20.7416449597968	-275.71606890127
708	0.707	16.6786861594167	-257.732692896819
709	0.708	14.1784039189538	-243.030937412789
710	0.709	13.1001572246833	-230.118446396127
711	0.71	13.38143896977	-217.604437854056
712	0.711	14.459685667425	-204.410665090615
713	0.712	16.4286579320987	-189.693282846009
714	0.713	18.97582053304	-172.717833168595
715	0.714	21.6636241010666	-153.124900406698
716	0.715	24.5545757184227	-130.742590052109
717	0.716	27.3205133190538	-105.531835088527
718	0.717	29.6801550877077	-77.7582904403021
719	0.718	31.8679024971327	-47.7110512030378
720	0.719	33.5399666383797	-15.7339061904376
721	0.72	35.0713899094218	17.8449825283072
722	0.721	36.2121440033454	52.7599599295349
723	0.722	37.2747642745209	88.7766245133121
724	0.723	38.5561593325846	125.965296761709
725	0.724	39.6812867237079	164.357230234699
726	0.725	41.228336922369	204.085252502582
727	0.726	43.0097887187733	245.477525767997
728	0.727	44.9787618238263	288.745011484141
729	0.728	47.3696578341095	334.192431757953
730	0.729	49.9637019953102	382.132322117507
731	0.73	52.7140140224067	432.744390571209
732	0.731	55.4174458813505	486.083330967932
733	0.732	57.808342393381	541.969435550142
734	0.733	59.9960909440106	600.144862663682
735	0.734	61.5900220975118	660.211129629287
736	0.735	62.6213893449225	721.590045795348
737	0.736	62.9808052095474	783.664353517427
738	0.737	62.5745090149712	845.71522107453
739	0.738	61.511888216112	907.031630134916
740	0.739	59.8241964112274	966.97288289343
741	0.74	57.4801801197763	1024.89828160378
742	0.741	54.8080016917859	1080.3155829544
743	0.742	51.6670202214265	1132.82630435585
744	0.743	48.4010247741066	1182.13353729846
745	0.744	45.025642136722	1228.12008119872
746	0.745	41.540872321149	1270.6765488725
747	0.746	38.2279971809213	1309.83419406838
748	0.747	34.8682419223175	1345.65552406484
749	0.748	31.5084868462851	1378.11709889399
750	0.749	28.1174784106153	1407.20329196728
751	0.75	24.4451883578768	1432.75783579637
752	0.751	20.7260181947849	1454.61664951755
753	0.752	16.6161791025179	1472.56095861104
754	0.753	12.0219105431987	1486.15321387874
755	0.754	7.00571961917967	1494.94023940478
756	0.755	1.1613105569372	1498.29696493768
757	0.756	-5.18315458174168	1495.55925337012
758	0.757	-12.1995701525231	1486.14110144783
759	0.758	-19.9035629163725	1469.36274535823
760	0.759	-28.0294780044367	1444.66943534267
761	0.76	-36.7648366380709	1411.54548846626
762	0.761	-45.5314488571924	1369.67055616347
763	0.762	-54.485582428169	1318.93525096564
764	0.763	-63.5647304966739	1259.18330494806
765	0.764	-72.3313439116013	1190.50847818876
766	0.765	-81.0823312788153	1113.0748510384
767	0.766	-89.4113968493145	1027.10119741918
768	0.767	-97.3497941649583	932.993812356887
769	0.768	-104.819389366005	831.18243103625
770	0.769	-111.585780816149	722.253056390017
771	0.77	-117.977130567164	606.744811143205
772	0.771	-123.571515620031	485.243698494451
773	0.772	-128.384562515394	358.538869871583
774	0.773	-132.478778143514	227.380409986973
775	0.774	-135.432239280462	92.6981117198286
776	0.775	-137.307452810486	-44.3985238808015
777	0.776	-137.729375866689	-182.643727774545
778	0.777	-136.369846034684	-320.420128280388
779	0.778	-133.463265165966	-456.063473435869
780	0.779	-128.462696397821	-587.753243772919
781	0.78	-121.540034938607	-713.481398996288
782	0.781	-112.320239060572	-831.138325551033
783	0.782	-101.022084580055	-938.536276926503
784	0.783	-87.9112273761973	-1033.72972245978
785	0.784	-72.8470270743936	-1114.83563924024
786	0.785	-56.5795683418569	-1180.27572650352
787	0.786	-39.1869843857187	-1228.88579242246
788	0.787	-21.4662389070561	-1259.939193624
789	0.788	-3.8861334071892	-1273.34216933628
790	0.789	13.2407980971176	-1269.39162654647
791	0.79	29.0238308789376	-1248.9861016136
792	0.791	43.3066973570588	-1213.54762705076
793	0.792	55.5112065265919	-1164.86546466409
794	0.793	65.2466879027962	-1105.21330700455
795	0.794	72.4193794404118	-1037.10706288811
796	0.795	76.9198924315959	-963.164216507257
797	0.796	107.564025613201	-871.649047040015
798	0.797	77.8262458057558	-779.680700885692
799	0.798	74.56024840273	-704.214243336605
800	0.799	69.4659180676282	-632.927949656582
801	0.8	63.0901926471927	-567.376683854327
802	0.801	55.5580868492821	-508.779333661246
803	0.802	47.7447003553746	-457.854729614074
804	0.803	39.9313150358118	-414.743511473636
805	0.804	32.4617196637834	-379.273783678995
806	0.805	26.117252315726	-350.711087244396
807	0.806	20.8041520198755	-327.977174631751
808	0.807	16.7724467448518	-309.915664804543
809	0.808	14.2409109740925	-295.135775500227
810	0.809	13.1157839882764	-282.184217574199
811	0.81	13.3970657334116	-269.654582268511
812	0.811	14.4753124312551	-256.445182741333
813	0.812	16.3974044037358	-241.735613878994
814	0.813	19.0070740623773	-224.760164201093
815	0.814	21.6636241010666	-205.151604674527
816	0.815	24.5702024842283	-182.761480937036
817	0.816	27.2423794870413	-157.581979506557
818	0.817	29.7114086216187	-129.831875007383
819	0.818	31.7897686598224	-99.8080759218181
820	0.819	33.4618327990248	-67.9090647475505
821	0.82	35.0557631411592	-34.3770563326144
822	0.821	36.1808904662412	0.51448091592992
823	0.822	37.2747642745209	36.515518731155
824	0.823	38.5092790250919	73.6807508258055
825	0.824	39.6656599542374	112.041430760314
826	0.825	41.2439636922669	151.76945302841
827	0.826	43.0097887187733	193.169539678775
828	0.827	44.9162547400288	236.40577185302
829	0.828	47.3071507474942	281.790685041625
830	0.829	49.9168216779764	329.675881699205
831	0.83	52.6515069291854	380.23325644763
832	0.831	55.3080584621363	433.486249588135
833	0.832	57.7770888434137	489.302033685754
834	0.833	59.949210616823	547.438393860716
835	0.834	61.4962614398485	607.434340333896
836	0.835	62.6057625682665	668.758562782797
837	0.836	62.8401642186909	730.75473662112
838	0.837	62.5120019084472	792.704030129533
839	0.838	61.4806346635905	853.973558860396
840	0.839	59.7773160842181	913.875744679145
841	0.84	57.4958068946571	971.785516613426
842	0.841	54.7923749177969	1027.2028179645
843	0.842	51.6670202214265	1079.70572597895
844	0.843	48.3385176862494	1128.98170537764
845	0.844	44.994388594787	1174.921368963
846	0.845	41.5877526311154	1217.48565002079
847	0.846	38.1811168736903	1256.64329521804
848	0.847	34.8369883858992	1292.42555829268
849	0.848	31.4616065441473	1324.84806620255
850	0.849	28.0393445777021	1353.87175220831
851	0.85	24.4451883578768	1379.38722912095
852	0.851	20.7103914297762	1401.23822945962
853	0.852	16.6005523383004	1419.1669117885
854	0.853	11.9750302529848	1432.72791352899
855	0.854	6.94321256874485	1441.4602453847
856	0.855	1.13005703333156	1444.77009063058
857	0.856	-5.23003486494665	1441.99331215962
858	0.857	-12.2151969129556	1432.54390671551
859	0.858	-19.9035629163725	1415.75773724569
860	0.859	-28.0451047641031	1391.05661385029
861	0.86	-36.7335831187867	1357.94048035369
862	0.861	-45.5314488571924	1316.08117481055
863	0.862	-54.4699556677054	1265.35368299294
864	0.863	-63.5803572580121	1205.60173697493
865	0.864	-72.3469706740736	1136.91128345373
866	0.865	-81.0510777510454	1059.48546968601
867	0.866	-89.4270236148165	973.519629447928
868	0.867	-97.318540630411	879.420057770158
869	0.868	-104.850642904339	777.608676447627
870	0.869	-111.648287900388	668.632421490107
871	0.87	-117.977130567164	553.092922701175
872	0.871	-123.618395944489	431.568369890193
873	0.872	-128.353308962461	304.855727881562
874	0.873	-132.431897809685	173.736334940333
875	0.874	-135.369732164277	39.1087303981966
876	0.875	-137.291826030711	-97.9488382544532
877	0.876	-137.666868746973	-236.154975198451
878	0.877	-136.276085358294	-373.853241806241
879	0.878	-133.338250939616	-509.387199510352
880	0.879	-128.384562515394	-640.975395793013
881	0.88	-121.3837671975	-766.586350204616
882	0.881	-112.210851661825	-884.110449189434
883	0.882	-100.865816898466	-991.375573024735
884	0.883	-87.7862132547716	-1086.42837765651
885	0.884	-72.7688932616887	-1167.4327204699
886	0.885	-56.3764204536727	-1232.73216688273
887	0.886	-39.1244773469783	-1281.20940533821
888	0.887	-21.3568515879395	-1312.17685936083
889	0.888	-3.79237283990664	-1325.47826112991
890	0.889	13.2876783879775	-1321.45739791103
891	0.89	29.1332182466219	-1300.97373914888
892	0.891	43.2910705865828	-1265.48838428744
893	0.892	55.5893403977679	-1216.77496835042
894	0.893	65.3248217908971	-1157.04467681124
895	0.894	72.4818865617572	-1088.86811219007
896	0.895	76.9355192137263	-1014.88619885749
897	0.896	78.8107331160493	-937.739862247753
898	0.897	77.7324851108749	-860.195042689447
899	0.898	74.5446216215607	-784.783278878385
900	0.899	69.4034109509492	-713.536052147286
901	0.9	63.0433123167398	-648.039480068598
902	0.901	55.4643262039481	-589.51245036341
903	0.902	47.666566496555	-538.673793568314
904	0.903	39.8063008796243	-495.66414943538
905	0.904	32.3523322905675	-460.31162240544
906	0.905	26.0547452511791	-431.834873189723
907	0.906	20.6791378997681	-409.194721169405
908	0.907	16.7099396878835	-391.226971930736
909	0.908	14.256537737884	-376.470522773008
910	0.909	13.1001572246833	-363.51896484688
911	0.91	13.4439460243524	-350.973702777518
912	0.911	14.4440589035976	-337.756489868699
913	0.912	16.459911460473	-323.03129424182
914	0.913	18.9914472977071	-306.032404417885
915	0.914	21.6636241010666	-286.431658273655
916	0.915	24.6483363133069	-264.002467621624
917	0.916	27.2580062534368	-238.776085893408
918	0.917	29.6645283207577	-211.041608161466
919	0.918	31.852275729663	-181.009995691412
920	0.919	33.4618327990248	-149.079730982224
921	0.92	35.0401363729007	-115.555535951417
922	0.921	36.1808904662412	-80.6718120870022
923	0.922	37.2435107368648	-44.6864010406051
924	0.923	38.5405325634162	-7.52116894562054
925	0.924	39.6500331847711	30.8473243733172
926	0.925	41.2439636922669	70.5675332566802
927	0.926	43.0097887187733	111.967619907044
928	0.927	44.9162547400288	155.20385208129
929	0.928	47.3696578341095	200.620018813203
930	0.929	49.8699413606861	248.513028855445
931	0.93	52.7140140224067	299.078216991835
932	0.931	55.3861923329779	352.401530614371
933	0.932	57.7614620684379	408.248568259923
934	0.933	59.9335838411047	466.369301659539
935	0.934	61.5431417686554	526.380874909263
936	0.935	62.5745090149712	587.71291074592
937	0.936	62.8870445489262	649.716897972713
938	0.937	62.4963751318301	711.681818257935
939	0.938	61.465007887338	772.935720212363
940	0.939	59.7460625329056	832.814465867329
941	0.94	57.4958068946571	890.708611025955
942	0.941	54.8080016917859	946.13372576402
943	0.942	51.5576328106641	998.589753460089
944	0.943	48.3853980021352	1047.83447931133
945	0.944	44.9318815109714	1093.76632951273
946	0.945	41.5252455511688	1136.26810348864
947	0.946	38.2123704118402	1175.41012191499
948	0.947	34.821361617696	1211.20019837461
949	0.948	31.4616065441473	1243.61489290037
950	0.949	28.0549713442777	1272.64639228943
951	0.95	24.4295615920979	1298.16186920246
952	0.951	20.7103914297762	1320.00505615824
953	0.952	16.5536720456653	1337.91029834081
954	0.953	11.9437767261886	1351.43223317158
955	0.954	6.91195904354141	1360.13331150129
956	0.955	1.06754998614418	1363.39627646097
957	0.956	-5.27691514813703	1360.56480432482
958	0.957	-12.3089574755254	1351.04507845783
959	0.958	-19.9816967160817	1334.17296180687
960	0.959	-28.107611802766	1309.40151799229
961	0.96	-36.7492098784287	1276.24631759654
962	0.961	-45.5158220972897	1234.38701205352
963	0.962	-54.5168359490998	1183.64389347517
964	0.963	-63.5803572580121	1123.86850731646
965	0.964	-72.3469706740736	1055.17805379526
966	0.965	-81.0823312788153	977.736613263663
967	0.966	-89.4113968493145	891.762959644442
968	0.967	-97.318540630411	797.671201349424
969	0.968	-104.819389366005	695.87544679606
970	0.969	-111.585780816149	586.946072149827
971	0.97	-117.945877021195	471.453453675999
972	0.971	-123.524635295621	349.991407962435
973	0.972	-128.368935738925	223.317832890006
974	0.973	-132.416271031753	92.1984399495117
975	0.974	-135.354105385245	-42.4135378141434
976	0.975	-137.229318911673	-179.432039517759
977	0.976	-137.57310806758	-317.560042562541
978	0.977	-136.260458578917	-455.203615440946
979	0.978	-133.291370604831	-590.706319587975
980	0.979	-128.290801856663	-722.224195373878
981	0.98	-121.321260101201	-847.757015907966
982	0.981	-112.054583949719	-965.171727488583
983	0.982	-100.740802753478	-1072.29621039534
984	0.983	-87.5986920730137	-1167.19274736374
985	0.984	-72.5969988739403	-1248.01738239237
986	0.985	-56.2514063687497	-1313.16837456887
987	0.986	-38.9994632695141	-1361.52059894316
988	0.987	-21.2005839891433	-1392.34741212765
989	0.988	-3.68298551133274	-1405.51598643304
990	0.989	13.3345586788616	-1401.41698940443
991	0.99	29.2426056144834	-1380.85519681291
992	0.991	43.3848312095053	-1345.26826795608
993	0.992	55.6205939462744	-1296.49234493334
994	0.993	65.2935682356396	-1236.76205339754
995	0.994	72.4975133421089	-1168.59330216382
996	0.995	76.8886388673542	-1094.62701561425
997	0.996	101.563336387161	-1006.12781754214
998	0.997	77.8262458057558	-917.159816000842
999	0.998	74.4352341535505	-841.755865576345
1000	0.999	69.3252770552344	-770.602399527108
