No.	时间（s）	Dev1/ai0-1-测振（mm/s）	VH01-V1-Dev1/ai0一次积分（μm）
1	0	76.7167442644815	0
2	0.001	68.5751916639248	71.4799494692035
3	0.002	59.1053647357435	134.154209174038
4	0.003	49.1042295177338	187.092987805777
5	0.004	39.3687513351001	230.163459737194
6	0.005	30.164584864972	263.76410934223
7	0.006	22.3199482422697	288.840357400852
8	0.007	16.1317494131153	306.900187733544
9	0.008	11.6312414588018	319.615664674503
10	0.009	9.20909317126565	328.869813494537
11	0.01	8.52151560378328	336.569099387062
12	0.011	9.63101577184603	344.479346579877
13	0.012	11.9437767261886	354.100724333895
14	0.013	14.9597421113664	366.386465257672
15	0.014	18.8508064158119	382.125721026262
16	0.015	22.866885030943	401.818548254639
17	0.016	53.2296975445322	438.700821047377
18	0.017	59.214752163888	493.757027406588
19	0.018	32.0397969395477	538.218283463306
20	0.019	33.8681287647287	570.006227820444
21	0.02	35.0401363729007	603.294341894259
22	0.021	35.6339535695184	637.465368370469
23	0.022	35.9308621699869	672.081757745222
24	0.023	35.8527283276182	706.807534499025
25	0.024	36.0715030865034	741.603631711086
26	0.025	36.4777990693821	776.712264294029
27	0.026	37.2591375056908	812.414714086566
28	0.027	39.0249624095767	849.3907455492
29	0.028	40.9470550649442	888.210735791461
30	0.029	43.7598737027972	929.398181680332
31	0.03	47.0727491733519	973.648474623406
32	0.031	50.5418925793394	1021.28977700475
33	0.032	54.4485858913288	1072.61899774509
34	0.033	57.9333565934617	1127.64395049248
35	0.034	61.0899652589247	1185.98959292368
36	0.035	63.7152637247144	1247.2261889205
37	0.036	65.3248217908971	1310.5802131833
38	0.037	124.206568602293	1404.1798898849
39	0.038	65.8717590116123	1498.05303519685
40	0.039	64.6684971352818	1562.1571447753
41	0.04	62.7464035583708	1624.69857662712
42	0.041	59.7616893085592	1684.78660456559
43	0.042	56.5582004110892	1741.78053093041
44	0.043	52.7608943423751	1795.27405981215
45	0.044	48.7604405307572	1844.86870875371
46	0.045	45.0100153657523	1890.58791820697
47	0.046	41.1033227633411	1932.47856877652
48	0.047	37.8060744171817	1970.76724887178
49	0.048	34.5244530225836	2005.76649409666
50	0.049	31.5084868462851	2037.61694553609
51	0.05	28.8675632111239	2066.6389520698
52	0.051	25.9141043561497	2092.86376735844
53	0.052	23.0700329820344	2116.18981753253
54	0.053	19.9446799481615	2136.53115550263
55	0.054	16.0379888283881	2153.3564713959
56	0.055	11.896896436014	2166.1578955331
57	0.056	6.61505055457179	2174.2478505334
58	0.057	0.536240086328969	2176.65747735885
59	0.058	-6.2301475698833	2172.64450512207
60	0.059	-14.0747813960045	2161.32602214413
61	0.06	-22.450724777647	2141.8972505623
62	0.061	-31.7173932794699	2113.64717303874
63	0.062	-41.077822310537	2076.08354674874
64	0.063	-50.5945191086751	2029.08135754413
65	0.064	-60.3924979803269	1972.42183050463
66	0.065	-69.6591675615497	1906.2299792387
67	0.066	-78.8945843613942	1830.78708478222
68	0.067	-87.567438542765	1746.39005483515
69	0.068	-95.4745821182572	1653.70302600963
70	0.069	-103.100444783029	1553.24949406399
71	0.07	-109.757448634171	1445.65452886039
72	0.071	-116.00815720929	1331.60570744366
73	0.072	-121.586915261039	1211.6421527135
74	0.073	-126.415588723563	1086.4748822262
75	0.074	-130.759832603509	956.721153067662
76	0.075	-134.119589860432	823.115423340692
77	0.076	-136.729261962847	686.524978934053
78	0.077	-138.338820289027	547.824919313117
79	0.078	-138.416954189997	408.281013578605
80	0.079	-137.151185013012	269.330925482101
81	0.08	-134.010202410638	132.584213275276
82	0.081	-128.884619365324	-0.029216107704455
83	0.082	-121.633795583517	-126.454442077124
84	0.083	-111.898316238072	-244.386516482919
85	0.084	-99.9438375850642	-351.473611889487
86	0.085	-85.6609732212267	-445.442035787632
87	0.086	-69.3466323200668	-524.111857053278
88	0.087	-51.4071106396197	-585.654747028121
89	0.088	-32.2799566258067	-628.664299155834
90	0.089	-12.7152532461601	-652.327922586817
91	0.09	6.8025717054026	-656.450281852196
92	0.091	25.4921816727257	-641.468923658131
93	0.092	42.6191194603027	-608.579291586617
94	0.093	57.7302085185022	-559.570646092214
95	0.094	70.0441089014365	-496.849505877244
96	0.095	79.2326562569183	-423.377141793067
97	0.096	85.139580736737	-342.357041791239
98	0.097	87.5773593767959	-257.164590229472
99	0.098	86.8741539824989	-171.104852044824
100	0.099	83.0143379562725	-87.3266245704385
101	0.1	76.6854907004059	-8.64272873709894
102	0.101	68.6064452216236	62.8372207289161
103	0.102	59.1678718375082	125.558360763482
104	0.103	49.1354830621189	178.544019718296
105	0.104	39.3687513351001	221.630118421906
106	0.105	30.1958383991101	255.246394794011
107	0.106	22.3199482422697	280.338269619701
108	0.107	16.1004958848615	298.382473188267
109	0.108	11.6781217488433	311.10576351012
110	0.109	9.20909317126565	320.383352475175
111	0.11	8.55276912947572	328.098265130546
112	0.111	9.59976224581523	336.008512323192
113	0.112	11.9437767261886	345.614263314194
114	0.113	15.053502694923	357.94688452975
115	0.114	18.835179651172	373.725207207798
116	0.115	22.7418709074678	393.347713992118
117	0.116	52.5421195162398	429.823690708972
118	0.117	60.6367887537962	485.24712634899
119	0.118	32.4148393609537	530.606921911365
120	0.119	33.8993823006609	562.598014247173
121	0.12	34.9463757634323	595.85487478422
122	0.121	35.5870732643132	629.955580803093
123	0.122	35.8683550960839	664.517276488292
124	0.123	35.7745944853496	699.172732784009
125	0.124	36.0558763179855	733.921949690677
126	0.125	36.3840384577065	768.975888583523
127	0.126	37.290391043355	804.647084839054
128	0.127	38.8999482553443	841.576235993404
129	0.128	40.9470550649442	880.333719158549
130	0.129	43.7129933909953	921.497724891519
131	0.13	47.0414956302122	965.708950907123
132	0.131	50.7137870785749	1013.42057376652
133	0.132	54.4017055697287	1064.81230159567
134	0.133	57.9333565934617	1119.81381418226
135	0.134	61.1368455873037	1178.18289677765
136	0.135	63.6527566165582	1239.41167938458
137	0.136	65.2310611251932	1302.68756976045
138	0.137	66.0592803460485	1367.16672200108
139	0.138	65.8248786781327	1431.94278301817
140	0.139	64.6997506900834	1496.03907920727
141	0.14	62.6213893449225	1558.53363072978
142	0.141	59.7304357572574	1618.54352478587
143	0.142	56.4644397637671	1675.47494405138
144	0.143	52.6358801558925	1728.85908551621
145	0.144	48.7448137586767	1778.3834139785
146	0.145	44.8850011981573	1824.03230296191
147	0.146	41.1033227633411	1865.86044644766
148	0.147	37.7123138034259	1904.10224623605
149	0.148	34.477572718222	1939.03117100187
150	0.149	31.5397403810624	1970.87380905651
151	0.15	28.8363096776044	1999.89581559085
152	0.151	25.9453578883544	2026.12063087883
153	0.152	23.1012865130205	2049.47793458451
154	0.153	19.929053183308	2069.82708593768
155	0.154	16.0536155925022	2086.65240183058
156	0.155	11.8343893824844	2099.43038582308
157	0.156	6.55254350436881	2107.4578337715
158	0.157	0.536240086328969	2109.83620707185
159	0.158	-6.33953489659306	2105.76854117172
160	0.159	-14.1997954783189	2094.33285748927
161	0.16	-22.5757388562711	2074.77907182697
162	0.161	-31.7799003179563	2046.43523374486
163	0.162	-41.2184631481698	2008.77003351679
164	0.163	-50.703906429986	1961.64283023272
165	0.164	-60.5018853073478	1904.87391586905
166	0.165	-69.7373013720526	1838.58830403435
167	0.166	-78.9258378884134	1763.09071590912
168	0.167	-87.5830653078878	1678.67024581597
169	0.168	-95.5370891856321	1585.94415007421
170	0.169	-103.08481801432	1485.46717797923
171	0.17	-109.788702175227	1377.86439938946
172	0.171	-116.055037526439	1263.77651104363
173	0.172	-121.586915261039	1143.78951615489
174	0.173	-126.431215499348	1018.61443227969
175	0.174	-130.853593267548	888.806009401247
176	0.175	-134.135216638998	755.145585952975
177	0.176	-136.823022640282	618.500447818335
178	0.177	-138.354447069208	479.74569446859
179	0.178	-138.401327409791	340.201788734091
180	0.179	-137.229318911673	201.220447078359
181	0.18	-133.978948853607	64.4502947007194
182	0.181	-128.931499695296	-68.1709480687317
183	0.182	-121.602542035193	-194.603987428976
184	0.183	-111.726421755789	-312.434487819466
185	0.184	-99.8344502097976	-419.380942297259
186	0.185	-85.5203323386688	-513.224352066492
187	0.186	-69.1903646996412	-591.745719080647
188	0.187	-51.2352162770697	-653.124528064002
189	0.188	-32.0924355103704	-695.954372452722
190	0.189	-12.5589856421656	-719.446101523989
191	0.19	6.91195904354141	-723.435633318301
192	0.191	25.6640760990052	-708.313634242028
193	0.192	42.7597603930346	-675.267734491007
194	0.193	57.8239691683726	-626.141888205303
195	0.194	70.137869577961	-563.326987327136
196	0.195	79.3107901724155	-489.768675946948
197	0.196	85.1708343079803	-408.693882201749
198	0.197	87.5461058034151	-323.501430641051
199	0.198	86.8272736233818	-237.480759422653
200	0.199	82.9987111715869	-153.733785520168
201	0.2	76.7011174824405	-75.049889688154
202	0.201	68.5751916639248	-3.57775360997103
203	0.202	59.1053647357435	59.0965060948634
204	0.203	49.1198562899239	112.043098112697
205	0.204	39.3687513351001	155.12138343021
206	0.205	30.1802116320392	188.72984641878
207	0.206	22.2886947116079	213.798281095603
208	0.207	16.0692423566191	231.811231134717
209	0.208	11.6312414588018	244.495454547428
210	0.209	9.13095935654065	253.7105364601
211	0.21	8.49026207810051	261.35512868242
212	0.211	9.58413548280356	269.226308967873
213	0.212	11.8812696726277	278.792993050589
214	0.213	14.9753688752855	291.055293829546
215	0.214	18.835179651172	306.794549597775
216	0.215	22.6481103149977	326.37017608586
217	0.216	24.9296180986854	348.993021797702
218	0.217	58.8709631048887	389.727293904489
219	0.218	31.383472707326	433.688493315597
220	0.219	33.9150090686327	465.171715708576
221	0.22	35.0401363729007	498.483269934343
222	0.221	35.6495803379281	532.662109794758
223	0.222	35.8683550960839	567.255059016764
224	0.223	35.8527283276182	601.949582233616
225	0.224	36.0246227809617	636.722239292906
226	0.225	36.399665226309	671.768364801542
227	0.226	37.2435107368648	707.423934288129
228	0.227	38.8843214860841	744.321831904604
229	0.228	40.9626818347645	783.079315070028
230	0.229	43.6817398498163	824.235507417319
231	0.23	47.0414956302122	868.431106662333
232	0.231	50.6043996699024	916.088035817391
233	0.232	54.3860787958721	967.417256555279
234	0.233	57.9021030434098	1022.39532897992
235	0.234	61.0743384828093	1080.71753124803
236	0.235	63.6840101706251	1141.93068707975
237	0.236	65.2466879027962	1205.23001762146
238	0.237	66.0749071239556	1269.72479663983
239	0.238	65.85613223378	1334.5242978237
240	0.239	64.637243580503	1398.60496723584
241	0.24	62.6838964516022	1461.0995187569
242	0.241	59.7304357572574	1521.14066636633
243	0.242	56.4019326656564	1578.04083208278
244	0.243	52.6358801558925	1631.39371999856
245	0.244	48.6354263542461	1680.86335475863
246	0.245	44.8693744272283	1726.44973665437
247	0.246	40.993935374418	1768.21537306019
248	0.247	37.602926420898	1806.34778546285
249	0.248	34.477572718222	1841.22201653741
250	0.249	31.4616065441473	1873.02558767359
251	0.25	28.7738026106087	1901.97727375597
252	0.251	25.9297311222504	1928.1630221274
253	0.252	23.0231526855798	1951.47344553632
254	0.253	19.9446799481615	1971.79134335819
255	0.254	16.0848691207389	1988.64009939764
256	0.255	11.8812696726277	2001.45715029932
257	0.256	6.59942379201758	2009.53147853664
258	0.257	0.520613324604102	2011.92547859996
259	0.258	-6.27702785276827	2007.88125284087
260	0.259	-14.2310489988865	1996.46119592005
261	0.26	-22.5757388562711	1976.89178349747
262	0.261	-31.7955270775777	1948.54013203554
263	0.262	-41.1715828689547	1910.89055856728
264	0.263	-50.7195331901774	1863.77898204271
265	0.264	-60.5175120683571	1806.99444091845
266	0.265	-69.7841816583799	1740.67757556008
267	0.266	-78.8945843613942	1665.17217405519
268	0.267	-87.6455723684104	1580.73607719529
269	0.268	-95.521462418783	1487.98654130669
270	0.269	-103.069191245615	1387.52519597949
271	0.27	-109.788702175227	1279.93023077407
272	0.271	-115.992530436916	1165.873595973
273	0.272	-121.586915261039	1045.91785462902
274	0.273	-126.38433517201	920.766210917501
275	0.274	-130.728579048874	791.043735312059
276	0.275	-134.150843417569	657.438005583837
277	0.276	-136.744888742404	520.824121008851
278	0.277	-138.338820289027	382.116247998136
279	0.278	-138.448207750428	242.556715483409
280	0.279	-137.198065352191	103.5675604371
281	0.28	-134.119589860432	-33.2572856642115
282	0.281	-128.962753248639	-165.964475713747
283	0.282	-121.649422357687	-292.436582011909
284	0.283	-111.882689466933	-410.368656419218
285	0.284	-99.9282108171574	-517.440125056263
286	0.285	-85.6609732212267	-611.400735570455
287	0.286	-69.2059914616743	-690.000236406905
288	0.287	-51.2977233179822	-751.418112291733
289	0.288	-32.1393157892302	-794.302650340339
290	0.289	-12.6058659233765	-817.841259691642
291	0.29	6.94321256874485	-821.838604863957
292	0.291	25.6953296311004	-806.685352259034
293	0.292	42.7285068523967	-773.639452512285
294	0.293	57.8552227183716	-724.513606221901
295	0.294	70.137869577961	-661.683078568734
296	0.295	79.2326562569183	-588.163834146294
297	0.296	85.202087879251	-507.112480573209
298	0.297	87.561732590102	-421.896588833533
299	0.298	86.8429004097472	-335.860290828608
300	0.299	82.9987111715869	-252.10550353294
301	0.3	76.6542371363557	-173.445047873969
302	0.301	68.6376987793461	-101.965098411118
303	0.302	59.0741111848933	-39.2752119239976
304	0.303	49.1511098343186	13.6713800906086
305	0.304	39.4000048738849	56.7809189497107
306	0.305	30.164584864972	90.3971953241394
307	0.306	22.382455303632	115.504696913442
308	0.307	16.1317494131153	133.595780776816
309	0.308	11.6937485121957	146.342511244471
310	0.309	9.19346640831573	155.620100209727
311	0.31	8.55276912947572	163.327199483623
312	0.311	9.64664253486516	171.260886820794
313	0.312	11.8812696726277	180.858824429541
314	0.313	14.9909956392074	193.128938590459
315	0.314	18.8508064158119	208.883821122969
316	0.315	22.5856032534158	228.436007462583
317	0.316	26.6173088340879	251.871445011335
318	0.317	59.9179570653917	293.973059466075
319	0.318	30.3208525358096	337.926445771676
320	0.319	33.8681287647287	368.854917926945
321	0.32	34.9620025316672	402.103965080144
322	0.321	35.6652071063418	436.251551404148
323	0.322	35.8996086330274	470.867940778833
324	0.323	35.7902212537954	505.546837227245
325	0.324	36.1340101606151	540.342934439451
326	0.325	36.4465455321408	575.467193790829
327	0.326	37.3528981187325	611.200897121266
328	0.327	38.8999482553443	648.161301813305
329	0.328	40.9626818347645	686.926598363359
330	0.329	43.7129933909953	728.098417481239
331	0.33	47.0102420870912	772.294016725283
332	0.331	50.6825335332156	819.974386040436
333	0.332	54.3548252481743	871.327046936132
334	0.333	57.9021030434098	926.289492586924
335	0.334	61.1055920350455	984.627321631152
336	0.335	63.590249508492	1045.80922390792
337	0.336	65.2623146804049	1109.06948750737
338	0.337	66.0124000123618	1173.54082635875
339	0.338	65.8405054559535	1238.30126059791
340	0.339	64.6997506900834	1302.40537017593
341	0.34	62.6526428982512	1364.9155484751
342	0.341	59.7773160842181	1424.96450947133
343	0.342	56.4644397637671	1481.91936890033
344	0.343	52.6983872490939	1535.33476391176
345	0.344	48.7135602145299	1584.87471914857
346	0.345	44.8850011981573	1630.50798135991
347	0.346	41.087695993482	1672.32831146073
348	0.347	37.6654334966035	1710.53885771078
349	0.348	34.477572718222	1745.44434232319
350	0.349	31.4616065441473	1777.24791345937
351	0.35	28.7894293773522	1806.20741292512
352	0.351	25.8828508239587	1832.37753453078
353	0.352	23.0075259201015	1855.65670440781
354	0.353	19.8977996536103	1875.94334869967
355	0.354	16.0692423566191	1892.76085120978
356	0.355	11.7875090923647	1905.52320843927
357	0.356	6.58379702946569	1913.54284300519
358	0.357	0.458106277724173	1915.89777616378
359	0.358	-6.30828137468378	1911.8066701203
360	0.359	-14.168541957747	1900.40223995909
361	0.36	-22.622619135745	1880.84064091734
362	0.361	-31.7642735583348	1852.4811760753
363	0.362	-41.2497166676489	1814.80816246731
364	0.363	-50.7195331901774	1767.6575190434
365	0.364	-60.5643923513946	1710.84953777761
366	0.365	-69.8310619447263	1644.48579213455
367	0.366	-78.9883449424836	1568.91007019595
368	0.367	-87.6455723684104	1484.4270930455
369	0.368	-95.599596253065	1391.63849023976
370	0.369	-103.209832164104	1291.06775753618
371	0.37	-109.835582486845	1183.37903171571
372	0.371	-116.055037526439	1069.26770321406
373	0.372	-121.649422357687	949.249454777001
374	0.373	-126.431215499348	824.043117353484
375	0.374	-130.775459380834	694.273761418394
376	0.375	-134.150843417569	560.644591524192
377	0.376	-136.666754844677	424.069773898069
378	0.377	-138.323193508851	285.408781226306
379	0.378	-138.401327409791	145.880502271985
380	0.379	-137.151185013012	6.93822756558418
381	0.38	-134.010202410638	-129.808484641241
382	0.381	-128.868992588677	-262.414100635898
383	0.382	-121.602542035193	-388.815886442833
384	0.383	-111.742048526882	-506.65420021887
385	0.384	-99.8500769776812	-613.616281466152
386	0.385	-85.5515858681048	-707.483131384045
387	0.386	-69.1278576515296	-785.988871638861
388	0.387	-51.2664697975239	-847.352053858388
389	0.388	-32.0143017122694	-890.158458108284
390	0.389	-12.4964786005344	-913.579866759686
391	0.39	7.05259990703026	-917.467824601438
392	0.391	25.8047169935412	-902.205184646152
393	0.392	42.7910139336902	-869.073337677536
394	0.393	57.9177298184331	-819.884984296474
395	0.394	70.3097641521502	-756.937255806182
396	0.395	79.3264169555346	-683.285183747339
397	0.396	85.3114753789152	-602.132256075114
398	0.397	87.6086129502046	-516.838230405554
399	0.398	86.8116468370234	-430.794119006939
400	0.399	82.9987111715869	-347.054958497634
401	0.4	76.622983572331	-268.410129620675
402	0.401	68.5283113274209	-197.000500665798
403	0.402	58.9647237570862	-134.420001618545
404	0.403	49.0417224290209	-81.5827970204908
405	0.404	39.3062442575809	-38.5748321721896
406	0.405	30.0551974956045	-5.06012979059665
407	0.406	22.257441180959	19.9301710526854
408	0.407	16.0692423566191	37.9274943264747
409	0.408	11.6156146954598	50.6039043575145
410	0.409	9.20909317126565	59.8502397958775
411	0.41	8.53714236662829	67.5573390698248
412	0.411	9.70914958696652	75.5144665516225
413	0.412	11.9437767261886	85.1749112132003
414	0.413	15.0378759309899	97.4997190467898
415	0.414	18.9445670037148	113.324922019143
416	0.415	22.6481103149977	132.955242183499
417	0.416	26.2735199773341	156.250038834665
418	0.417	38.102983028388	187.272271842527
419	0.418	30.9615499901069	220.638519856774
420	0.419	33.8681287647287	251.887340739192
421	0.42	34.9620025316672	285.136387892391
422	0.421	35.6652071063418	319.283974216396
423	0.422	35.8683550960839	353.884736822609
424	0.423	35.758967716908	388.532379734105
425	0.424	36.0871298550253	423.289410025072
426	0.425	36.4152919949156	458.374602455043
427	0.426	37.337271349882	494.084865632442
428	0.427	38.9468285631501	531.060897093958
429	0.428	40.9314282951282	569.834007028097
430	0.429	43.7911272440208	611.029266302672
431	0.43	47.0571224017798	655.287372630573
432	0.431	50.6981603058928	702.998995489409
433	0.432	54.4017055697287	754.38290993222
434	0.433	57.9021030434098	809.36879574379
435	0.434	61.1055920350455	867.706624788018
436	0.435	63.5746227314894	928.880713676286
437	0.436	65.2935682356396	992.14879066485
438	0.437	66.0592803460485	1056.65919646069
439	0.438	65.762371566907	1121.40400392217
440	0.439	64.637243580503	1185.43779300088
441	0.44	62.5588822383319	1247.8698374153
442	0.441	59.7148089816147	1307.84066453027
443	0.442	56.4019326656564	1364.73301685891
444	0.443	52.6046266093217	1418.07027800139
445	0.444	48.6823066704021	1467.54772614626
446	0.445	44.8850011981573	1513.16536158554
447	0.446	41.1658298428205	1555.02475861103
448	0.447	37.6810602655402	1593.28218517021
449	0.448	34.477572718222	1628.19548316709
450	0.449	31.5397403810624	1660.03812122173
451	0.45	28.8050561440994	1689.04450098931
452	0.451	26.0078649528051	1715.28494304276
453	0.452	23.0856597475258	1738.66568689793
454	0.453	19.960306713018	1759.0226516332
455	0.454	16.0848691207389	1775.87922105508
456	0.455	11.8187626191086	1788.66501843
457	0.456	6.55254350436881	1796.68465299674
458	0.457	0.442479516009072	1799.01614601193
459	0.458	-6.3864151794453	1794.87815968522
460	0.459	-14.2154222386033	1783.41122248119
461	0.46	-22.606992375921	1763.83399667893
462	0.461	-31.7955270775777	1735.46671845718
463	0.462	-41.1872096286926	1697.80933160905
464	0.463	-50.7507867105631	1650.67431494442
465	0.464	-60.4550050243293	1593.90540058197
466	0.465	-69.8310619447263	1527.59634860244
467	0.466	-78.8945843613942	1452.06750695438
468	0.467	-87.6143188381428	1367.64703685962
469	0.468	-95.5839694862014	1274.88187420244
470	0.469	-103.069191245615	1174.38927534154
471	0.47	-109.788702175227	1066.79431013612
472	0.471	-116.00815720929	952.729861948858
473	0.472	-121.649422357687	832.73505367037
474	0.473	-126.415588723563	707.536529634746
475	0.474	-130.806712935503	577.759360310213
476	0.475	-134.135216638998	444.122377027963
477	0.476	-136.776142301537	307.500679062696
478	0.477	-138.401327409791	168.745925712032
479	0.478	-138.432580970209	29.1629530270328
480	0.479	-137.182438572458	-109.810575239301
481	0.48	-134.072709524771	-246.604167782915
482	0.481	-128.884619365324	-379.248850722962
483	0.482	-121.57128848689	-505.642823144069
484	0.483	-111.82018238242	-623.504577073723
485	0.484	-99.8031966740421	-730.482285096954
486	0.485	-85.6140929270133	-824.356948392481
487	0.486	-69.1434844135544	-902.901755557765
488	0.487	-51.2977233179822	-964.288377918533
489	0.488	-32.0924355103704	-1007.14947582771
490	0.489	-12.4808518401236	-1030.60213799796
491	0.49	6.92758580614197	-1034.54478950995
492	0.491	25.7109563971531	-1019.3915369033
493	0.492	42.7441336227134	-986.330010388365
494	0.493	57.7927156183947	-937.22760426281
495	0.494	70.1691231368505	-874.412703380187
496	0.495	79.2326562569183	-800.877832178303
497	0.496	85.2177146648967	-719.818665212395
498	0.497	87.5461058034151	-634.602773473239
499	0.498	86.76476647799	-548.613355827536
500	0.499	83.0299647409649	-464.882008713058
501	0.5	76.6386103543402	-386.213739660405
502	0.501	68.6064452216236	-314.757230367423
503	0.502	59.0741111848933	-252.082970659164
504	0.503	49.057349201192	-199.183258961122
505	0.504	39.3843781044904	-156.12841380328
506	0.505	30.0864510296911	-122.559017731189
507	0.506	22.2886947116079	-97.5374633555392
508	0.507	16.1004958848615	-79.5088865523042
509	0.508	11.5687344054495	-66.8402899021484
510	0.509	9.22471993421802	-57.6095812273144
511	0.51	8.49026207810051	-49.9181087161548
512	0.511	9.64664253486516	-42.0156749046717
513	0.512	11.896896436014	-42.0156749046717
514	0.513	15.0066224031321	-29.8804944119844
515	0.514	18.9133134744018	-14.2371054001031
516	0.515	22.6481103149977	5.2270275677109
517	0.516	26.3047735096971	28.3868905531726
518	0.517	53.5266062415651	66.986001501918
519	0.518	35.1964040556647	110.030927723647
520	0.519	33.9775161405593	143.301308894873
521	0.52	34.9620025316672	176.454489304101
522	0.521	35.6027000327109	210.420261659404
523	0.522	35.9152354015051	244.862650449627
524	0.523	35.7745944853496	279.390986466168
525	0.524	36.0558763179855	313.98964294095
526	0.525	36.3684116891081	348.885208017611
527	0.526	37.337271349882	384.42147061022
528	0.527	38.9155750246087	421.23131487058
529	0.528	40.884547985706	459.814797448852
530	0.529	43.8223807852622	500.85168290745
531	0.53	47.0414956302122	544.967042188302
532	0.531	50.6825335332156	592.51247784313
533	0.532	54.4485858913288	643.761458628516
534	0.533	57.9489833684956	698.643664331543
535	0.534	61.1993526918857	756.901253434848
536	0.535	63.6215030625138	817.995102385162
537	0.536	65.3560753461774	881.167312662622
538	0.537	66.1217874577115	945.589665137681
539	0.538	65.762371566907	1010.2151657231
540	0.539	64.7153774674927	1074.13746131342
541	0.54	62.6213893449225	1136.48926579274
542	0.541	59.7148089816147	1196.34078602912
543	0.542	56.4644397637671	1253.11383147493
544	0.543	52.5733730627707	1306.31615896131
545	0.544	48.6979334424636	1355.63523328704
546	0.545	44.8224941144686	1401.07886813862
547	0.546	41.0408156839306	1442.69394411094
548	0.547	37.7123138034259	1480.75392992773
549	0.548	34.4619459501094	1515.52448087761
550	0.549	31.5709939158547	1547.22437188371
551	0.55	28.7738026106087	1576.08019122005
552	0.551	25.960984654462	1602.1310059257
553	0.552	23.1169132785184	1625.35337596531
554	0.553	19.9134264184576	1645.55196688691
555	0.554	16.1317494131153	1662.25797587581
556	0.555	11.8187626191086	1674.91665296504
557	0.556	6.5681702669161	1682.79354048116
558	0.557	0.489359801160231	1685.00572658832
559	0.558	-6.3864151794453	1680.74061997229
560	0.559	-14.2466757591687	1669.10749557609
561	0.56	-22.7163796946763	1649.30938892229
562	0.561	-31.8736608756835	1620.69778971022
563	0.562	-41.2653434273892	1582.8117086318
564	0.563	-50.8445472717449	1535.44018435535
565	0.564	-60.5487655903805	1478.4269489974
566	0.565	-69.8623154689679	1411.90482954084
567	0.566	-79.0352252330643	1336.13948026294
568	0.567	-87.6924526638356	1251.4590623876
569	0.568	-95.6152230199323	1158.48864561883
570	0.569	-103.14732508918	1057.79079263739
571	0.57	-109.819955716302	949.990573307762
572	0.571	-116.117544616039	835.705244214706
573	0.572	-121.618168809352	715.520808575125
574	0.573	-126.462469050934	590.163910718096
575	0.574	-130.837966490194	460.197114020647
576	0.575	-134.182096974729	326.370503361299
577	0.576	-136.776142301537	189.57480479628
578	0.577	-138.416954189997	50.6616776236276
579	0.578	-138.463834530653	-89.0952956635829
580	0.579	-137.229318911673	-228.258451311632
581	0.58	-134.057082746229	-365.218231067469
582	0.581	-128.915872918633	-498.021287826785
583	0.582	-121.540034938607	-624.565820682291
584	0.583	-111.757675297981	-742.53125472747
585	0.584	-99.7719431383019	-849.612642872497
586	0.585	-85.5047055739554	-943.567546155512
587	0.586	-69.0809773654679	-1022.17696655211
588	0.587	-51.1414557157324	-1083.60476201959
589	0.588	-31.9517946737875	-1126.46796614124
590	0.589	-12.3870912776336	-1149.95398804384
591	0.59	7.1463604827945	-1153.89093236814
592	0.591	25.7734634613981	-1138.74759932293
593	0.592	42.8847745557627	-1105.73505924124
594	0.593	57.9333565934617	-1056.64257259351
595	0.594	70.2472570341792	-993.868844706575
596	0.595	79.3420437386602	-920.390773247041
597	0.596	85.2177146648967	-839.427472972149
598	0.597	87.561732590102	-754.354328271535
599	0.598	86.7178861190192	-668.53109784386
600	0.599	82.9362040329119	-585.02063169478
601	0.6	76.5917300083319	-506.573243601044
602	0.601	68.5126845485981	-435.337615249465
603	0.602	58.9959773078614	-372.899863248121
604	0.603	48.9948421125364	-320.221032464808
605	0.604	39.3062442575809	-277.387068206635
606	0.605	30.0395707285666	-244.030739640447
607	0.606	22.257441180959	-219.198812612569
608	0.607	16.0536155925022	-201.359863152725
609	0.608	11.5999879321204	-188.849640317299
610	0.609	9.20909317126565	-179.761678692492
611	0.61	8.50588884094068	-172.220766613274
612	0.611	9.66226929788677	-164.453266470746
613	0.612	11.9125231994029	-154.982449148987
614	0.613	14.9753688752855	-142.855082038529
615	0.614	18.8508064158119	-127.258573319866
616	0.615	22.5699764880284	-107.864760794831
617	0.616	25.8828508239587	-84.9549260657233
618	0.617	58.7146953516536	-43.9727319048028
619	0.618	30.0239439615325	-0.919991175095516
620	0.619	33.9462626045882	29.7485331810791
621	0.62	34.9776292999059	62.8939002064405
622	0.621	35.6339535695184	96.883112714267
623	0.622	35.8683550960839	131.317688120182
624	0.623	35.7902212537954	165.830397368236
625	0.624	36.0871298550253	200.452493995761
626	0.625	36.4621723007594	235.410566146768
627	0.626	37.2747642745209	270.962455507522
628	0.627	38.9155750246087	307.741046230201
629	0.628	40.9001747555091	346.332342193374
630	0.629	43.8380075558897	387.384854422188
631	0.63	47.0727491733519	431.523653859923
632	0.631	50.6981603058928	479.09252967266
633	0.632	54.4798394390877	530.364950618264
634	0.633	57.9021030434098	585.239342932627
635	0.634	61.1680991395838	643.457865097238
636	0.635	63.6527566165582	704.551714048423
637	0.636	65.2779414580194	767.700484158826
638	0.637	98.3285903330267	848.187171127464
639	0.638	63.3089675233052	927.689371128744
640	0.639	64.7310042449077	990.392778085965
641	0.64	62.6213893449225	1052.75239595399
642	0.641	59.7148089816147	1112.60391619038
643	0.642	56.4800665383078	1169.38477502345
644	0.643	52.6202533826046	1222.61835605702
645	0.644	48.6979334424636	1271.96087054267
646	0.645	44.838120885384	1317.41231877971
647	0.646	40.9783086045891	1359.00395459781
648	0.647	37.649806727671	1397.00143333705
649	0.648	34.4306924138958	1431.72510398095
650	0.649	31.4616065441473	1463.35467453309
651	0.65	28.7894293773522	1492.16361356695
652	0.651	25.8984775900525	1518.19098812377
653	0.652	23.0700329820344	1541.35866448293
654	0.653	19.8665461239249	1561.51037510902
655	0.654	16.0223620642769	1578.13825027624
656	0.655	11.8343893824844	1590.75004707273
657	0.656	6.55254350436881	1598.62693458927
658	0.657	0.520613324604102	1600.84693407687
659	0.658	-6.3864151794453	1596.59745422257
660	0.659	-14.2466757591687	1584.96432982637
661	0.66	-22.685126175035	1565.18184993239
662	0.661	-31.8736608756835	1536.58587748014
663	0.662	-41.2965969468711	1498.68416964198
664	0.663	-50.8601740319455	1451.28920522568
665	0.664	-60.5956458734276	1394.24471634611
666	0.665	-69.9248225174767	1327.66790322377
667	0.666	-79.0664787601314	1251.85567365808
668	0.667	-87.6924526638356	1167.15962901921
669	0.668	-95.662103320556	1074.16577210013
670	0.669	-103.131698320458	973.45229235274
671	0.67	-109.866836027947	865.636446251652
672	0.671	-116.023783981668	751.374557319959
673	0.672	-121.633795583517	631.229188610481
674	0.673	-126.38433517201	505.903544305832
675	0.674	-130.728579048874	376.030508268504
676	0.675	-134.135216638998	242.282031497683
677	0.676	-136.69800840375	105.548840049423
678	0.677	-138.307566728681	-33.2705264436784
679	0.678	-138.370073849396	-172.925925659603
680	0.679	-137.088677894192	-311.971880458282
681	0.68	-133.947695296599	-448.806645980564
682	0.681	-128.790858705529	-581.492501908513
683	0.682	-121.446274293881	-707.927647335104
684	0.683	-111.726421755789	-825.830574286825
685	0.684	-99.6469289954962	-932.833828589353
686	0.685	-85.4421985151321	-1026.69497127155
687	0.686	-69.0809773654679	-1105.27313813874
688	0.687	-51.0945754350779	-1166.6774934659
689	0.688	-31.9517946737875	-1209.51725744722
690	0.689	-12.3089574755254	-1232.96421244876
691	0.69	7.16198724543006	-1236.85427649069
692	0.691	25.8828508239587	-1221.64843638288
693	0.692	42.9629084076112	-1188.54213569398
694	0.693	57.9489833684956	-1139.40276873282
695	0.694	70.2785105931527	-1076.60560067888
696	0.695	79.3420437386602	-1003.11190243986
697	0.696	85.2333414505493	-922.140788772137
698	0.697	87.5304790167353	-837.075457465381
699	0.698	86.6866325464068	-751.283480610696
700	0.699	82.8268165404902	-667.843334994133
701	0.7	76.46671575259	-589.513147774479
702	0.701	68.3876703182279	-518.402533665955
703	0.702	58.9490969817065	-456.050728942874
704	0.703	48.8698279354541	-403.457845411179
705	0.704	39.1812301027444	-360.748895318966
706	0.705	29.9926904274752	-327.478513980742
707	0.706	22.226187650323	-302.685653868728
708	0.707	16.0536155925022	-284.862331174201
709	0.708	11.5999879321204	-272.352108338776
710	0.709	9.22471993421802	-263.256333332492
711	0.71	8.55276912947572	-255.684167727531
712	0.711	9.69352282393745	-247.87760067771
713	0.712	11.9594034895854	-238.367716447835
714	0.713	15.053502694923	-226.177842282466
715	0.714	18.97582053304	-210.47975959537
716	0.715	22.6481103149977	-190.984373098237
717	0.716	48.2135035107623	-156.870145112243
718	0.717	61.183725915732	-103.488109325881
719	0.718	32.2741984526702	-58.075726068566
720	0.719	33.8837555326928	-26.3133280027702
721	0.72	34.9307489952015	6.77734533429121
722	0.721	35.6652071063418	40.7587444581771
723	0.722	35.8371015591565	75.1933198640405
724	0.723	35.7902212537954	109.690402343631
725	0.724	36.1340101606151	144.33593912395
726	0.725	36.3840384577065	179.278384506225
727	0.726	37.337271349882	214.822460483134
728	0.727	38.9780821017082	251.663558282043
729	0.728	40.9783086045891	290.325174708306
730	0.729	43.8380075558897	331.41675386166
731	0.73	47.0727491733519	375.555553299395
732	0.731	50.7606673966504	423.15568265751
733	0.732	54.4642126652057	474.451543761553
734	0.733	57.9021030434098	529.318122688975
735	0.734	61.1993526918857	587.552271629737
736	0.735	63.6058762855001	648.638307191544
737	0.736	66.1374142356417	712.193373525229
738	0.737	139.192679529946	813.541841481137
739	0.738	66.5437104638522	915.09345755115
740	0.739	64.7153774674927	979.406422589937
741	0.74	62.5745090149712	1041.73478690428
742	0.741	59.7148089816147	1101.56286697569
743	0.742	56.4488129892316	1158.32809903423
744	0.743	52.5577462895028	1211.51479974671
745	0.744	48.7760673028425	1260.865127616
746	0.745	44.8068673435578	1306.34001601231
747	0.746	41.087695993482	1347.97071875394
748	0.747	37.696687034481	1386.04633134104
749	0.748	34.477572718222	1420.81688229051
750	0.749	31.5084868462851	1452.49333314587
751	0.75	28.7581758438687	1481.31008556407
752	0.751	25.9297311222504	1507.33746012024
753	0.752	23.1169132785184	1530.54420339374
754	0.753	19.8040390645911	1550.68810063841
755	0.754	16.0848691207389	1567.31597580419
756	0.755	11.7718823289967	1579.92777260217
757	0.756	6.53691674182384	1587.76559321069
758	0.757	0.442479516009072	1589.93871241272
759	0.758	-6.41766870133902	1585.63453889317
760	0.759	-14.2154222386033	1574.00141449632
761	0.76	-22.6538726553912	1554.25018812243
762	0.761	-31.8736608756835	1525.66984243001
763	0.762	-41.202836388431	1487.81501487107
764	0.763	-50.8132937513469	1440.49037087429
765	0.764	-60.5175120683571	1383.50838903755
766	0.765	-69.846688706846	1317.00970972307
767	0.766	-79.0352252330643	1241.25217382623
768	0.767	-87.661199133549	1156.58738271603
769	0.768	-95.6777300874378	1063.60133917866
770	0.769	-103.131698320458	962.880046047822
771	0.77	-109.913716339631	855.040759790891
772	0.771	-116.117544616039	740.70855038617
773	0.772	-121.680675906041	620.492861198244
774	0.773	-126.493722602541	495.089083017067
775	0.774	-130.759832603509	365.145726487157
776	0.775	-134.182096974729	231.358182771152
777	0.776	-136.744888742404	94.5781109856994
778	0.777	-138.291939948518	-44.2568822866473
779	0.778	-138.463834530653	-183.951348453118
780	0.779	-137.151185013012	-323.075437151836
781	0.78	-134.010202410638	-459.972709790547
782	0.781	-128.837739035401	-592.713259440452
783	0.782	-121.477527842103	-719.18747180609
784	0.783	-111.710794984699	-837.098212146377
785	0.784	-99.7250628347208	-944.132719982972
786	0.785	-85.4421985151321	-1038.03292958478
787	0.786	-69.0184703174147	-1116.57984292794
788	0.787	-51.110202195295	-1177.96075811118
789	0.788	-31.998674952649	-1220.83177561204
790	0.789	-12.3558377567939	-1244.32561089365
791	0.79	7.13073372016128	-1248.25474183885
792	0.791	25.8828508239587	-1233.06452849368
793	0.792	42.9472816372327	-1199.96604118997
794	0.793	57.9177298184331	-1150.85011438902
795	0.794	70.262883813663	-1088.07638649986
796	0.795	79.3264169555346	-1014.59831504214
797	0.796	85.2958485932283	-933.603761194649
798	0.797	87.5929861634967	-848.475922743172
799	0.798	86.76476647799	-762.613625349315
800	0.799	82.9987111715869	-679.048465451412
801	0.8	76.52922288041	-600.601077352299
802	0.801	68.5126845485981	-529.396702564681
803	0.802	58.9959773078614	-466.958950563337
804	0.803	49.0104688846931	-414.272306393945
805	0.804	39.2906174882116	-371.438342134379
806	0.805	29.9926904274752	-338.113267103421
807	0.806	22.2418144156394	-313.312593608749
808	0.807	16.0536155925022	-295.481457531564
809	0.808	11.5843611687836	-282.979048077807
810	0.809	9.19346640831573	-273.906713216143
811	0.81	8.52151560378328	-266.365801136979
812	0.811	9.72477634999808	-258.559234086974
813	0.812	11.9281499627944	-249.049349857464
814	0.813	15.0378759309899	-236.882915837457
815	0.814	18.9601937683759	-221.20045991466
816	0.815	22.8043779691794	-201.634752972768
817	0.816	53.2922046384937	-164.903040595817
818	0.817	44.1036626572408	-117.521685874836
819	0.818	31.9772898695256	-80.7977885383383
820	0.819	33.9775161405593	-49.1369644601816
821	0.82	34.9620025316672	-15.983784050954
822	0.821	35.6183268011126	17.9898016885502
823	0.822	35.8058480222451	52.3853101733433
824	0.823	35.7433409484703	86.8433257318152
825	0.824	36.0558763179855	121.426355438157
826	0.825	36.3684116891081	156.321920514818
827	0.826	37.3060178121932	191.842556338583
828	0.827	38.9155750246087	228.636773830099
829	0.828	40.9470550649442	267.251509947989
830	0.829	43.8067540146393	308.311835560895
831	0.83	47.0571224017798	352.427194842219
832	0.831	50.6981603058928	399.98825726917
833	0.832	54.4954662129747	451.268491601718
834	0.833	57.9177298184331	506.158510690536
835	0.834	61.1993526918857	564.40047301881
836	0.835	63.6840101706251	625.525575523179
837	0.836	66.1842945694668	689.14314896634
838	0.837	115.908736082083	778.873085365229
839	0.838	65.7936251225084	868.407687040639
840	0.839	64.7310042449077	932.353422797461
841	0.84	62.5588822383319	994.681787112195
842	0.841	59.6679286547187	1054.47861363183
843	0.842	56.3863058911418	1111.18915197788
844	0.843	52.4639856499994	1164.29771882156
845	0.844	48.6197995822036	1213.52303251078
846	0.845	44.7912405726514	1258.91197366132
847	0.846	40.993935374418	1300.48798270797
848	0.847	37.6654334966035	1338.5010882166
849	0.848	34.3994388776979	1373.21694547686
850	0.849	31.5553671484567	1404.87776956305
851	0.85	28.6956687769448	1433.68670859887
852	0.851	25.9453578883544	1459.69064300463
853	0.852	23.1012865130205	1482.89738627843
854	0.853	19.8509193590869	1503.0569102876
855	0.854	16.116122648987	1519.72385236475
856	0.855	11.7562555656313	1532.34346254518
857	0.856	6.53691674182384	1540.17346977202
858	0.857	0.504986562881189	1542.37784249748
859	0.858	-6.46454898416797	1538.08148235995
860	0.859	-14.2466757591687	1526.4092910614
861	0.86	-22.7788867339517	1506.57993088796
862	0.861	-31.9205411545461	1477.91363801682
863	0.862	-41.2965969468711	1439.98849003923
864	0.863	-50.9070543125534	1392.57008548263
865	0.864	-60.5956458734276	1335.50215646275
866	0.865	-69.9560760417439	1268.90971657828
867	0.866	-79.0664787601314	1193.08186025046
868	0.867	-87.661199133549	1108.40144237673
869	0.868	-95.6933568543232	1015.40758545591
870	0.869	-103.131698320458	914.678478941633
871	0.87	-109.851209257394	806.870446225821
872	0.871	-116.101917843632	692.577303748422
873	0.872	-121.57128848689	572.424121656276
874	0.873	-126.462469050934	447.090663960478
875	0.874	-130.791086158166	317.147307429043
876	0.875	-134.150843417569	183.35976371429
877	0.876	-136.776142301537	46.5796919278512
878	0.877	-138.291939948518	-92.2709281240618
879	0.878	-138.448207750428	-231.95758090042
880	0.879	-137.151185013012	-371.073856209026
881	0.88	-133.9633220751	-507.947688679968
882	0.881	-128.853365812036	-640.672611550421
883	0.882	-121.446274293881	-767.139010530266
884	0.883	-111.710794984699	-885.034124096442
885	0.884	-99.6781825311745	-992.045191781265
886	0.885	-85.3640646916712	-1085.88289431957
887	0.886	-69.0184703174147	-1164.390740751
888	0.887	-51.0320683942198	-1225.73258903371
889	0.888	-31.9674214334081	-1268.5489128744
890	0.889	-12.3558377567939	-1292.02712139639
891	0.89	7.1932407707082	-1295.92499881632
892	0.891	25.8828508239587	-1280.70353194587
893	0.892	42.9004013261236	-1247.62848479772
894	0.893	57.9646101435347	-1198.51255798977
895	0.894	70.262883813663	-1135.71538993806
896	0.895	79.3889240880761	-1062.20606491408
897	0.896	85.3114753789152	-981.172444107466
898	0.897	87.5773593767959	-896.044605656497
899	0.898	86.7335129053358	-810.205748442316
900	0.899	83.045591525664	-726.632775153702
901	0.9	76.5917300083319	-648.13069331359
902	0.901	68.5283113274209	-576.887251572599
903	0.902	59.0741111848933	-514.402619243328
904	0.903	49.0260956568546	-461.66909474934
905	0.904	39.353124565714	-418.796063564941
906	0.905	30.0395707285666	-385.416294844687
907	0.906	22.2730679462819	-360.576554434148
908	0.907	16.0848691207389	-342.714164827523
909	0.908	11.5843611687836	-330.196128609648
910	0.909	9.19346640831573	-321.123793747984
911	0.91	8.49026207810051	-313.598508431661
912	0.911	9.69352282393745	-305.823194907528
913	0.912	11.9750302529848	-296.305497295953
914	0.913	15.0378759309899	-284.115623130851
915	0.914	18.9601937683759	-268.433167208054
916	0.915	23.0231526855798	-248.758072907962
917	0.916	54.1516771886335	-211.487236897741
918	0.917	47.932221617021	-161.761866421799
919	0.918	32.0085434045291	-123.10806283791
920	0.919	33.9931429085507	-91.423798608256
921	0.92	34.9620025316672	-58.2628048150328
922	0.921	35.6808338747595	-24.2579655387052
923	0.922	35.8839818645536	10.2078634040657
924	0.923	35.758967716908	44.7127592679108
925	0.924	36.0871298550253	79.3192291269917
926	0.925	36.3215313833369	114.206980819287
927	0.926	37.2591375056908	149.680736336915
928	0.927	38.8999482553443	186.443700290547
929	0.928	40.8376676763225	224.995929329495
930	0.929	43.7442469321921	265.970307706866
931	0.93	47.0102420870912	310.030973289622
932	0.931	50.6825335332156	357.56078217289
933	0.932	54.5110929868669	408.841016506045
934	0.933	57.9177298184331	463.73884898181
935	0.934	61.2149794680449	521.988624698163
936	0.935	63.6527566165582	583.105913813579
937	0.936	65.3717021238262	646.301564256885
938	0.937	70.2785105931527	712.810091688489
939	0.938	65.8405054559535	779.553020786156
940	0.939	64.6997506900834	843.506569932289
941	0.94	62.6057625682665	905.842747634578
942	0.941	59.6679286547187	965.663014319185
943	0.942	56.4175594401763	1022.38917943975
944	0.943	52.5108659697287	1075.53681321781
945	0.944	48.6666798983453	1124.80900722496
946	0.945	44.7443602599596	1170.19794837723
947	0.946	40.9783086045891	1211.74270388262
948	0.947	37.6185531898182	1249.72455585294
949	0.948	34.3525585734305	1284.39353280768
950	0.949	31.4147262420433	1315.96059628853
951	0.95	28.7112955436704	1344.7070282545
952	0.951	25.8672240578684	1370.67970912838
953	0.952	23.0544062165463	1393.8239453387
954	0.953	19.8352925942519	1413.95221581722
955	0.954	16.0848691207389	1430.59571774783
956	0.955	11.7718823289967	1443.20751454581
957	0.956	6.52128997928116	1451.03752177306
958	0.957	0.520613324604102	1453.24189449812
959	0.958	-6.43329546228356	1448.96897450239
960	0.959	-14.2779292797297	1437.2967832045
961	0.96	-22.732006454496	1417.4752364105
962	0.961	-31.9361679141668	1388.82457029929
963	0.962	-41.3434772260975	1350.86816880227
964	0.963	-50.9695613533783	1303.39507058564
965	0.964	-60.673779678538	1246.2568211428
966	0.965	-70.0029563281607	1179.60187421257
967	0.966	-79.113359050752	1103.72713759622
968	0.967	-87.7393329592893	1018.98421266432
969	0.968	-95.7558639219013	925.920035296836
970	0.969	-103.209832164104	825.120608326947
971	0.97	-109.913716339631	717.242255148194
972	0.971	-116.133171388452	602.902232357267
973	0.972	-121.665049131861	482.686543170224
974	0.973	-126.509349378353	357.282764988232
975	0.974	-130.806712935503	227.308154904418
976	0.975	-134.197723753318	93.4893576331222
977	0.976	-136.744888742404	-43.2985275416248
978	0.977	-138.307566728681	-182.141334204053
979	0.978	-138.432580970209	-321.827986980384
980	0.979	-137.088677894192	-460.90519533947
981	0.98	-133.9633220751	-597.747774251002
982	0.981	-128.822112258772	-730.457070344823
983	0.982	-121.415020745681	-856.892215773935
984	0.983	-111.710794984699	-974.771702566011
985	0.984	-99.6313022276629	-1081.75933009908
986	0.985	-85.3171843976312	-1175.55015233861
987	0.986	-68.9559632693949	-1254.00330509901
988	0.987	-50.9539345931705	-1315.27483295718
989	0.988	-31.8424073564414	-1357.98958285887
990	0.989	-12.1526898712182	-1381.30371039958
991	0.99	7.28700134659886	-1385.05313358878
992	0.991	25.960984654462	-1369.74571951514
993	0.992	43.103549341217	-1336.53003144418
994	0.993	58.0271172437443	-1287.28127707859
995	0.994	70.3410177111718	-1224.41378852801
996	0.995	79.420177654386	-1150.84976977212
997	0.996	85.264595021875	-1069.82396236088
998	0.997	87.561732590102	-984.727377481773
999	0.998	86.7178861190192	-898.904147054098
1000	0.999	82.8580701097199	-815.432747866615
