No.	时间（s）	Dev1/ai0-1-测振（mm/s）	VH01-V1-Dev1/ai0一次积分（μm）
1	0	19.3664896506286	0
2	0.001	16.9443411517539	17.7587417665413
3	0.002	15.4754253221774	33.5719513688571
4	0.003	15.2722773902805	48.5491290904362
5	0.004	15.7723338388855	63.6747610703693
6	0.005	17.0381017374851	79.6833052239048
7	0.006	18.97582053304	97.2935927245174
8	0.007	21.1166873210224	116.943173016899
9	0.008	23.6794768386268	138.944581462073
10	0.009	26.3047735096971	163.540033001586
11	0.01	28.8988167446578	190.745154494113
12	0.011	31.3522191726237	220.473998818104
13	0.012	33.4774595668881	252.49216455321
14	0.013	35.5558197275297	286.612130565769
15	0.014	37.337271349882	322.662002469825
16	0.015	39.0718427174829	360.469885868858
17	0.016	40.8689212159072	400.043594200903
18	0.017	42.4472249874476	441.30499366793
19	0.018	44.181796510826	484.222830782417
20	0.019	45.9007413183014	528.867426062331
21	0.02	47.8072074425148	575.324726808089
22	0.021	49.8855681331114	623.774440961253
23	0.022	51.8545414975808	674.247822141949
24	0.023	53.9797826773835	726.768310594781
25	0.024	55.9018758837615	781.312466240704
26	0.025	57.6520746437554	837.692767869812
27	0.026	59.1053647357435	895.674813924912
28	0.027	60.0429712712468	954.852308293757
29	0.028	60.6367887537962	1014.79551467163
30	0.029	60.7618029616491	1075.0981368947
31	0.03	60.2461193565002	1135.20542441913
32	0.031	59.4022734698903	1194.63294719767
33	0.032	57.8708494933791	1252.87283504466
34	0.033	55.8862491094127	1309.3547107114
35	0.034	53.5266062415651	1363.66446475224
36	0.035	50.6981603058928	1415.38017439132
37	0.036	47.6978200400687	1464.18149092965
38	0.037	44.5568390095991	1509.91214681984
39	0.038	41.228336922369	1552.40806115117
40	0.039	37.7591941102853	1591.50515303285
41	0.04	34.0556499805553	1627.01590144362
42	0.041	30.3208525358096	1658.80747906715
43	0.042	26.4454144055016	1686.79393890316
44	0.043	22.1480538237891	1710.69399938315
45	0.044	17.8350667204561	1730.28888602062
46	0.045	13.0063966431814	1745.31294406779
47	0.046	7.84956480372474	1755.3442511566
48	0.047	2.25518388820659	1759.99995186791
49	0.048	-3.90176016839701	1758.77999009317
50	0.049	-10.4493729761692	1751.20774988623
51	0.05	-17.6064291958494	1736.78317516557
52	0.051	-25.2635415379558	1714.95151616402
53	0.052	-33.155055164439	1685.34554417817
54	0.053	-41.5466251027953	1647.59803040991
55	0.054	-49.9225684217	1601.46676001301
56	0.055	-58.5329134325805	1546.84234545122
57	0.056	-67.2213926999121	1483.56851875032
58	0.057	-75.6754711340149	1411.72341319871
59	0.058	-84.1451770554267	1331.41641546934
60	0.059	-92.3023485237631	1242.7959790451
61	0.06	-100.146985568207	1146.17463836446
62	0.061	-107.600954343852	1041.90399477378
63	0.062	-114.304839048696	930.554424442858
64	0.063	-120.664935594997	812.672863486361
65	0.064	-126.056172882008	688.915635613209
66	0.065	-130.572311276043	560.204719899534
67	0.066	-134.166470196146	427.438655528789
68	0.067	-136.41672637296	291.750383609586
69	0.068	-137.26057247118	154.515060552866
70	0.069	-136.41672637296	17.2797374961458
71	0.07	-133.728920398199	-118.189759524084
72	0.071	-129.212781676182	-250.057284195924
73	0.072	-122.462014621613	-376.291355979472
74	0.073	-113.851662666825	-494.84486825834
75	0.074	-103.194205395367	-603.764475924086
76	0.075	-90.6927916314171	-701.104648072128
77	0.076	-76.6912107329023	-785.193322888938
78	0.077	-61.2207163154359	-854.545960047756
79	0.078	-44.9845122610201	-908.045247970634
80	0.079	-28.3888934766918	-945.12862447414
81	0.08	-11.7620208599148	-965.600755277093
82	0.081	4.27103619673292	-969.742921243334
83	0.082	19.3039825916867	-958.352085483774
84	0.083	32.9774029971785	-932.608066323991
85	0.084	44.9787618238263	-894.026657548139
86	0.085	55.1049103985488	-844.381495071601
87	0.086	62.9808052095474	-785.735310902203
88	0.087	68.6064452216236	-720.338359321268
89	0.088	71.8411885726092	-650.511216058801
90	0.089	72.8256757309127	-578.57445754169
91	0.09	71.9193224731748	-506.598632074296
92	0.091	69.0283682528739	-436.521460345922
93	0.092	64.5591096936552	-370.124395007307
94	0.093	59.152245062059	-308.6653912641
95	0.094	52.8077746623883	-253.082055036526
96	0.095	46.1820232011443	-203.983829739409
97	0.096	39.5875261069483	-161.495728720013
98	0.097	33.2118045137385	-125.49273704432
99	0.098	27.6330486479828	-95.4669840981088
100	0.099	22.8356315000547	-70.6293176587399
101	0.1	19.2571022975123	-49.9796243946063
102	0.101	16.8974608589275	-32.2990164510363
103	0.102	15.4129182661584	-16.5405005231432
104	0.103	15.2410238623386	-1.61020309354452
105	0.104	15.7879606029511	13.5076155044505
106	0.105	17.0224749731893	29.5161596578708
107	0.106	19.0539543564059	47.1577006880185
108	0.107	21.1635676163029	66.8697880397231
109	0.108	23.6951036042462	88.9024500153478
110	0.109	26.2578932111578	113.4822747884
111	0.11	28.8675632111239	140.648329364891
112	0.111	31.3365924052782	170.353733538442
113	0.112	33.4774595668881	202.364085889875
114	0.113	35.5245661907622	236.468425134051
115	0.114	37.3685248875871	272.518297038575
116	0.115	39.0405891788746	310.326180437156
117	0.116	40.8689212159072	349.884261999897
118	0.117	42.4628517576852	391.153474852044
119	0.118	44.1974232815564	434.086938737015
120	0.119	45.9788751744973	478.778414330392
121	0.12	47.8228342143116	525.282595390146
122	0.121	49.9480752228608	573.771376474083
123	0.122	51.8701682706257	624.283824586176
124	0.123	53.9797826773835	676.812126425531
125	0.124	55.9643829812081	731.387535620177
126	0.125	57.5739407691404	787.760023860701
127	0.126	59.1053647357435	845.703002978493
128	0.127	60.1054783743042	904.911750898867
129	0.128	60.5899084259412	964.86277066434
130	0.129	60.7774297376552	1025.14976611149
131	0.13	60.2617461323269	1085.27268041183
132	0.131	59.3553931433172	1144.684576415
133	0.132	57.808342393381	1202.8697705487
134	0.133	55.8549955607307	1259.30476589111
135	0.134	53.5109794679918	1313.59107977082
136	0.135	50.7606673966504	1365.33022956849
137	0.136	47.7290735836013	1414.17842642397
138	0.137	44.5568390095991	1459.92470908592
139	0.138	41.2127101524754	1502.4128100323
140	0.139	37.7904476482121	1541.517715298
141	0.14	34.0556499805553	1577.04409047773
142	0.141	30.3052257687093	1608.82785471771
143	0.142	26.4297876392873	1636.79868778706
144	0.143	22.179307354393	1660.70656164925
145	0.144	17.8819470138107	1680.3405151987
146	0.145	13.0220234067584	1695.39582677434
147	0.146	7.86519156646652	1705.4427606263
148	0.147	2.30206417405531	1710.12971486191
149	0.148	-3.91738692960312	1708.92537984949
150	0.149	-10.4962532578885	1701.32188612109
151	0.15	-17.6220559559155	1686.86605787954
152	0.151	-25.2947950574217	1665.01095873822
153	0.152	-33.170681924057	1635.38154661283
154	0.153	-41.4841180638027	1597.65747298425
155	0.154	-49.9850754622717	1551.52620258657
156	0.155	-58.47040638933	1496.90178802612
157	0.156	-67.1901391763649	1433.67484160862
158	0.157	-75.7067246599776	1361.8297360558
159	0.158	-84.1295502909773	1281.51492494567
160	0.159	-92.3492288221398	1192.87886175446
161	0.16	-100.131358800249	1096.24189430862
162	0.161	-107.585327573935	991.986877486875
163	0.162	-114.304839048696	880.645120540909
164	0.163	-120.58680172581	762.802626519007
165	0.164	-126.056172882008	639.084465580448
166	0.165	-130.634818385107	510.34229631224
167	0.166	-134.182096974729	377.537164997672
168	0.167	-136.401099593529	241.848893078893
169	0.168	-137.198065352191	104.652636971384
170	0.169	-136.385472814104	-32.5358057464135
171	0.17	-133.682040062976	-167.966235819603
172	0.171	-129.150274569163	-299.779066770323
173	0.172	-122.462014621613	-425.98188500036
174	0.173	-113.804782351684	-544.511957121659
175	0.174	-103.100444783029	-653.361244323665
176	0.175	-90.5990310368488	-750.607655868254
177	0.176	-76.5974501540996	-834.602570098378
178	0.177	-61.1738360321955	-903.884886826175
179	0.178	-44.8907517017619	-957.313854327804
180	0.179	-28.3420131977105	-994.32691041219
181	0.18	-11.6838870575615	-1014.73653417448
182	0.181	4.23978267229881	-1018.85526000176
183	0.182	19.3196093564176	-1007.47223762205
184	0.183	33.0399100681766	-981.689151544402
185	0.184	45.0568956786752	-943.037422305626
186	0.185	55.1205371726401	-893.345379514618
187	0.186	63.0433123167398	-834.660128404578
188	0.187	68.5751916639248	-769.247550048895
189	0.188	71.8255617925143	-699.443846955326
190	0.189	72.8413025113996	-627.507088438019
191	0.19	71.8880689129303	-555.539076360503
192	0.191	68.981487915855	-485.500971580761
193	0.192	64.5278561389559	-419.142973188005
194	0.193	59.1209915111766	-357.715222997589
195	0.194	52.7452675690473	-302.178767092127
196	0.195	46.1195161159393	-253.143048884283
197	0.196	39.4937654903407	-210.733081715793
198	0.197	33.1492974425712	-174.808223883987
199	0.198	27.5236612826974	-144.868418156003
200	0.199	22.8043779691794	-120.101072164714
201	0.2	19.2414755327936	-99.4748190483776
202	0.201	16.8818340946579	-81.8098378693017
203	0.202	15.4129182661584	-66.0591353235434
204	0.203	15.209770334408	-51.1444646579101
205	0.204	15.6942000186	-36.089153116056
206	0.205	17.0224749731893	-20.1274892548113
207	0.206	19.0227008270505	-2.50157498934125
208	0.207	21.1323140861127	17.1792588325905
209	0.208	23.710730369869	39.2041074259314
210	0.209	26.2266396788155	63.7761188156238
211	0.21	28.8363096776044	90.9109198591839
212	0.211	31.367845939973	120.616324033323
213	0.212	33.4462060311655	152.626676384242
214	0.213	35.6027000327109	186.75445578153
215	0.214	37.3841516564458	222.851207991459
216	0.215	39.0562159481767	260.67471815912
217	0.216	40.8532944461127	300.232799721615
218	0.217	42.4003446767612	341.462945648402
219	0.218	44.1974232815564	384.365155992911
220	0.219	45.9163680895314	429.025378043805
221	0.22	47.7915806707227	475.482678789282
222	0.221	49.9011949055415	523.932392942765
223	0.222	51.8389147245408	574.405774123156
224	0.223	54.0266629985727	626.941889350063
225	0.224	55.9643829812081	681.540738705303
226	0.225	57.5895675440529	737.921040333284
227	0.226	59.0897379603157	795.864019450818
228	0.227	60.058598047003	855.041513819828
229	0.228	60.6524155297587	915.000346973559
230	0.229	60.7774297376552	975.318595972616
231	0.23	60.2929996839965	1035.45713704879
232	0.231	59.3710199188362	1094.89247321556
233	0.232	57.8239691683726	1153.09329412451
234	0.233	55.8862491094127	1209.55172962876
235	0.234	53.5109794679918	1263.85367028281
236	0.235	50.7294138512619	1315.57719330778
237	0.236	47.7759538989353	1364.43320354823
238	0.237	44.5255854679356	1410.18729959702
239	0.238	41.2127101524754	1452.65977377257
240	0.239	37.7748208792467	1491.75686565379
241	0.24	34.086903516581	1527.29105421705
242	0.241	30.3521060700213	1559.1138853757
243	0.242	26.398534106869	1587.0925318295
244	0.243	22.2105608850098	1611.00040569079
245	0.244	17.8194399560105	1630.61873247665
246	0.245	13.0220234067584	1645.64279052338
247	0.246	7.88081832921069	1655.69753775671
248	0.247	2.28643741210368	1660.38449199272
249	0.248	-3.87050664597969	1659.19578374113
250	0.249	-10.402492694438	1651.66261043628
251	0.25	-17.6064291958494	1637.26147585648
252	0.251	-25.2166612587535	1615.45325699453
253	0.252	-33.170681924057	1585.86291176848
254	0.253	-41.4841180638027	1548.1388381399
255	0.254	-49.9225684217	1502.03882126249
256	0.255	-58.4860331501405	1447.43784684192
257	0.256	-67.1745124145943	1384.21090042491
258	0.257	-75.6754711340149	1312.38923501595
259	0.258	-84.0982967620875	1232.10567743325
260	0.259	-92.2710949915291	1143.52430792179
261	0.26	-100.100105264346	1046.94203415921
262	0.261	-107.538447264212	942.726084260277
263	0.262	-114.242331961307	831.439021012868
264	0.263	-120.58680172581	713.62778053466
265	0.264	-125.962412228159	589.956499923026
266	0.265	-130.525430944304	461.315904702145
267	0.266	-134.135216638998	328.588907275844
268	0.267	-136.338592475864	192.955329083764
269	0.268	-137.198065352191	55.7903265350866
270	0.269	-136.338592475864	-81.3746760135904
271	0.27	-133.588279392689	-216.734785582517
272	0.271	-129.119021015686	-348.485109421354
273	0.272	-122.446387847175	-474.664487487435
274	0.273	-113.757902036586	-593.163306063965
275	0.274	-103.131698320458	-702.004779877137
276	0.275	-90.5677775053527	-799.251191424692
277	0.276	-76.534943101615	-883.199225362826
278	0.277	-61.189462793274	-952.45810194492
279	0.278	-44.843871422142	-1005.87144268728
280	0.279	-28.3107596783883	-1042.84543187219
281	0.28	-11.7463940994467	-1063.27068239576
282	0.281	4.30228972117573	-1067.38940821955
283	0.282	19.3196093564176	-1055.9751323154
284	0.283	33.1180439070106	-1030.15297931834
285	0.284	45.0725224496586	-991.454369774651
286	0.285	55.1517907208382	-941.738886824052
287	0.286	63.0901926471927	-883.014568774686
288	0.287	68.5908184427713	-817.570736864354
289	0.288	71.8724421328171	-747.73578021121
290	0.289	72.8569292918926	-675.767768133505
291	0.29	71.8411885726092	-603.815382835904
292	0.291	69.0752485899461	-533.753837889276
293	0.292	64.5434829163027	-467.341145770802
294	0.293	59.1366182866151	-405.897768803993
295	0.294	52.7608943423751	-350.345686124147
296	0.295	46.1195161159393	-301.30215452964
297	0.296	39.5406457986255	-258.868747207008
298	0.297	33.0867903714655	-222.951702756612
299	0.298	27.5392880491562	-193.035337180951
300	0.299	22.8512582654972	-168.236737658274
301	0.3	19.2102220033652	-147.602671158493
302	0.301	16.8974608589275	-129.945503361996
303	0.302	15.3972915021607	-114.194800816102
304	0.303	15.1160097506833	-99.3348238243299
305	0.304	16.5849255740859	-83.8810297965952
306	0.305	16.9443411517539	-67.5130700683252
307	0.306	19.0227008270505	-49.9262227135729
308	0.307	21.1166873210224	-30.2532022741864
309	0.308	23.6794768386268	-8.25179382901163
310	0.309	26.2891467435139	16.3358443274089
311	0.31	28.8050561440994	43.4862721365656
312	0.311	31.3522191726237	73.1682361602773
313	0.312	33.3836989597667	105.139521591823
314	0.313	35.5401929591439	139.204793916628
315	0.314	37.3685248875871	175.262479205344
316	0.315	38.9937088709935	213.046922449984
317	0.316	40.8220409065366	252.558123704099
318	0.317	42.4159714469856	293.78045624621
319	0.318	44.1505429693784	336.667039819743
320	0.319	45.9945019457502	381.342888642657
321	0.32	47.7603271271526	427.823629544459
322	0.321	49.8543145882656	476.234276767518
323	0.322	51.8545414975808	526.692031175791
324	0.323	53.9485291299493	579.196892854906
325	0.324	55.9643829812081	633.756675275835
326	0.325	57.5895675440529	690.136976903816
327	0.326	59.0897379603157	748.07995602135
328	0.327	60.0742248227647	807.265263778241
329	0.328	60.5586548740651	867.185029992006
330	0.329	60.7618029616491	927.448585275213
331	0.33	60.2617461323269	987.563686187551
332	0.331	59.3553931433172	1046.97558219072
333	0.332	57.8239691683726	1105.16858971192
334	0.333	55.8549955607307	1161.61139844182
335	0.334	53.4953526944235	1215.88989893475
336	0.335	50.7294138512619	1267.60560857294
337	0.336	47.6821932683095	1316.41473849808
338	0.337	44.4630783846627	1362.09070068991
339	0.338	41.1970833825861	1404.52410793889
340	0.339	37.7123138034259	1443.58213289724
341	0.34	34.0556499805553	1479.06944115458
342	0.341	30.3364793029136	1510.86883216167
343	0.342	26.398534106869	1538.83966523191
344	0.343	22.179307354393	1562.73191232789
345	0.344	17.8038131915679	1582.32679896622
346	0.345	13.0220234067584	1597.34304363073
347	0.346	7.89644509195724	1607.40560424544
348	0.347	2.20830360237638	1612.06130495796
349	0.348	-3.91738692960312	1610.8100896597
350	0.349	-10.4649997367436	1603.22222269187
351	0.35	-17.6533094760452	1588.76639445083
352	0.351	-25.279168297689	1566.90348192931
353	0.352	-33.2175622029109	1537.25844304436
354	0.353	-41.5778786222945	1499.46404899711
355	0.354	-49.9850754622717	1453.28589832018
356	0.355	-58.5641669542146	1398.61460347728
357	0.356	-67.1588856528257	1335.35640353911
358	0.357	-75.7379781859502	1263.51129798508
359	0.358	-84.2076841132536	1183.14179320082
360	0.359	-92.3179752898852	1094.4822898646
361	0.36	-100.146985568207	997.853135800908
362	0.361	-107.538447264212	893.613745750049
363	0.362	-114.320465820556	782.287615573015
364	0.363	-120.58680172581	664.437308165183
365	0.364	-125.99366577942	540.750400777918
366	0.365	-130.556684498791	412.078552004163
367	0.366	-134.119589860432	279.343741189901
368	0.367	-136.322965696462	143.725789776804
369	0.368	-137.135558233298	6.59985417727441
370	0.369	-136.260458578917	-130.494827863483
371	0.37	-133.557025835974	-265.800243705578
372	0.371	-128.978380025318	-397.464620270874
373	0.372	-122.337000426253	-523.518984131309
374	0.373	-113.648514634853	-641.908415296512
375	0.374	-103.006684170836	-750.632688334007
376	0.375	-90.489643676671	-847.77752589241
377	0.376	-76.4568092860659	-931.647426008429
378	0.377	-61.0331951825621	-1000.78910187739
379	0.378	-44.7657376227892	-1054.08524191472
380	0.379	-28.2169991204148	-1090.97328392097
381	0.38	-11.6213800156564	-1111.28914712366
382	0.381	4.38042353232081	-1115.30629899997
383	0.382	19.3821164153717	-1103.82170266078
384	0.383	33.1649242103572	-1077.94485598256
385	0.384	45.1194027626361	-1039.19936613072
386	0.385	55.1674174949449	-989.452629636575
387	0.386	63.0276855399333	-930.751751753785
388	0.387	68.6064452216236	-865.331360007657
389	0.388	71.8568153527101	-795.49640335514
390	0.389	72.8256757309127	-723.551831447978
391	0.39	71.8255617925143	-651.622886320915
392	0.391	68.9502343578721	-581.631661880371
393	0.392	64.4653490296252	-515.320543821273
394	0.393	59.0428576340645	-453.963114124078
395	0.394	52.7452675690473	-398.465725157172
396	0.395	46.0882625733645	-349.445633720616
397	0.396	39.4781387209208	-307.059106708123
398	0.397	33.1180439070106	-271.157689028807
399	0.398	27.5080345162422	-241.24132345183
400	0.399	22.8356315000547	-216.466164078332
401	0.4	19.2571022975123	-195.816470814198
402	0.401	16.9599679160351	-178.104609342074
403	0.402	15.4597985581684	-162.291399739623
404	0.403	15.2253970983719	-147.345475546002
405	0.404	15.8660944233219	-132.196403419805
406	0.405	17.0224749731893	-116.1487923562
407	0.406	19.0383275917267	-98.5150647083914
408	0.407	21.1948211465057	-78.7951639739251
409	0.408	23.710730369869	-56.7390618503876
410	0.409	26.2891467435139	-32.1357969283461
411	0.41	28.7894293773522	-4.99318250256291
412	0.411	31.383472707326	24.6965949051263
413	0.412	33.43057926331	56.7069472557944
414	0.413	35.4933126540106	90.7722195798048
415	0.414	37.4154051941754	126.829904869248
416	0.415	39.009335640283	164.645601651827
417	0.416	40.8532944461127	204.180243060375
418	0.417	42.3534643661143	245.386948831839
419	0.418	44.1192894279489	288.226652094221
420	0.419	45.9476216320052	332.863433989548
421	0.42	47.7759538989353	379.328548120368
422	0.421	49.8855681331114	427.762635501742
423	0.422	51.8545414975808	478.236016682438
424	0.423	53.8860220351417	530.709624814149
425	0.424	55.9487562068387	585.23034030049
426	0.425	57.5270604444347	641.571574991476
427	0.426	59.1209915111766	699.498927334632
428	0.427	60.0429712712468	758.684235091194
429	0.428	60.5586548740651	818.5883745292
430	0.429	60.7149226336634	878.828489648414
431	0.43	60.1992390290528	938.888896845123
432	0.431	59.2616324903161	998.222658970157
433	0.432	57.8552227183716	1056.38441293985
434	0.433	55.8081152377465	1112.81940828326
435	0.434	53.4797259208603	1167.06665522791
436	0.435	50.6356532152131	1218.7276711613
437	0.436	47.666566496555	1267.48210738253
438	0.437	44.4630783846627	1313.15025618849
439	0.438	41.1033227633411	1355.53678312785
440	0.439	37.7279405723749	1394.55574116105
441	0.44	34.0243964445452	1430.03523603486
442	0.441	30.2895990016126	1461.79556012329
443	0.442	26.3672805744646	1489.72732627668
444	0.443	22.1168002931981	1513.57269307586
445	0.444	17.7725596626915	1533.12069941916
446	0.445	12.9907698796071	1548.10569055566
447	0.446	7.80268451551366	1558.10574411857
448	0.447	2.25518388820659	1562.73800468578
449	0.448	-3.93301369080753	1561.50241614983
450	0.449	-10.5118800184589	1553.88329566054
451	0.45	-17.6220559559155	1539.41965403871
452	0.451	-25.3260485768857	1517.54892813766
453	0.452	-33.2175622029109	1487.88044911311
454	0.453	-41.5309983430464	1450.10949520548
455	0.454	-49.9381951818415	1403.97822480839
456	0.455	-58.5016599109523	1349.36162362734
457	0.456	-67.2213926999121	1286.10342368726
458	0.457	-75.7067246599776	1214.24269137266
459	0.458	-84.160803819879	1133.91225349808
460	0.459	-92.3336020560108	1045.26837692549
461	0.46	-100.100105264346	948.654849630662
462	0.461	-107.538447264212	844.438899731733
463	0.462	-114.289212276842	733.128396326556
464	0.463	-120.493041082952	615.340596012009
465	0.464	-126.024919330703	491.684942170532
466	0.465	-130.509804167069	363.020906786996
467	0.466	-134.103963081873	230.317349527875
468	0.467	-136.307338917067	94.7150248937558
469	0.468	-137.151185013012	-42.4109107059335
470	0.469	-136.291712137678	-179.529032915928
471	0.47	-133.525772279281	-314.834448759057
472	0.471	-129.009633578694	-446.498825322695
473	0.472	-122.337000426253	-572.568815959819
474	0.473	-113.617261091543	-690.942620353366
475	0.474	-103.022310939525	-799.65908000355
476	0.475	-90.489643676671	-896.811730946298
477	0.476	-76.4411825229637	-980.673817680765
478	0.477	-61.1269557489697	-1049.85456045138
479	0.478	-44.8126179023989	-1103.22102091172
480	0.479	-28.2013723607515	-1140.12468967794
481	0.48	-11.7151405785066	-1160.47961978222
482	0.481	4.31791648340039	-1164.57490546442
483	0.482	19.3352361211515	-1153.1450027968
484	0.483	33.133670674789	-1127.30722303348
485	0.484	45.0881492206466	-1088.59298672041
486	0.485	55.0736568503814	-1038.90875731954
487	0.486	63.0745658703695	-980.231319593819
488	0.487	68.6064452216236	-914.787487682472
489	0.488	71.8255617925143	-844.968157810053
490	0.489	72.7787953894891	-773.062652853701
491	0.49	71.7474278921316	-701.196214847541
492	0.491	68.9971146948554	-631.220617188697
493	0.492	64.5122293616147	-564.862618795112
494	0.493	58.9803505324711	-503.513002482719
495	0.494	52.7921478890456	-448.023426906611
496	0.495	46.057009030808	-398.995522081334
497	0.496	39.525019029193	-356.601181685983
498	0.497	33.133670674789	-320.668510468642
499	0.498	27.5236612826974	-290.736518124549
500	0.499	22.866885030943	-265.937918602378
501	0.5	19.2414755327936	-245.28041195516
502	0.501	16.9130876232001	-227.599804011813
503	0.502	15.4285450301589	-211.825661319783
504	0.503	15.1316365146304	-196.942244182039
505	0.504	15.850467659242	-181.847865729752
506	0.505	16.9755946803193	-165.831508194621
507	0.506	19.0070740623773	-148.236847457923
508	0.507	21.2104479116119	-128.524760105578
509	0.508	23.6951036042462	-106.468657982299
510	0.509	26.3204002758838	-81.857579676884
511	0.51	28.8363096776044	-54.6758983347897
512	0.511	31.367845939973	-24.9704941606509
513	0.512	33.4930863347552	-24.9704941606509
514	0.513	35.4776858856408	8.58913624729036
515	0.514	37.3997784253086	44.1021127005083
516	0.515	39.0718427174829	81.4121675696473
517	0.516	40.8376676763225	120.441167064293
518	0.517	42.4941052981736	161.181297849285
519	0.518	44.1349161986614	203.570052895445
520	0.519	45.9945019457502	247.709006265395
521	0.52	47.7915806707227	293.676291871374
522	0.521	49.9011949055415	341.59692395725
523	0.522	51.8701682706257	391.556849843077
524	0.523	53.9172755825354	443.5248160674
525	0.524	55.9643829812081	497.539889647015
526	0.525	57.5895675440529	553.391109207389
527	0.526	59.0272308586581	610.773752706488
528	0.527	60.1054783743042	669.414351620713
529	0.528	60.5899084259412	728.836289318578
530	0.529	60.699295857679	788.555135758132
531	0.53	60.2461193565002	848.102087662965
532	0.531	59.2303789393587	906.914581108638
533	0.532	57.8395959433695	964.523812847745
534	0.533	55.8081152377465	1020.42191273605
535	0.534	53.4640991473021	1074.13226422631
536	0.535	50.6512799878757	1125.26419809165
537	0.536	47.6509397248052	1173.48955224573
538	0.537	44.4630783846627	1218.62080559821
539	0.538	41.1658298428205	1260.50950400969
540	0.539	37.7279405723749	1299.03063351503
541	0.54	34.0556499805553	1333.99667308924
542	0.541	30.2427187003448	1365.22010172743
543	0.542	26.3829073406651	1392.60715904568
544	0.543	22.1168002931981	1415.93125716036
545	0.544	17.7413061338269	1434.93455467161
546	0.545	12.9907698796071	1449.37483697607
547	0.546	7.83393804098533	1458.86143523411
548	0.547	2.23955712626113	1462.97242711548
549	0.548	-3.93301369080753	1461.19994313095
550	0.549	-10.4962532578885	1453.05955395434
551	0.55	-17.6376827159808	1438.06683026515
552	0.551	-25.3416753366171	1415.6513955366
553	0.552	-33.1863086836749	1385.4616478242
554	0.553	-41.5309983430464	1347.17723860858
555	0.554	-49.9850754622717	1300.49344600366
556	0.555	-58.47040638933	1245.3399493756
557	0.556	-67.2370194616886	1181.56048074784
558	0.557	-75.7067246599776	1109.16285298475
559	0.558	-84.1451770554267	1028.31114642479
560	0.559	-92.2867217576444	939.169441315998
561	0.56	-100.100105264346	842.050272102746
562	0.561	-107.616581113772	737.26617321143
563	0.562	-114.273585504992	625.395334199791
564	0.563	-120.493041082952	507.086265203562
565	0.564	-126.040546106353	382.893715906653
566	0.565	-130.494177389839	253.700598456301
567	0.566	-134.119589860432	120.467959128908
568	0.567	-136.338592475864	-15.6868877414963
569	0.568	-137.151185013012	-153.357532188191
570	0.569	-136.307338917067	-291.012549855487
571	0.57	-133.557025835974	-426.870487934264
572	0.571	-129.025260355391	-559.087386732203
573	0.572	-122.352627200655	-685.702086212482
574	0.573	-113.632887863196	-804.620599446664
575	0.574	-103.037937708218	-913.881767934628
576	0.575	-90.4740169109446	-1011.56350094647
577	0.576	-76.4724360491707	-1095.96248312878
578	0.577	-61.1582092711186	-1165.70356149118
579	0.578	-44.8126179023989	-1219.6147307802
580	0.579	-28.2013723607515	-1257.04748161403
581	0.58	-11.6526335366114	-1277.90024026497
582	0.581	4.36479677008744	-1282.46991435049
583	0.582	19.3352361211515	-1271.54565360712
584	0.583	33.1024171392361	-1246.25258267919
585	0.584	45.025642136722	-1208.11430874346
586	0.585	55.0892836244625	-1158.98260156513
587	0.586	63.0589390935518	-1100.83424590838
588	0.587	68.5751916639248	-1035.9429362319
589	0.588	71.7630546721959	-966.699568766092
590	0.589	72.8100489504321	-895.338772657035
591	0.59	71.7630546721959	-823.977976547978
592	0.591	68.9658611368606	-754.539274345706
593	0.592	64.4653490296252	-688.74942496472
594	0.593	58.9803505324711	-627.952330885929
595	0.594	52.7765211157078	-572.999650764096
596	0.595	46.0413822595367	-524.51645477873
597	0.596	39.5562725680622	-482.643383067188
598	0.597	33.1180439070106	-447.231980531908
599	0.598	27.5236612826974	-417.836883639311
600	0.599	22.866885030943	-393.567366184747
601	0.6	19.2102220033652	-373.45456836985
602	0.601	16.9287143874755	-356.310855876686
603	0.602	15.4754253221774	-341.034541724116
604	0.603	15.1472632785803	-326.648953125994
605	0.604	15.8192141310909	-312.091470123415
606	0.605	17.0068482088964	-296.604194655678
607	0.606	18.9914472977071	-279.530802604633
608	0.607	21.2417014418336	-260.33998393712
609	0.608	23.6482233073979	-238.82077726476
610	0.609	26.3204002758838	-214.762221175376
611	0.61	28.8050561440994	-188.125248667642
612	0.611	31.3990994746828	-158.948926560507
613	0.612	33.524339870501	-127.412962590172
614	0.613	35.4776858856408	-93.8377054143578
615	0.614	37.4622855008007	-58.2934754233938
616	0.615	39.009335640283	-20.9834205551087
617	0.616	40.8532944461127	18.0221387858324
618	0.617	42.4941052981736	58.7700829557188
619	0.618	44.1192894279489	101.151024616523
620	0.619	46.0101287170078	145.289977986745
621	0.62	47.8072074425148	191.27289036425
622	0.621	49.8543145882656	239.177895677383
623	0.622	51.9326753628548	289.145634950686
624	0.623	53.9172755825354	341.144854721125
625	0.624	56.0112633043475	395.18336846231
626	0.625	57.6364478688219	451.081468346638
627	0.626	59.0741111848933	508.510992171238
628	0.627	60.1679854774482	567.206284800153
629	0.628	60.6055352018874	626.667289437564
630	0.629	60.7461761856484	686.417389429075
631	0.63	60.277372908159	746.003408273722
632	0.631	59.292886041295	804.862782046192
633	0.632	57.8708494933791	862.518894111272
634	0.633	55.8549955607307	918.456060936071
635	0.634	53.5109794679918	972.213292748175
636	0.635	50.7450406239537	1023.41554709189
637	0.636	47.6821932683095	1071.70340833577
638	0.637	44.5412122387651	1116.88935538705
639	0.638	41.1345763030721	1158.80149395571
640	0.639	37.7435673413281	1197.31481007565
641	0.64	34.1025302845997	1232.31210318636
642	0.641	30.2895990016126	1263.58241212721
643	0.642	26.4297876392873	1291.0163497454
644	0.643	22.1636805890895	1314.38732815733
645	0.644	17.7413061338269	1333.41406581653
646	0.645	13.0689036975053	1347.89341502994
647	0.646	7.83393804098533	1357.41908019693
648	0.647	2.30206417405531	1361.5613256022
649	0.648	-3.87050664597969	1359.85134866398
650	0.649	-10.4649997367436	1351.75783977036
651	0.65	-17.5751756757143	1336.81199636187
652	0.651	-25.3416753366171	1314.42781515345
653	0.652	-33.139428404821	1284.26150758048
654	0.653	-41.4997448235501	1246.01616526403
655	0.654	-49.9538219419839	1199.36362617901
656	0.655	-58.47040638933	1144.2257563111
657	0.656	-67.2213926999121	1080.45410106422
658	0.657	-75.7223514229627	1008.05647330052
659	0.658	-84.1295502909773	927.204766741297
660	0.659	-92.3648555882722	838.031808099416
661	0.66	-100.100105264346	740.87357197085
662	0.661	-107.554074034116	636.120726619362
663	0.662	-114.273585504992	524.281141147552
664	0.663	-120.524294630551	405.956445377523
665	0.664	-126.056172882008	281.740455918988
666	0.665	-130.541057721544	152.516084914955
667	0.666	-134.135216638998	19.252192032427
668	0.667	-136.385472814104	-116.93390839638
669	0.668	-137.182438572458	-254.643619791918
670	0.669	-136.369846034684	-392.345517797746
671	0.67	-133.650786506191	-528.28158977044
672	0.671	-129.134647792422	-660.600062622003
673	0.672	-122.493268170505	-787.339776305723
674	0.673	-113.742275264896	-906.38330372568
675	0.674	-103.162951857905	-1015.76167298934
676	0.675	-90.5521507396097	-1113.54497999035
677	0.676	-76.5974501540996	-1198.04553613946
678	0.677	-61.2050895543541	-1267.87256169595
679	0.678	-44.8594981820146	-1321.83061126639
680	0.679	-28.2638793994028	-1359.31805575935
681	0.68	-11.6526335366114	-1380.20206792962
682	0.681	4.28666295895324	-1384.8108089207
683	0.682	19.3508628858885	-1373.91780170054
684	0.683	33.0399100681766	-1348.64817092576
685	0.684	45.1194027626361	-1310.49427021261
686	0.685	55.1205371726401	-1261.30005594723
687	0.686	63.0433123167398	-1203.1438869048
688	0.687	68.5751916639248	-1138.26039061672
689	0.688	71.8568153527101	-1068.97014281066
690	0.689	72.8569292918926	-997.539026190617
691	0.69	71.8568153527101	-926.107909570572
692	0.691	69.0127414738616	-856.598886859543
693	0.692	64.5591096936552	-790.738716978041
694	0.693	59.0116040832571	-729.879115791842
695	0.694	52.8077746623883	-674.895182121276
696	0.695	46.1195161159393	-626.357292434369
697	0.696	39.5093922597647	-584.468593948773
698	0.697	33.1649242103572	-549.057191415969
699	0.698	27.4767809833423	-519.662094521376
700	0.699	22.8356315000547	-495.431643981934
701	0.7	19.2258487680779	-475.326659550125
702	0.701	16.8974608589275	-458.190760438879
703	0.702	15.4597985581684	-442.937886432587
704	0.703	15.1316365146304	-428.567924598445
705	0.704	15.8035873670196	-414.026068359876
706	0.705	16.9599679160351	-398.570046420606
707	0.706	18.9289402390568	-381.551348045317
708	0.707	21.2104479116119	-362.407409672239
709	0.708	23.6169697761821	-340.919456530599
710	0.709	26.2578932111578	-316.907780739185
711	0.71	28.7894293773522	-290.309875147187
712	0.711	31.3365924052782	-261.172619958129
713	0.712	33.4774595668881	-229.691349674302
714	0.713	35.4464323489131	-196.155159418658
715	0.714	37.3841516564458	-160.665623118236
716	0.715	39.0874694867934	-123.355568248873
717	0.716	40.8532944461127	-84.3109419846764
718	0.717	42.4784785279272	-43.5708111999132
719	0.718	44.1349161986614	-1.1898695388756
720	0.719	45.9788751744973	42.941270445447
721	0.72	47.7915806707227	88.9007426658003
722	0.721	49.8386878158499	136.79012120683
723	0.722	51.9014218167304	186.734420320863
724	0.723	53.8703952614524	238.694573157698
725	0.724	55.9643829812081	292.686206576772
726	0.725	57.6364478688219	348.56086629953
727	0.726	59.0897379603157	405.998203511842
728	0.727	60.1679854774482	464.701309528467
729	0.728	60.6211619778391	524.170127553854
730	0.729	60.7305494096532	583.920227545344
731	0.73	60.2461193565002	643.482806226163
732	0.731	59.2460057148347	702.303113059574
733	0.732	57.8864762683918	759.943598348931
734	0.733	55.7768616891163	815.849511625428
735	0.734	53.4484723737489	869.536422954604
736	0.735	50.6669067605432	920.668356819493
737	0.736	47.6040594095838	968.8780842023
738	0.737	44.4630783846627	1013.98589739717
739	0.738	41.087695993482	1055.83552888398
740	0.739	37.6810602655402	1094.29415131124
741	0.74	34.0556499805553	1129.23675073203
742	0.741	30.1802116320392	1160.42892583607
743	0.742	26.3516538082675	1187.76910285396
744	0.743	22.0699199973356	1211.05413405451
745	0.744	17.7100526049741	1230.01836465341
746	0.745	12.9751431160355	1244.43520681166
747	0.746	7.74017746459884	1253.86711139972
748	0.747	2.22393036431773	1257.92340961192
749	0.748	-3.9798939744106	1256.11967210461
750	0.749	-10.5275067790281	1247.94021602564
751	0.75	-17.6533094760452	1232.92405219585
752	0.751	-25.404182375538	1210.4695505678
753	0.752	-33.1863086836749	1180.24854933593
754	0.753	-41.5935053820448	1141.93288660082
755	0.754	-50.0163289825635	1095.20221371626
756	0.755	-58.47040638933	1040.03309032805
757	0.756	-67.2526462234671	976.245808319398
758	0.757	-75.7223514229627	903.832553793926
759	0.758	-84.1451770554267	822.973033852475
760	0.759	-92.3492288221398	733.800075211435
761	0.76	-100.068851728459	636.665279233879
762	0.761	-107.600954343852	531.904620495467
763	0.762	-114.320465820556	420.018154711007
764	0.763	-120.55554817817	301.654392009387
765	0.764	-126.040546106353	177.430589164869
766	0.765	-130.462923835397	48.2530984917373
767	0.766	-134.072709524771	-84.9404738906036
768	0.767	-136.291712137678	-221.048440424085
769	0.768	-137.104304673888	-358.672204532124
770	0.769	-136.276085358294	-496.288155250472
771	0.77	-133.400758052745	-632.052332658248
772	0.771	-128.962753248639	-764.159844011196
773	0.772	-122.258866554321	-890.696409614933
774	0.773	-113.49224691849	-1009.49772205359
775	0.774	-103.022310939525	-1118.68075668486
776	0.775	-90.3646295509532	-1216.29998263235
777	0.776	-76.3474219444029	-1300.58176408229
778	0.777	-61.0175684214999	-1370.1900149675
779	0.778	-44.6876038234532	-1423.96835679223
780	0.779	-28.0763582834351	-1461.27609354793
781	0.78	-11.5276194527612	-1482.00383811829
782	0.781	4.41167705679409	-1486.48756501853
783	0.782	19.413369944867	-1475.50079721995
784	0.783	33.1492974425712	-1450.14521922849
785	0.784	45.1194027626361	-1411.93662482814
786	0.785	55.1049103985488	-1362.75022394981
787	0.786	62.9339248792117	-1304.65656201318
788	0.787	68.5595648850843	-1239.83557283329
789	0.788	71.8255617925143	-1170.56876519675
790	0.789	72.7787953894891	-1099.19234230801
791	0.79	71.7161743320211	-1027.87061314951
792	0.791	68.8877272419774	-958.494418064764
793	0.792	64.4653490296252	-892.74363563122
794	0.793	58.9178434309634	-831.977795103182
795	0.794	52.6827604757861	-777.103248852064
796	0.795	45.9788751744973	-728.698186729179
797	0.796	39.3843781044904	-686.942315791942
798	0.797	33.1180439070106	-651.616860488448
799	0.798	27.4455274504564	-622.260830511972
800	0.799	22.7887512037466	-598.069446887127
801	0.8	19.1633417092456	-578.019156132887
802	0.801	16.8505805661274	-560.937950697458
803	0.802	15.4910520861892	-545.692890073556
804	0.803	15.1316365146304	-531.307301475403
805	0.804	15.8035873670196	-516.765445236835
806	0.805	16.9912214446064	-501.293796533278
807	0.806	18.9914472977071	-484.228217864378
808	0.807	21.2885817371899	-465.013959049186
809	0.808	23.6638500730107	-443.463498846343
810	0.809	26.3047735096971	-419.404942757246
811	0.81	28.8363096776044	-392.760156865852
812	0.811	31.3522191726237	-363.591648142994
813	0.812	33.524339870501	-332.079124323689
814	0.813	35.4620591172749	-298.511680532057
815	0.814	37.4310319630464	-262.990890694153
816	0.815	39.0405891788746	-225.68083582545
817	0.816	40.8220409065366	-186.675276485001
818	0.817	42.4784785279272	-145.950772470026
819	0.818	44.1192894279489	-103.577644194344
820	0.819	45.9788751744973	-59.4543175953779
821	0.82	47.8228342143116	-13.4792186032302
822	0.821	49.8230610434391	34.4179733233884
823	0.822	51.9014218167304	84.3544590512164
824	0.823	53.8703952614524	136.314611888051
825	0.824	55.9643829812081	190.306245307125
826	0.825	57.6208210938936	246.173091642419
827	0.826	59.0584844094762	303.586988691847
828	0.827	60.1054783743042	362.24321438148
829	0.828	60.5899084259412	421.665152079346
830	0.829	60.7305494096532	481.399625294887
831	0.83	60.277372908159	540.977830751536
832	0.831	59.2303789393587	599.805950973038
833	0.832	57.8239691683726	657.407369324647
834	0.833	55.8237420120694	713.305469212612
835	0.834	53.4328456002008	767.00800731649
836	0.835	50.6825335332156	818.139941180942
837	0.836	47.6196861813196	866.365295335952
838	0.837	44.4943319262901	911.496548687501
839	0.838	41.1502030729442	953.393060484861
840	0.839	37.6654334966035	991.875123067378
841	0.84	34.086903516581	1026.82553587171
842	0.841	30.2427187003448	1058.06459127792
843	0.842	26.3829073406651	1085.45164859617
844	0.843	22.179307354393	1108.80700024144
845	0.844	17.7569328982577	1127.84936466551
846	0.845	13.0063966431814	1142.30527373397
847	0.846	7.80268451551366	1151.78405861106
848	0.847	2.23955712626113	1155.87942372969
849	0.848	-3.90176016839701	1154.12256650637
850	0.849	-10.5900138212915	1145.95092380927
851	0.85	-17.6376827159808	1130.91131983837
852	0.851	-25.357302096348	1108.48807172995
853	0.852	-33.2800692413829	1078.24363035883
854	0.853	-41.515371583298	1039.92015424423
855	0.854	-50.0319557427108	993.220734878973
856	0.855	-58.5172866717657	938.020357969478
857	0.856	-67.2370194616886	874.217449200494
858	0.857	-75.7223514229627	801.812008055912
859	0.858	-84.1295502909773	720.960301496685
860	0.859	-92.3336020560108	631.802969620934
861	0.86	-100.037598192587	534.691613794379
862	0.861	-107.569700804023	429.962208593817
863	0.862	-114.304839048696	318.099182965201
864	0.863	-120.47741430916	199.782300584016
865	0.864	-126.009292555059	75.6131914496495
866	0.865	-130.525430944304	-53.5799260022885
867	0.866	-134.088336303319	-186.812565328356
868	0.867	-136.338592475864	-322.951785420204
869	0.868	-137.104304673888	-460.598989697337
870	0.869	-136.291712137678	-598.222753805376
871	0.87	-133.478891944286	-734.033811548615
872	0.871	-128.900246141975	-866.149136294002
873	0.872	-122.321373651856	-992.685701893175
874	0.873	-113.523500461725	-1111.53389465222
875	0.874	-102.991057402152	-1220.71692928642
876	0.875	-90.4271366137855	-1318.35178199664
877	0.876	-76.316168418236	-1402.64919021491
878	0.877	-60.9863148993802	-1472.22618757597
879	0.878	-44.6876038234532	-1525.98890263965
880	0.879	-28.107611802766	-1563.31226615501
881	0.88	-11.5588729737313	-1584.07126424552
882	0.881	4.41167705679409	-1588.57061790625
883	0.882	19.4289967096192	-1577.5760367253
884	0.883	33.1649242103572	-1552.20483196756
885	0.884	45.0725224496586	-1514.01186433981
886	0.885	55.1361639467366	-1464.83327684387
887	0.886	63.0433123167398	-1406.66929441439
888	0.887	68.5751916639248	-1341.78579812631
889	0.888	71.8255617925143	-1272.51117710035
890	0.889	72.8413025113996	-1201.10350065065
891	0.89	71.7630546721959	-1129.72707776111
892	0.891	68.9346075788895	-1060.30400233782
893	0.892	64.4966025842792	-994.514152958497
894	0.893	58.9647237570862	-933.709245490071
895	0.894	52.7140140224067	-878.795632302581
896	0.895	45.9788751744973	-830.374943406386
897	0.896	39.4468851820938	-788.587818930347
898	0.897	33.1180439070106	-753.231110088051
899	0.898	27.4611542168976	-723.867266728354
900	0.899	22.8200047346154	-699.652442954854
901	0.9	19.1008346504619	-679.617778964572
902	0.901	16.8349538018664	-662.575640440665
903	0.902	15.4441717941622	-647.361833344907
904	0.903	15.0847562227976	-633.023125038684
905	0.904	15.8192141310909	-618.496895563996
906	0.905	16.9443411517539	-603.040873624831
907	0.906	18.9601937683759	-586.014361867022
908	0.907	21.2417014418336	-566.839169964175
909	0.908	23.6482233073979	-545.319963291815
910	0.909	26.2891467435139	-521.277033968616
911	0.91	28.8050561440994	-494.655688227066
912	0.911	31.3053388705984	-465.526246421974
913	0.912	33.4774595668881	-434.060602905488
914	0.913	35.4151788122014	-400.5400394182
915	0.914	37.4154051941754	-365.050503117268
916	0.915	39.0405891788746	-327.748261633
917	0.916	40.7907873669776	-288.75832906233
918	0.917	42.4784785279272	-248.049451817135
919	0.918	44.0724091158382	-205.699763697509
920	0.919	45.9632484032489	-161.607690640222
921	0.92	47.7759538989353	-115.663845191386
922	0.921	49.7918074986318	-67.8057201948595
923	0.922	51.8857950436756	-17.8926746259625
924	0.923	53.8703952614524	34.0596648243448
925	0.924	55.9331294324745	88.0356714690515
926	0.925	57.5895675440529	143.871264255058
927	0.926	59.0584844094762	201.269534529566
928	0.927	60.1054783743042	259.9257602192
929	0.928	60.6055352018874	319.355511305039
930	0.929	60.7149226336634	379.089984520557
931	0.93	60.277372908159	438.660376589212
932	0.931	59.214752163888	497.480683422979
933	0.932	57.8552227183716	555.089915161852
934	0.933	55.8237420120694	611.003641824816
935	0.934	53.4797259208603	664.729620089024
936	0.935	50.6512799878757	715.869367341135
937	0.936	47.6196861813196	764.079094723476
938	0.937	44.4943319262901	809.210348075024
939	0.938	41.1345763030721	851.099046487448
940	0.939	37.7123138034259	889.596735838441
941	0.94	34.0400232125483	924.547148644171
942	0.941	30.2270919332629	955.75495051482
943	0.942	26.398534106869	983.142007832629
944	0.943	22.1949341196998	1006.51298624366
945	0.944	17.725679369399	1025.54753728595
946	0.945	13.037650170338	1040.00344635356
947	0.946	7.80268451551366	1049.49785799423
948	0.947	2.22393036431773	1053.58540973189
949	0.948	-3.91738692960312	1051.81292574699
950	0.949	-10.5275067790281	1043.66472319042
951	0.95	-17.5908024357823	1028.67981288076
952	0.951	-25.3416753366171	1006.2878182923
953	0.952	-33.2488157221469	976.066817060661
954	0.953	-41.4684913040557	937.782407845303
955	0.954	-50.0319557427108	891.106428619663
956	0.955	-58.5329134325805	835.89823832976
957	0.956	-67.2526462234671	772.07970279948
958	0.957	-75.7692317119327	699.643008129523
959	0.958	-84.1295502909773	618.767861425811
960	0.959	-92.3336020560108	529.610529550061
961	0.96	-100.084478496401	432.475733571598
962	0.961	-107.522820494313	327.746328373985
963	0.962	-114.289212276842	215.91455628615
964	0.963	-120.493041082952	97.5976739039969
965	0.964	-126.009292555059	-26.5792486172653
966	0.965	-130.478550612615	-155.748925903359
967	0.966	-134.072709524771	-288.950311674309
968	0.967	-136.369846034684	-425.097345156293
969	0.968	-137.11993145359	-562.767989602687
970	0.969	-136.307338917067	-700.407380490272
971	0.97	-133.510145500944	-836.241878401534
972	0.971	-128.931499695296	-968.388456701911
973	0.972	-122.290120103078	-1094.92502230335
974	0.973	-113.570380776613	-1213.78102844546
975	0.974	-103.022310939525	-1323.00313000578
976	0.975	-90.4271366137855	-1420.65360948469
977	0.976	-76.394302233672	-1504.99008461068
978	0.977	-61.0175684214999	-1574.62177564052
979	0.978	-44.703230583319	-1628.40793084519
980	0.979	-28.107611802766	-1665.73910774049
981	0.98	-11.5588729737313	-1686.49810583099
982	0.981	4.45855734352037	-1690.97401934836
983	0.982	19.4446234743745	-1679.94818464166
984	0.983	33.1492974425712	-1654.57697988545
985	0.984	45.0725224496586	-1616.39182564159
986	0.985	55.1674174949449	-1567.19761137155
987	0.986	63.0901926471927	-1508.99456200273
988	0.987	68.6376987793461	-1444.05637199172
989	0.988	71.8568153527101	-1374.73487062795
990	0.989	72.8100489504321	-1303.32719417864
991	0.99	71.7630546721959	-1231.96639806958
992	0.991	68.9033540209422	-1162.55894942527
993	0.992	64.4497222523067	-1096.8081669909
994	0.993	58.9490969817065	-1036.03451307615
995	0.994	52.7296407957245	-981.120899889689
996	0.995	45.9945019457502	-932.684584221209
997	0.996	39.4312584126867	-890.897459744247
998	0.997	33.133670674789	-855.540750902766
999	0.998	27.4611542168976	-826.169094159179
1000	0.999	22.8200047346154	-801.954270385679
