No.	时间（s）	Dev1/ai0-1-测振（mm/s）	VH01-V1-Dev1/ai0一次积分（μm）
1	0	30.6177611114172	0
2	0.001	33.4930863347552	30.4987063467668
3	0.002	36.3527849205137	63.8649245980819
4	0.003	39.118723025427	100.043961194733
5	0.004	41.6658864811463	138.8795485717
6	0.005	43.8536343265216	180.082591599215
7	0.006	45.8069806910179	223.356181731665
8	0.007	47.6196861813196	268.512797791515
9	0.008	49.057349201192	315.294598106451
10	0.009	50.510639034087	363.521874847771
11	0.01	51.8545414975808	413.147747737286
12	0.011	53.0265494897113	464.031575854613
13	0.012	54.2298110575861	516.103038751942
14	0.013	55.261178139693	569.291815974262
15	0.014	56.2612916952115	623.496333515395
16	0.015	57.0582571999793	678.599390586671
17	0.016	57.6364478688219	734.390025744752
18	0.017	58.0739975689571	790.688531087323
19	0.018	58.04274401881	847.190184504887
20	0.019	57.8864762683918	903.598077272168
21	0.02	54.9642694319572	958.466732746023
22	0.021	114.658592037799	1041.72144610458
23	0.022	55.5580868492821	1125.2730681718
24	0.023	53.0265494897113	1178.00866896498
25	0.024	50.6669067605432	1228.29867971379
26	0.025	48.0103554762403	1276.08059345586
27	0.026	44.8693744272283	1320.96374103128
28	0.027	41.4627384712916	1362.57308010422
29	0.028	37.7748208792467	1400.63514240317
30	0.029	33.5868469420391	1434.75925893749
31	0.03	29.3051126819125	1464.64852137315
32	0.031	24.6014560158497	1490.04508834571
33	0.032	19.7727855349426	1510.67549174478
34	0.033	14.5534462504475	1526.28189026116
35	0.034	9.09970583066784	1536.5517489254
36	0.035	3.50532485058138	1541.2975468897
37	0.036	-2.49535165278271	1540.24581611228
38	0.037	-8.77730958690673	1533.05276811612
39	0.038	-15.3249222160358	1519.44493483833
40	0.039	-22.3725909784868	1499.03946086475
41	0.04	-29.5609004504795	1471.51599777395
42	0.041	-37.1242521099017	1436.61670411744
43	0.042	-44.8282446622701	1394.08373835503
44	0.043	-52.7510120240745	1343.73739263554
45	0.044	-60.8925543330599	1285.35889208065
46	0.045	-69.1278576515296	1218.79196871204
47	0.046	-77.4725488931498	1143.93504806338
48	0.047	-85.8328676335774	1060.7256224237
49	0.048	-93.8806519196034	969.312145270787
50	0.049	-101.803422993932	869.9133904377
51	0.05	-109.210511668556	762.849705730137
52	0.051	-116.101917843632	648.636773597723
53	0.052	-122.337000426253	527.860597086461
54	0.053	-127.759491460942	401.255633766545
55	0.054	-132.056855140914	269.790743089298
56	0.055	-135.057196584772	134.676999850135
57	0.056	-136.494860270207	-2.65574595367327
58	0.057	-136.18232468212	-140.551055806156
59	0.058	-133.99457563212	-277.196223339595
60	0.059	-129.869106305289	-410.684781684618
61	0.06	-123.571515620031	-538.961810023598
62	0.061	-115.273698912917	-659.941134666391
63	0.062	-105.131924750103	-771.70066387422
64	0.063	-93.3337150952365	-872.490201173209
65	0.064	-80.0353381045378	-960.731445149416
66	0.065	-65.6430897705194	-1035.12737646326
67	0.066	-50.4538782670626	-1094.73257785837
68	0.067	-35.0302663188615	-1139.03136752766
69	0.068	-19.825429116644	-1168.01593262173
70	0.069	-5.1362742985221	-1182.05350170563
71	0.07	8.72466352095749	-1181.81602447073
72	0.071	21.3354620325747	-1168.34267907029
73	0.072	32.6804944107758	-1142.89141822493
74	0.073	42.4628517576852	-1106.87646251702
75	0.074	50.6825335332156	-1061.86048724789
76	0.075	57.0582571999793	-1009.54680925761
77	0.076	61.7619166370757	-951.693439715401
78	0.077	64.6841239126798	-890.027136816842
79	0.078	65.8717590116123	-826.305912731016
80	0.079	65.5435966783404	-762.154952262359
81	0.08	63.8715314954988	-699.004105551758
82	0.081	60.9024439459008	-638.173835207378
83	0.082	56.9488697769523	-580.804895722271
84	0.083	52.3545982374715	-527.709879091378
85	0.084	47.291523975852	-479.443535361036
86	0.085	41.8221541815341	-436.443413658662
87	0.086	36.4309187635262	-398.873594562451
88	0.087	31.367845939973	-366.530929587021
89	0.088	26.7735764968034	-339.016935744952
90	0.089	22.9918991546264	-315.690915295557
91	0.09	19.9446799481615	-295.779343120482
92	0.091	17.7100526049741	-278.508694220234
93	0.092	16.3817776395587	-263.019496474286
94	0.093	15.9754817719605	-248.397584144846
95	0.094	16.5536720456653	-233.689724612353
96	0.095	17.6631723117172	-218.138019809981
97	0.096	19.4915037686588	-201.117399146112
98	0.097	21.9449058751765	-181.955911700514
99	0.098	24.5858292500373	-160.247261514226
100	0.099	27.5861683485536	-135.71798009125
101	0.1	30.5865075770799	-108.188359504753
102	0.101	33.4618327990248	-77.7209066930196
103	0.102	36.3215313833369	-44.3859419781581
104	0.103	39.0874694867934	-8.23815891941223
105	0.104	41.6658864811463	30.5818016882383
106	0.105	43.8380075558897	71.777031330437
107	0.106	45.8226074622204	115.050621463173
108	0.107	47.63531295306	160.222864294494
109	0.108	49.0104688846931	206.989037837051
110	0.109	50.463758716245	255.169434261201
111	0.11	51.8232879515058	304.756240218757
112	0.111	53.042176263129	355.632254949755
113	0.112	54.1829307361993	407.688091073099
114	0.113	55.2768049138356	460.861241521798
115	0.114	56.2612916952115	515.073572450002
116	0.115	57.0582571999793	570.176629521278
117	0.116	57.6364478688219	625.967264679359
118	0.117	58.0271172437443	682.242329859323
119	0.118	58.1052511191255	738.751796664438
120	0.119	57.9021030434098	795.198756369387
121	0.12	56.0112633043475	850.598722166946
122	0.121	114.517950836263	934.306611860932
123	0.122	55.1986710431737	1017.60820542433
124	0.123	53.0265494897113	1070.16409831445
125	0.124	50.6200264425553	1120.43066890427
126	0.125	47.9791019325384	1168.1735157155
127	0.126	44.8693744272283	1213.04103651906
128	0.127	41.4627384712916	1254.650375592
129	0.128	37.7279405723749	1292.68899773751
130	0.129	33.6181004778314	1326.8053008863
131	0.13	29.2894859150498	1356.70237670642
132	0.131	24.6014560158497	1382.09113029555
133	0.132	19.757158770123	1402.71372031222
134	0.133	14.5690730142942	1418.32011882811
135	0.134	9.09970583066784	1428.59779087427
136	0.135	3.50532485058138	1433.34358883857
137	0.136	-2.49535165278271	1432.29185806115
138	0.137	-8.7304293047365	1425.12225020607
139	0.138	-15.3405489762433	1411.53004368926
140	0.139	-22.3100839391474	1391.14800985525
141	0.14	-29.514020171553	1363.67924042358
142	0.141	-37.0929985906074	1328.81901366618
143	0.142	-44.8282446622701	1286.30167466342
144	0.143	-52.6885049827548	1235.98658246459
145	0.144	-60.8769275720122	1177.64714881089
146	0.145	-69.0966041274863	1111.10366558482
147	0.146	-77.4725488931498	1036.26237169818
148	0.147	-85.7391070449766	953.0998263528
149	0.148	-93.8337716202032	861.75666964389
150	0.149	-101.756542688819	762.40479511306
151	0.15	-109.179258127828	655.380177328417
152	0.151	-116.023783981668	541.22193889735
153	0.152	-122.211986231225	420.547336414584
154	0.153	-127.618850474904	294.075200685201
155	0.154	-132.009974807551	162.704070667655
156	0.155	-134.947809132505	27.6684613213074
157	0.156	-136.41672637296	-109.570523807744
158	0.157	-136.151071123443	-247.411139932265
159	0.158	-133.869561404182	-383.978173572397
160	0.159	-129.744092089459	-517.341717695537
161	0.16	-123.462128196481	-645.501545214826
162	0.161	-115.211191824352	-766.394922601562
163	0.162	-105.038164134698	-878.076317957406
164	0.163	-93.2243277308782	-978.764281266514
165	0.164	-79.941577522367	-1066.90395126946
166	0.165	-65.5337024395035	-1141.19830862671
167	0.166	-50.3757444662019	-1200.70974945588
168	0.167	-35.0302663188615	-1244.96947222473
169	0.168	-19.7160417969916	-1273.89934365898
170	0.169	-5.10502077636758	-1287.86659232198
171	0.17	8.69340999521169	-1287.62911508888
172	0.171	21.4135958582792	-1274.13232953845
173	0.172	32.6804944107758	-1248.64200178024
174	0.173	42.4784785279272	-1212.61923268721
175	0.174	50.6356532152131	-1167.61888419196
176	0.175	56.9801233263624	-1115.36771329749
177	0.176	61.7150363080376	-1057.57685085661
178	0.177	64.637243580503	-995.957428288658
179	0.178	65.8405054559535	-932.275271146749
180	0.179	65.465462789839	-868.179004400172
181	0.18	63.8402779412969	-805.082851410923
182	0.181	60.8399368417343	-744.299461395727
183	0.182	56.9176162275631	-686.977402237398
184	0.183	52.3389714642732	-633.905825767799
185	0.184	47.2602704325817	-585.662922195691
186	0.185	41.8065274114757	-542.686240649982
187	0.186	36.4465455321408	-505.116421554493
188	0.187	31.3522191726237	-472.77375657843
189	0.188	26.7579497305162	-445.275389503179
190	0.189	23.0075259201015	-421.94936905419
191	0.19	19.9446799481615	-402.029983496377
192	0.191	17.6944258405522	-384.76714797834
193	0.192	16.4286579320987	-369.262323468334
194	0.193	16.0223620642769	-354.593530846465
195	0.194	16.5380452814594	-339.870044549916
196	0.195	17.6631723117172	-324.326153129648
197	0.196	19.5071305334263	-307.297719083395
198	0.197	22.0074129362304	-288.097164724886
199	0.198	24.6170827816654	-266.341634242258
200	0.199	27.5705415820843	-241.804539436702
201	0.2	30.6177611114172	-214.267105466271
202	0.201	33.4462060311655	-183.791839271299
203	0.202	36.3527849205137	-150.449061171778
204	0.203	39.0249624095767	-114.316904883053
205	0.204	41.6502597111315	-75.5360111990178
206	0.205	43.8380075558897	-34.3485949418266
207	0.206	45.7913539198201	8.90936841970893
208	0.207	47.6040594095838	54.0503577080915
209	0.208	49.0417224290209	100.816531251075
210	0.209	50.4950122614682	149.02818122
211	0.21	51.7920344054505	198.61498717714
212	0.211	52.9484156226978	249.428494814895
213	0.212	54.2141842837855	301.453077391817
214	0.213	55.261178139693	354.634041227237
215	0.214	56.3081720186464	408.861998930087
216	0.215	57.0426304252454	463.980682775714
217	0.216	57.6051943189706	519.747877771502
218	0.217	57.9646101435347	575.976062626436
219	0.218	58.0896243440386	632.446462493903
220	0.219	57.9177298184331	688.893422198819
221	0.22	87.8273879648516	760.209263714142
222	0.221	99.6568676582064	852.394674149352
223	0.222	54.8705087877931	928.101644996033
224	0.223	53.0109227162986	980.485643371759
225	0.224	50.6043996699024	1030.73658718854
226	0.225	47.9478483888554	1078.4559938416
227	0.226	44.8224941144686	1123.28444771694
228	0.227	41.4002313914837	1164.8390930936
229	0.228	37.6810602655402	1202.82302154579
230	0.229	33.5712201741488	1236.89244438932
231	0.23	29.1800985471122	1266.71138637363
232	0.231	24.6014560158497	1292.04544627879
233	0.232	19.6946517108752	1312.63678276583
234	0.233	14.5065659589238	1328.18067422441
235	0.234	9.06845230480485	1338.41146597996
236	0.235	3.48969808846859	1343.13382380028
237	0.236	-2.57348545957785	1342.0352127384
238	0.237	-8.77730958690673	1334.80309783884
239	0.238	-15.3561757364498	1321.17963780084
240	0.239	-22.4038444981528	1300.74291030722
241	0.24	-29.6546610083269	1273.15694017766
242	0.241	-37.171132388845	1238.18732610276
243	0.242	-44.8282446622701	1195.63092020088
244	0.243	-52.8291458257497	1145.24550758055
245	0.244	-61.0019416604392	1086.77324646114
246	0.245	-69.1747379376102	1020.12818928579
247	0.246	-77.5350559462461	945.216574967546
248	0.247	-85.8328676335774	861.975895801315
249	0.248	-93.9275322190353	770.53897849869
250	0.249	-101.81904976231	671.108970131697
251	0.25	-109.226138438927	564.029658654759
252	0.251	-116.117544616039	449.801099750957
253	0.252	-122.243239779951	329.063990176642
254	0.253	-127.665730803533	202.552787508581
255	0.254	-132.009974807551	71.1582173267195
256	0.255	-134.916555574768	-63.861765240759
257	0.256	-136.401099593529	-201.077310201227
258	0.257	-136.072937226855	-338.871045987738
259	0.258	-133.791427511911	-475.35994573344
260	0.259	-129.650331427822	-608.637542579626
261	0.26	-123.337113998452	-736.687982669083
262	0.261	-115.08617764745	-857.456345868353
263	0.262	-104.944403519444	-969.02835382812
264	0.263	-93.0211797689518	-1069.56786284864
265	0.264	-79.7696831219746	-1157.52001167042
266	0.265	-65.3618080623787	-1231.64247463892
267	0.266	-50.2038501043964	-1290.98202109862
268	0.267	-34.8427452033742	-1335.06203612883
269	0.268	-19.5597741974218	-1363.82001320554
270	0.269	-4.91749964330343	-1377.61536750223
271	0.27	8.88093114983255	-1377.19036912528
272	0.271	21.5542367447471	-1363.52950255431
273	0.272	32.8523888553667	-1337.88290713057
274	0.273	42.6034926900212	-1301.7116837342
275	0.274	50.7450406239537	-1256.59413445353
276	0.275	57.0738839747184	-1204.24138953051
277	0.276	61.6994095317026	-1146.41146015362
278	0.277	64.637243580503	-1084.79985097384
279	0.278	65.8092519003177	-1021.13332060975
280	0.279	65.4342092344785	-957.068307418668
281	0.28	63.7621440558906	-894.026848149803
282	0.281	60.7930565136668	-833.305965241344
283	0.282	56.8551091288474	-776.038599796406
284	0.283	52.2608375983557	-723.037343809124
285	0.284	47.1352562596873	-674.896014256422
286	0.285	41.6502597111315	-632.059973647332
287	0.286	36.3371581519233	-594.622982092124
288	0.287	31.2740853359335	-562.374077724515
289	0.288	26.6798158991324	-534.953844483301
290	0.289	22.9137653272999	-511.713771246404
291	0.29	19.8821728887661	-491.872519514691
292	0.291	17.6944258405522	-474.640937526351
293	0.292	16.3974044037358	-459.151739780526
294	0.293	16.0223620642769	-444.498573922839
295	0.294	16.5692988098742	-429.759460862083
296	0.295	17.6944258405522	-414.184315913189
297	0.296	19.5383840629705	-397.124628337747
298	0.297	21.9761594056971	-377.924073979733
299	0.298	24.6014560158497	-356.191983645278
300	0.299	27.6486754144662	-331.62363530644
301	0.3	30.6177611114172	-304.047134419817
302	0.301	33.5399666383797	-273.524987921238
303	0.302	36.399665226309	-240.111889365213
304	0.303	39.0718427174829	-203.932852769637
305	0.304	41.6658864811463	-165.120705546641
306	0.305	43.8380075558897	-123.925475904443
307	0.306	45.7757271486268	-80.6753259285038
308	0.307	47.5884326378527	-35.5499634115834
309	0.308	49.0729759733678	11.2240235177075
310	0.309	50.5418925793394	59.4747404177418
311	0.31	51.8076611784756	109.09279992033
312	0.311	53.0265494897113	159.953187878104
313	0.312	54.2298110575861	212.024650775433
314	0.313	55.261178139693	265.213427997754
315	0.314	56.3081720186464	319.441385700604
316	0.315	57.0738839747184	374.575696320967
317	0.316	57.6051943189706	430.358518091492
318	0.317	58.0739975689571	486.641396659137
319	0.318	58.0739975689571	543.158676851775
320	0.319	58.558427598952	599.91817205941
321	0.32	116.471300920057	685.876318942595
322	0.321	52.5733730627707	768.841938557689
323	0.322	54.9173891098521	821.030602267682
324	0.323	52.9952959428909	873.430227417734
325	0.324	50.6825335332156	923.712424779468
326	0.325	47.9791019325384	971.486525136025
327	0.326	44.8537476563039	1016.34623255413
328	0.327	41.4471117013331	1057.93994485663
329	0.328	37.7123138034259	1095.96294023269
330	0.329	33.6337272457334	1130.07924338095
331	0.33	29.2426056144834	1159.96069243474
332	0.331	24.6014560158497	1185.32600587358
333	0.332	19.7415320053065	1205.94078250784
334	0.333	14.5690730142942	1221.53936764132
335	0.334	9.06845230480485	1231.80141292455
336	0.335	3.52095161269629	1236.53939750698
337	0.336	-2.5266051755061	1235.47985334926
338	0.337	-8.74605606546133	1228.28680535246
339	0.338	-15.3405489762433	1214.68678545529
340	0.339	-22.3569642186529	1194.28131148152
341	0.34	-29.6077807294041	1166.74222163117
342	0.341	-37.1086253502544	1131.82730121502
343	0.342	-44.8282446622701	1089.30214883244
344	0.343	-52.7666387844072	1038.94798973278
345	0.344	-60.9394346162128	980.538235656153
346	0.345	-69.1591111755812	913.932245383936
347	0.346	-77.5194291829681	839.036257828343
348	0.347	-85.7547338097358	755.842458955671
349	0.348	-93.9119054525545	664.452421948207
350	0.349	-101.803422993932	565.038040348644
351	0.35	-109.19488489819	457.982169026264
352	0.351	-116.08629107123	343.784863665235
353	0.352	-122.290120103078	223.039940701762
354	0.353	-127.72823790845	96.4740443196781
355	0.354	-132.041228363121	-34.9674061924267
356	0.355	-134.963435911382	-170.026455705998
357	0.356	-136.41672637296	-307.273254224488
358	0.357	-136.135444344113	-445.106056959344
359	0.358	-133.853934625716	-581.657463820578
360	0.359	-129.775345643383	-715.028821331447
361	0.36	-123.540262070419	-843.243342564667
362	0.361	-115.242445368625	-964.191413660508
363	0.362	-105.085044442382	-1075.91187594233
364	0.363	-93.2087009645553	-1176.61546602212
365	0.364	-79.9884578134402	-1264.77076278744
366	0.365	-65.5649559626415	-1339.1041870518
367	0.366	-50.3601177060328	-1398.62344126245
368	0.367	-34.9677592803641	-1442.84409713197
369	0.368	-19.7316685569442	-1471.75052842694
370	0.369	-5.02688697095277	-1485.68652356721
371	0.37	8.70903675808337	-1485.40216604997
372	0.371	21.4761029188999	-1471.86631358779
373	0.372	32.7742550168589	-1446.29785199623
374	0.373	42.5722391494713	-1410.18132228939
375	0.374	50.7294138512619	-1365.08721316534
376	0.375	57.1207642989671	-1312.71884146655
377	0.376	61.7462898607242	-1254.84203176302
378	0.377	64.6997506900834	-1193.17572886393
379	0.378	65.8873857894503	-1129.43887800049
380	0.379	65.5592234560579	-1065.27229075405
381	0.38	63.855904718395	-1002.12144404315
382	0.381	60.9024439459008	-941.298987087317
383	0.382	56.9644965516547	-883.922234214858
384	0.383	52.3858517838832	-830.803777423409
385	0.384	47.2758972042146	-782.529620305679
386	0.385	41.7596471013268	-739.568565529228
387	0.386	36.4152919949156	-702.037813357426
388	0.387	31.3522191726237	-669.710775149975
389	0.388	26.7579497305162	-642.212408074725
390	0.389	23.0075259201015	-618.886387625735
391	0.39	19.9134264184576	-598.982628832775
392	0.391	17.7569328982577	-581.704166550737
393	0.392	16.3661508753844	-566.199342040235
394	0.393	15.9911085360631	-551.577429710831
395	0.394	16.5224185172564	-536.87738356049
396	0.395	17.6475455473041	-521.349118904529
397	0.396	19.5071305334263	-504.328498240483
398	0.397	21.9449058751765	-485.159197412501
399	0.398	24.5858292500373	-463.450547226214
400	0.399	27.6174218815028	-438.905639036763
401	0.4	30.6021343442467	-411.352578300208
402	0.401	33.5555934062623	-380.830431801272
403	0.402	36.3840384577065	-347.417333245607
404	0.403	39.13434979475	-311.214856495698
405	0.404	41.6658864811463	-272.37145573407
406	0.405	43.8380075558897	-231.176226091871
407	0.406	45.8226074622204	-187.902635959135
408	0.407	47.63531295306	-142.730393127814
409	0.408	49.0729759733678	-95.9329660409197
410	0.409	50.510639034087	-47.6978759135116
411	0.41	51.8389147245408	1.92018358948298
412	0.411	53.042176263129	52.8040117069986
413	0.412	54.2141842837855	104.875474604136
414	0.413	55.261178139693	158.056438439556
415	0.414	56.2925452441629	212.276582755165
416	0.415	57.1051375242123	267.418706763033
417	0.416	57.6364478688219	323.232782083231
418	0.417	58.0271172437443	379.507847263195
419	0.418	58.0896243440386	436.009500680767
420	0.419	68.8564736840656	497.9258323185
421	0.42	117.018238967771	589.306471268098
422	0.421	56.5738271856612	674.545786968495
423	0.422	54.8705087877931	728.711237578903
424	0.423	53.0109227162986	781.095235954629
425	0.424	50.6043996699024	831.34617977141
426	0.425	47.9634751606946	879.07339981039
427	0.426	44.8068673435578	923.901853686196
428	0.427	41.4158581614292	965.456499062371
429	0.428	37.6654334966035	1003.44042751507
430	0.429	33.5868469420391	1037.50985035807
431	0.43	29.1957253139496	1067.34441910974
432	0.431	24.5702024842283	1092.67066563251
433	0.432	19.6946517108752	1113.24637535375
434	0.433	14.4753124312551	1128.77464004849
435	0.434	9.06845230480485	1138.9898050402
436	0.435	3.48969808846859	1143.71216286052
437	0.436	-2.55785869822237	1142.62136517932
438	0.437	-8.76168282618474	1135.4048770408
439	0.438	-15.403056017063	1121.76579024286
440	0.439	-22.4038444981528	1101.30562260893
441	0.44	-29.5765272101212	1073.75871937847
442	0.441	-37.1086253502544	1038.85942572197
443	0.442	-44.8126179023989	996.342086719322
444	0.443	-52.7666387844072	945.995740999599
445	0.444	-60.955061377267	887.578173542443
446	0.445	-69.1591111755812	820.964369889699
447	0.446	-77.48817565642	746.084009097379
448	0.447	-85.8328676335774	662.866770076061
449	0.448	-93.9119054525545	571.437666156676
450	0.449	-101.772169457186	472.038911325486
451	0.45	-109.210511668556	364.990853386296
452	0.451	-116.08629107123	250.785734640084
453	0.452	-122.274493328697	130.048625063801
454	0.453	-127.665730803533	3.5217956213662
455	0.454	-132.056855140914	-127.896214727177
456	0.455	-134.994689469155	-262.978704408531
457	0.456	-136.338592475864	-400.20206275736
458	0.457	-136.11981756479	-537.987985154006
459	0.458	-133.900814961131	-674.555018793285
460	0.459	-129.728465312506	-807.926376306423
461	0.46	-123.462128196481	-936.078390437236
462	0.461	-115.211191824352	-1056.97176782397
463	0.462	-105.038164134698	-1168.65316317982
464	0.463	-93.1618206656074	-1269.30987295629
465	0.464	-79.8946972313183	-1357.39484928107
466	0.465	-65.4868221548106	-1431.64232635045
467	0.466	-50.3288641856976	-1491.10688689703
468	0.467	-34.95213252074	-1535.30410262657
469	0.468	-19.7004150370381	-1564.18709378177
470	0.469	-5.05814049312358	-1578.12308892317
471	0.47	8.77154380959444	-1577.82310464126
472	0.471	21.4292226234296	-1564.27943880107
473	0.472	32.7117479461215	-1538.76567089261
474	0.473	42.5722391494713	-1502.68039472113
475	0.474	50.6825335332156	-1457.60972575611
476	0.475	57.0895107494627	-1405.28042099109
477	0.476	61.7306630843782	-1347.42705145049
478	0.477	64.6684971352818	-1285.78418871698
479	0.478	65.8717590116123	-1222.07077801985
480	0.479	65.5123431229226	-1157.9354443289
481	0.48	63.8402779412969	-1094.81585117311
482	0.481	60.8711903938066	-1034.01683438188
483	0.482	56.9332430022551	-976.671335060166
484	0.483	52.3545982374715	-923.584131816622
485	0.484	47.2446436609536	-875.341228243728
486	0.485	41.7752738713721	-832.387986853885
487	0.486	36.3840384577065	-794.865048065665
488	0.487	31.3053388705984	-762.577076777832
489	0.488	26.7579497305162	-735.102149853594
490	0.489	22.8981385618443	-711.830823083733
491	0.49	19.8977996536103	-691.989571352325
492	0.491	17.7413061338269	-674.726735834926
493	0.492	16.3817776395587	-659.221911324552
494	0.493	16.0223620642769	-644.576558848954
495	0.494	16.5067917530562	-629.868699316607
496	0.495	17.6475455473041	-614.348248042746
497	0.496	19.5071305334263	-597.3276273787
498	0.497	22.0074129362304	-578.127073020191
499	0.498	24.5702024842283	-556.394982686281
500	0.499	27.6330486479828	-531.850074496495
501	0.5	30.6021343442467	-504.289200376699
502	0.501	33.524339870501	-473.782680645645
503	0.502	36.3840384577065	-440.385208857861
504	0.503	39.118723025427	-404.190545492613
505	0.504	41.6502597111315	-365.362771500653
506	0.505	43.869261097158	-324.159728472828
507	0.506	45.8069806910179	-280.878324955059
508	0.507	47.6196861813196	-235.72170889521
509	0.508	49.057349201192	-188.939908580273
510	0.509	50.510639034087	-140.712631838953
511	0.51	51.7920344054505	-91.1180124955038
512	0.511	53.0265494897113	-40.2654379242423
513	0.512	54.2610646052027	-40.2654379242423
514	0.513	55.2299245914231	12.3856499855477
515	0.514	56.2612916952115	66.0368514403421
516	0.515	57.1051375242123	120.625659361531
517	0.516	57.6208210938936	175.894231982061
518	0.517	58.0896243440386	231.655048012504
519	0.518	58.1208778942176	287.665892443109
520	0.519	84.8739253822778	357.068887392834
521	0.52	105.345020605492	450.083953698196
522	0.521	56.2925452441629	528.808329934501
523	0.522	54.8861355618076	582.303263648963
524	0.523	52.9640423960905	634.133945939389
525	0.524	50.6200264425553	683.831573670189
526	0.525	47.9634751606946	731.028917783291
527	0.526	44.838120885384	775.335309117807
528	0.527	41.4627384712916	816.391332107622
529	0.528	37.6654334966035	853.861011403047
530	0.529	33.6181004778314	887.408371701741
531	0.53	29.2269788476351	916.736504675952
532	0.531	24.6014560158497	941.556315419171
533	0.532	19.725905240493	961.62558935882
534	0.533	14.5378194866034	976.663045033845
535	0.534	9.02157201602874	986.348334096638
536	0.535	3.4584445642494	990.493935698254
537	0.536	-2.57348545957785	988.842008562067
538	0.537	-8.77730958690673	981.072204350302
539	0.538	-15.403056017063	966.887614859794
540	0.539	-22.4194712579848	945.881944533747
541	0.54	-29.5765272101212	917.789538611171
542	0.541	-37.1242521099017	882.344742262637
543	0.542	-44.843871422142	839.266273808092
544	0.543	-52.8135190654124	788.343171875792
545	0.544	-61.0175684214999	729.333221443813
546	0.545	-69.1591111755812	662.150474956749
547	0.546	-77.48817565642	586.732424852226
548	0.547	-85.8328676335774	502.977496518704
549	0.548	-93.8962786860772	411.018516670354
550	0.549	-101.803422993932	311.074259141827
551	0.55	-109.241765209302	203.457258351687
552	0.551	-116.055037526439	88.7144502952931
553	0.552	-122.274493328697	-32.5447218207981
554	0.553	-127.650104027318	-159.601427187329
555	0.554	-132.041228363121	-291.541500071071
556	0.555	-134.963435911382	-427.138238896845
557	0.556	-136.385472814104	-564.907099948111
558	0.557	-136.151071123443	-703.269778605407
559	0.558	-133.900814961131	-840.390128336217
560	0.559	-129.728465312506	-974.299175161558
561	0.56	-123.540262070419	-1103.02794554154
562	0.561	-115.211191824352	-1224.49807917745
563	0.562	-105.053790903922	-1336.72497723011
564	0.563	-93.1774474319199	-1437.93500308656
565	0.564	-79.941577522367	-1526.58892225222
566	0.565	-65.47119539325	-1601.38971539855
567	0.566	-50.3601177060328	-1661.39977863672
568	0.567	-34.95213252074	-1706.15031043863
569	0.568	-19.7004150370381	-1735.57099090604
570	0.569	-5.02688697095277	-1750.02904859856
571	0.57	8.80279733536457	-1750.23550010487
572	0.571	21.491729684063	-1737.18264328368
573	0.572	32.7273747138001	-1712.16749777328
574	0.573	42.5097320684243	-1676.64335107069
575	0.574	50.7450406239537	-1632.11037141302
576	0.575	57.1051375242123	-1580.27968902746
577	0.576	61.7306630843782	-1522.95619541169
578	0.577	64.6997506900834	-1461.83539521298
579	0.578	65.8717590116123	-1398.64404705065
580	0.579	65.5592234560579	-1335.02296250534
581	0.58	63.855904718395	-1272.40980510664
582	0.581	60.8555636177678	-1212.14847762708
583	0.582	56.9488697769523	-1155.34066761824
584	0.583	52.3077179178913	-1102.80678045934
585	0.584	47.2602704325817	-1055.11719297263
586	0.585	41.7283935612493	-1012.71726766424
587	0.586	36.3684116891081	-975.763271727583
588	0.587	31.3209656379364	-944.012989752583
589	0.588	26.7735764968034	-917.060125373736
590	0.589	22.960645623686	-894.287421002015
591	0.59	19.8821728887661	-874.960418434312
592	0.591	17.725679369399	-858.250898993752
593	0.592	16.3817776395587	-843.291577177796
594	0.593	16.0067353001686	-829.191727396455
595	0.594	16.5849255740859	-814.990303647851
596	0.595	17.6631723117172	-799.960661393472
597	0.596	19.5696375925269	-783.438663129873
598	0.597	21.9917861709621	-764.752357936652
599	0.598	24.6327095474845	-743.534516765951
600	0.599	27.6174218815028	-719.503857739981
601	0.6	30.6177611114172	-692.480672932043
602	0.601	33.524339870501	-662.504029129607
603	0.602	36.3527849205137	-629.659873422623
604	0.603	39.0874694867934	-594.034152907492
605	0.604	41.6815132511656	-555.744068227036
606	0.605	43.869261097158	-515.063087741397
607	0.606	45.8382342334274	-472.303746764627
608	0.607	47.6040594095838	-427.677006631645
609	0.608	49.0886027455484	-381.425082242601
610	0.609	50.463758716245	-333.743308200228
611	0.61	51.7607808594149	-284.725445100921
612	0.611	53.0109227162986	-234.434000001587
613	0.612	54.1516771886335	-182.947106737644
614	0.613	55.2455513655555	-130.342899149072
615	0.614	56.2612916952115	-76.6838843072117
616	0.615	57.0270036505168	-22.1341433228705
617	0.616	57.6208210938936	33.0953623608118
618	0.617	57.995863693629	88.8092980660501
619	0.618	58.0271172437443	144.726381846214
620	0.619	81.6079273614734	212.4494974603
621	0.62	113.877252038045	308.097680471536
622	0.621	56.3706791166323	391.127239360352
623	0.622	54.8705087877931	444.653426624042
624	0.623	52.9796691694882	496.48410891416
625	0.624	50.6512799878757	546.205176804319
626	0.625	47.9634751606946	593.418147690081
627	0.626	44.8224941144686	637.71672563914
628	0.627	41.431484931379	678.74930847354
629	0.628	37.7123138034259	716.22680115242
630	0.629	33.5868469420391	749.78197483663
631	0.63	29.1644717802785	779.063227509265
632	0.631	24.5233221868214	803.812717804292
633	0.632	19.7102784756826	823.835111447022
634	0.633	14.459685667425	838.825686830052
635	0.634	9.06845230480485	848.495349127644
636	0.635	3.44281780214299	852.656577492595
637	0.636	-2.57348545957785	850.996836975355
638	0.637	-8.83981662978057	843.195779242153
639	0.638	-15.4186827772654	828.972122850107
640	0.639	-22.4194712579848	807.958639143959
641	0.64	-29.5921539697628	779.858419841562
642	0.641	-37.1398788695492	744.397996733383
643	0.642	-44.8126179023989	701.327341658886
644	0.643	-52.8447725860882	650.404239726119
645	0.644	-61.0175684214999	591.378662533803
646	0.645	-69.1591111755812	524.195916046739
647	0.646	-77.5350559462461	448.754425797303
648	0.647	-85.8172408688029	364.983870701255
649	0.648	-93.8806519196034	273.040517618529
650	0.649	-101.85030329908	173.080633320664
651	0.65	-109.19488489819	65.4636325335064
652	0.651	-116.08629107123	-49.2713621397263
653	0.652	-122.243239779951	-170.530534253839
654	0.653	-127.696984355981	-297.595053010328
655	0.654	-132.009974807551	-429.542939280617
656	0.655	-134.916555574768	-565.100611160299
657	0.656	-136.369846034684	-702.838218653548
658	0.657	-136.057310447555	-841.14620358319
659	0.658	-133.744547176618	-978.1415390838
660	0.659	-129.634704650903	-1111.92557168608
661	0.66	-123.337113998452	-1240.50588769928
662	0.661	-115.08617764745	-1361.81194021076
663	0.662	-104.866269673513	-1473.88257055976
664	0.663	-93.0055530026741	-1574.91288858638
665	0.664	-79.7853098856331	-1663.40272671906
666	0.665	-65.3774348239262	-1738.07850576236
667	0.666	-50.1882233442383	-1797.95574153496
668	0.667	-34.8271184437509	-1842.55781911748
669	0.668	-19.5754009573823	-1871.85348550657
670	0.669	-4.9331264044011	-1886.20215587599
671	0.67	8.86530438693408	-1886.33047357324
672	0.671	21.5386099795713	-1873.22292307851
673	0.672	32.7742550168589	-1848.16089726882
674	0.673	42.6034926900212	-1812.5664301039
675	0.674	50.7137870785749	-1768.00219690813
676	0.675	57.0426304252454	-1716.21839484474
677	0.676	61.6837827553731	-1658.94959494295
678	0.677	64.6841239126798	-1597.86004829745
679	0.678	65.8092519003177	-1534.70776707948
680	0.679	65.5592234560579	-1471.11793608981
681	0.68	63.7777708329606	-1408.54384563382
682	0.681	60.8555636177678	-1348.32158509698
683	0.682	56.8707359035185	-1291.55284202486
684	0.683	52.2764643715292	-1239.07364857586
685	0.684	47.2290168893301	-1191.41531463395
686	0.685	41.7596471013268	-1149.01538932715
687	0.686	36.3684116891081	-1112.04576662045
688	0.687	31.2897121032641	-1080.31111141279
689	0.688	26.7266961979523	-1053.39731395071
690	0.689	22.960645623686	-1030.64804972841
691	0.69	19.9134264184576	-1011.30542039586
692	0.691	17.7569328982577	-994.564647426027
693	0.692	16.4130311679158	-979.574072081463
694	0.693	16.0379888283881	-965.442968771834
695	0.694	16.5692988098742	-951.233731641226
696	0.695	17.6944258405522	-936.196276004535
697	0.696	19.5540108277472	-919.666464358909
698	0.697	21.9605326404352	-901.00359931334
699	0.698	24.6483363133069	-879.793571524992
700	0.699	27.6486754144662	-855.739472349629
701	0.7	30.6333878785914	-828.692847391623
702	0.701	33.5399666383797	-798.70057682166
703	0.702	36.3527849205137	-765.848607730736
704	0.703	39.1030962561081	-730.215073830948
705	0.704	41.6658864811463	-691.924989150844
706	0.705	43.869261097158	-651.251822050215
707	0.706	45.8694877758553	-608.476854302231
708	0.707	47.63531295306	-563.818860626296
709	0.708	49.057349201192	-517.566936237693
710	0.709	50.510639034087	-469.877348808577
711	0.71	51.7607808594149	-420.836045550349
712	0.711	52.9952959428909	-370.552413837719
713	0.712	54.2141842837855	-319.042080412904
714	0.713	55.2299245914231	-266.414432663822
715	0.714	56.2300381462809	-212.778857983493
716	0.715	57.0426304252454	-158.236930386253
717	0.716	57.6364478688219	-102.991797927742
718	0.717	57.995863693629	-47.2700488350399
719	0.718	58.1052511191255	8.68610188281437
720	0.719	112.564600886453	91.9266211970805
721	0.72	93.6874335203922	192.95823171198
722	0.721	56.2300381462809	265.822560856794
723	0.722	54.8705087877931	319.278427635308
724	0.723	52.9171620759274	371.077856378645
725	0.724	50.5887728972543	420.736417176713
726	0.725	47.9165948451912	467.894694359413
727	0.726	44.7287334890714	512.122951838021
728	0.727	41.3846046215426	553.085214204805
729	0.728	37.6341799587425	590.500199806425
730	0.729	33.5399666383797	623.992866416463
731	0.73	29.2113520807905	653.274119087525
732	0.731	24.5545757184227	678.062676298609
733	0.732	19.6321446516766	698.061629795135
734	0.733	14.4753124312551	713.020951648078
735	0.734	8.99031849019025	722.659360420278
736	0.735	3.36468399164281	726.742454972672
737	0.736	-2.55785869822237	725.051460930859
738	0.737	-8.8554433904955	717.250403197977
739	0.738	-15.449936297667	703.003306665373
740	0.739	-22.4350980178162	681.966382819109
741	0.74	-29.6390342486861	653.834909997334
742	0.741	-37.155505629197	618.34323336987
743	0.742	-44.8594981820146	575.241324775741
744	0.743	-52.8760261067685	524.279155942827
745	0.744	-61.0175684214999	465.23795199017
746	0.745	-69.1747379376102	398.047392122092
747	0.746	-77.5663094728097	322.582461728359
748	0.747	-85.8641211631354	238.772839721863
749	0.748	-93.8806519196034	146.806046491971
750	0.749	-101.834676530693	46.8539755782996
751	0.75	-109.226138438927	-60.7708385950335
752	0.751	-116.039410754051	-175.498019880046
753	0.752	-122.290120103078	-296.757191997133
754	0.753	-127.634477251108	-423.813897362749
755	0.754	-131.994348029774	-555.722716691713
756	0.755	-134.947809132505	-691.288201961376
757	0.756	-136.369846034684	-829.041436233493
758	0.757	-136.041683668262	-967.341607773489
759	0.758	-133.760173955043	-1104.33694327366
760	0.759	-129.60345109708	-1238.11316248825
761	0.76	-123.337113998452	-1366.67785172454
762	0.761	-115.023670559114	-1487.95265069184
763	0.762	-104.897523211873	-1600.00765426586
764	0.763	-93.0211797689518	-1701.0614124448
765	0.764	-79.7384295946657	-1789.53562381513
766	0.765	-65.3149277777477	-1864.15670918986
767	0.766	-50.1413430637697	-1923.97925129914
768	0.767	-34.7802381648817	-1968.53444860199
769	0.768	-19.5285206774984	-1997.7832347117
770	0.769	-4.9331264044011	-2012.10846494117
771	0.77	8.91218467563682	-2012.21334249408
772	0.771	21.5854902751082	-1999.05891170723
773	0.772	32.7898817845528	-1973.96563236592
774	0.773	42.587865919744	-1938.3711652023
775	0.774	50.7450406239537	-1893.79911861897
776	0.775	57.1051375242123	-1841.96843623341
777	0.776	61.7306630843782	-1784.64494261764
778	0.777	64.6684971352818	-1723.53976919633
779	0.778	65.8405054559535	-1660.37967458924
780	0.779	65.6061037892447	-1596.75077665516
781	0.78	63.8090243871175	-1534.1376192555
782	0.781	60.8399368417343	-1473.9075453296
783	0.782	56.8707359035185	-1417.14661564549
784	0.783	52.2764643715292	-1364.66742219649
785	0.784	47.1508830312827	-1317.04815518361
786	0.785	41.7440203312859	-1274.69511019085
787	0.786	36.3527849205137	-1237.74111425347
788	0.787	31.3209656379364	-1205.99864566277
789	0.788	26.7266961979523	-1179.06922143335
790	0.789	22.960645623686	-1156.31995721105
791	0.79	19.8821728887661	-1136.99295464335
792	0.791	17.7413061338269	-1120.27562182058
793	0.792	16.3661508753844	-1105.31630000449
794	0.793	16.0379888283881	-1091.20863684113
795	0.794	16.5536720456653	-1077.00721309263
796	0.795	17.7100526049741	-1061.96975745583
797	0.796	19.5540108277472	-1045.43213242799
798	0.797	21.9761594056971	-1026.76145399979
799	0.798	24.6483363133069	-1005.54361282881
800	0.799	27.6643021809532	-981.481700270206
801	0.8	30.6490146457693	-954.419448545367
802	0.801	33.5555934062623	-924.411551207875
803	0.802	36.4309187635262	-891.512701811503
804	0.803	39.13434979475	-855.824474220888
805	0.804	41.712766791217	-817.495322616427
806	0.805	43.8536343265216	-776.806528746081
807	0.806	45.8382342334274	-734.055001154629
808	0.807	47.63531295306	-689.412634249909
809	0.808	49.0886027455484	-643.145083089127
810	0.809	50.510639034087	-595.439868887833
811	0.81	51.7764076324302	-546.390752243097
812	0.811	52.9952959428909	-496.099307143959
813	0.812	54.2298110575861	-444.581160332244
814	0.813	55.2924316879834	-391.914445647982
815	0.814	56.2769184696846	-338.224177257671
816	0.815	57.0426304252454	-283.658809498729
817	0.816	57.6208210938936	-228.421490427682
818	0.817	58.011490468684	-172.699741334916
819	0.818	58.6834418010706	-116.446681888562
820	0.819	119.518527322515	-29.440104015292
821	0.82	66.2311749033438	61.3403404091145
822	0.821	56.2612916952115	120.492167019869
823	0.822	54.8392552397793	173.948033798842
824	0.823	52.9015353025497	225.724022381483
825	0.824	50.6043996699024	275.382583179186
826	0.825	47.9009680733662	322.540860362298
827	0.826	44.7756138017496	366.784744611333
828	0.827	41.4158581614292	407.786073904399
829	0.828	37.6185531898182	445.2088728915
830	0.829	33.5399666383797	478.693726117076
831	0.83	29.1800985471122	507.959352021299
832	0.831	24.5702024842283	532.740095848446
833	0.832	19.6477714164716	552.754676110273
834	0.833	14.4753124312551	567.721811345614
835	0.834	9.02157201602874	577.375846880733
836	0.835	3.41156427793655	581.498008339192
837	0.836	-2.63599250498199	579.791387537147
838	0.837	-8.83981662978057	571.959076281243
839	0.838	-15.449936297667	557.719793128996
840	0.839	-22.4819782973067	536.659429142986
841	0.84	-29.6546610083269	508.496702801646
842	0.841	-37.155505629197	472.997212794361
843	0.842	-44.9063784616366	429.871864060422
844	0.843	-52.9697866688372	378.839374806662
845	0.844	-61.0331951825621	319.743477192439
846	0.845	-69.1903646996412	252.537290562815
847	0.846	-77.5975629993836	177.048920024779
848	0.847	-85.8328676335774	93.2392980197758
849	0.848	-93.974412518499	1.2412512552147
850	0.849	-101.85030329908	-98.7655133420978
851	0.85	-109.273018750066	-206.421581055194
852	0.851	-116.133171388452	-321.219082812976
853	0.852	-122.305746877465	-442.532948634457
854	0.853	-127.681357579754	-569.620907551589
855	0.854	-132.009974807551	-701.560980433765
856	0.855	-134.932182353633	-837.12646570288
857	0.856	-136.385472814104	-974.879699975271
858	0.857	-136.072937226855	-1113.20331168427
859	0.858	-133.744547176618	-1250.20646057453
860	0.859	-129.60345109708	-1383.9748663999
861	0.86	-123.352740773188	-1512.54736902356
862	0.861	-115.070550875359	-1633.85342153636
863	0.862	-104.881896442691	-1745.92405188391
864	0.863	-93.0524333015175	-1846.98562344453
865	0.864	-79.7384295946657	-1935.47546158115
866	0.865	-65.3305545392895	-2010.10436033665
867	0.866	-50.1725965840811	-2069.95034258686
868	0.867	-34.7958649245047	-2114.52898002967
869	0.868	-19.4972671575718	-2143.76995275923
870	0.869	-4.87061936000057	-2158.04830270654
871	0.87	8.88093114983255	-2158.13755350015
872	0.871	21.616743805482	-2144.98312271101
873	0.872	32.8211353199521	-2119.85858983682
874	0.873	42.6191194603027	-2084.23286913522
875	0.874	50.7294138512619	-2039.65300916796
876	0.875	57.0895107494627	-1987.83795355612
877	0.876	61.7462898607242	-1930.51445993955
878	0.877	64.6528703578895	-1869.40928651876
879	0.878	65.7779983447048	-1806.28825885599
880	0.879	65.5748502337811	-1742.70624125527
881	0.88	63.7777708329606	-1680.12433741042
882	0.881	60.7930565136668	-1619.93333042563
883	0.882	56.8394823541816	-1563.21146768023
884	0.883	52.3077179178913	-1510.73227423271
885	0.884	47.1196294880965	-1463.11300721824
886	0.885	41.6502597111315	-1420.82246930715
887	0.886	36.3527849205137	-1383.91535367985
888	0.887	31.3209656379364	-1352.17288508915
889	0.888	26.6954426654022	-1325.259087626
890	0.889	22.960645623686	-1302.52545016998
891	0.89	19.8665461239249	-1283.2062609847
892	0.891	17.6944258405522	-1266.52018169099
893	0.892	16.3817776395587	-1251.57648663945
894	0.893	16.0379888283881	-1237.461010094
895	0.894	16.5536720456653	-1223.2595863455
896	0.895	17.7100526049741	-1208.2221307087
897	0.896	19.5540108277472	-1191.68450568086
898	0.897	21.9761594056971	-1173.01382725266
899	0.898	24.6483363133069	-1151.79598608169
900	0.899	27.6643021809532	-1127.73407352308
901	0.9	30.6177611114172	-1100.68744856542
902	0.901	33.524339870501	-1070.71080476298
903	0.902	36.4152919949156	-1037.83539551879
904	0.903	39.1499765640773	-1002.14716792782
905	0.904	41.6502597111315	-963.84145647874
906	0.905	43.869261097158	-923.176102763118
907	0.906	45.8694877758553	-880.401135015134
908	0.907	47.6196861813196	-835.75095472507
909	0.908	49.1042295177338	-789.483403564066
910	0.909	50.5418925793394	-741.754749204053
911	0.91	51.8076611784756	-692.674379013668
912	0.911	53.0109227162986	-642.359493754804
913	0.912	54.1985575099899	-590.849160330182
914	0.913	55.2455513655555	-538.221512580933
915	0.914	56.2769184696846	-484.554684351836
916	0.915	57.0738839747184	-429.973689818157
917	0.916	57.6833281936383	-374.689490422502
918	0.917	58.0739975689571	-318.905234229727
919	0.918	58.0583707938809	-262.933456736831
920	0.919	66.9656334742131	-202.515861291307
921	0.92	113.408448048446	-114.4232272185
922	0.921	56.4175594401763	-31.604630162712
923	0.922	54.9017623358273	21.9606240367668
924	0.923	52.9327888493101	73.7834929408126
925	0.924	50.6200264425553	123.465493898222
926	0.925	47.9478483888554	170.655024625405
927	0.926	44.838120885384	214.953602574001
928	0.927	41.4471117013331	256.001812178837
929	0.928	37.6185531898182	293.44023793589
930	0.929	33.5399666383797	326.925091161466
931	0.93	29.1957253139496	356.198530449108
932	0.931	24.5858292500373	380.994901042578
933	0.932	19.679024946071	401.032921452109
934	0.933	14.4909391950881	416.023496834166
935	0.934	9.02157201602874	425.685345751201
936	0.935	3.41156427793655	429.807507209661
937	0.936	-2.58911222093154	428.124326549641
938	0.937	-8.82418986906423	420.32326881612
939	0.938	-15.4811898180645	406.076172284033
940	0.939	-22.4038444981528	385.039248437401
941	0.94	-29.6546610083269	356.915588995638
942	0.941	-37.171132388845	321.408285608529
943	0.942	-44.9220052215119	278.267310114828
944	0.943	-52.9229063877977	227.25044762165
945	0.944	-61.048821943626	168.170176767415
946	0.945	-69.2684985098278	100.917109852166
947	0.946	-77.5975629993836	25.389672409037
948	0.947	-85.879747927919	-58.4433897431373
949	0.948	-93.9587857520076	-150.457063271623
950	0.949	-101.834676530693	-250.448201101497
951	0.95	-109.335525831647	-358.12770897119
952	0.951	-116.101917843632	-472.940837497352
953	0.952	-122.337000426253	-594.254703320818
954	0.953	-127.72823790845	-721.381729176692
955	0.954	-131.978721252004	-853.329615445442
956	0.955	-134.916555574768	-988.871660547351
957	0.956	-136.354219255271	-1126.60145465089
958	0.957	-136.088564006161	-1264.91725297013
959	0.958	-133.807054290353	-1401.95946880691
960	0.959	-129.556570766387	-1535.7356880238
961	0.96	-123.337113998452	-1664.27693709475
962	0.961	-114.976790242911	-1785.52829590395
963	0.962	-104.850642904339	-1897.5364191661
964	0.963	-93.0055530026741	-1998.55892380813
965	0.964	-79.7228028310154	-2087.0175084135
966	0.965	-65.2836742546696	-2161.61515364486
967	0.966	-50.1413430637697	-2221.42206899261
968	0.967	-34.7802381648817	-2265.97726629545
969	0.968	-19.4972671575718	-2295.2104256452
970	0.969	-4.88624612110316	-2309.49658897306
971	0.97	8.95906496436154	-2309.55458623996
972	0.971	21.569863509926	-2296.38452869134
973	0.972	32.8367620876574	-2271.27562258107
974	0.973	42.6347462305886	-2235.63427511047
975	0.974	50.7137870785749	-2191.05441514441
976	0.975	57.1207642989671	-2139.23154614416
977	0.976	61.7150363080376	-2081.90805252918
978	0.977	64.6216168031221	-2020.83413266213
979	0.978	65.8405054559535	-1957.69747822111
980	0.979	65.5279699006286	-1894.10764723134
981	0.98	63.7621440558906	-1831.55699694161
982	0.981	60.7774297376552	-1771.38161673336
983	0.982	56.8394823541816	-1714.66756737596
984	0.983	52.245210825187	-1662.2196274748
985	0.984	47.1352562596873	-1614.62380062088
986	0.985	41.6658864811463	-1572.31763593899
987	0.986	36.3059046147546	-1535.42614707956
988	0.987	31.2584585686067	-1503.7383721764
989	0.988	26.6641891328661	-1476.87145501419
990	0.989	22.8981385618443	-1454.18469785536
991	0.99	19.8509193590869	-1434.90457558342
992	0.991	17.6787990761332	-1418.23412305433
993	0.992	16.3505241112131	-1403.31386814918
994	0.993	16.0379888283881	-1389.2140183679
995	0.994	16.5536720456653	-1375.0125946194
996	0.995	17.7100526049741	-1359.9751389826
997	0.996	19.5852643573097	-1343.42188718998
998	0.997	21.9917861709621	-1324.72776861437
999	0.998	24.7108433766302	-1303.4708605291
1000	0.999	27.6486754144662	-1279.38550782207
