No.	时间（s）	Dev1/ai0-1-测振（mm/s）	VH01-V1-Dev1/ai0一次积分（μm）
1	0	41.1345763030721	0
2	0.001	40.7595338274359	40.164348095104
3	0.002	39.2749907188465	79.3989033980953
4	0.003	36.8684682862659	116.687925930502
5	0.004	34.1494105886792	151.414158397824
6	0.005	31.7428883574815	183.577600900754
7	0.006	29.8207959904221	213.576736104556
8	0.007	29.2738591481907	242.341356703713
9	0.008	30.0551974956045	271.22317805546
10	0.009	32.3367055229804	301.636422594603
11	0.01	36.1496369291531	335.096886850519
12	0.011	41.1033227633411	372.940659726617
13	0.012	46.900854686314	416.160041481294
14	0.013	53.1359369037404	465.395730306171
15	0.014	59.2460057148347	520.803994645309
16	0.015	64.8403916869718	582.064486376062
17	0.016	69.3721573926454	648.388053945721
18	0.017	72.4818865617572	718.532368952772
19	0.018	74.091444970367	791.036327748684
20	0.019	73.935177160826	864.266931844131
21	0.02	72.106843835155	936.505235371972
22	0.021	68.7314594526553	1006.14168004573
23	0.022	64.1996938159808	1071.82454970989
24	0.023	58.8553363295411	1132.56935781251
25	0.024	53.1203101302927	1187.77447407227
26	0.025	47.4634184641728	1237.28363139936
27	0.026	42.1346895836165	1281.2999784531
28	0.027	37.3841516564458	1320.27669210298
29	0.028	33.5868469420391	1354.97948443207
30	0.029	30.5865075770799	1386.28345472148
31	0.03	28.5081475765177	1415.04807532813
32	0.031	27.1173653560036	1442.07812482424
33	0.032	26.1016255495841	1467.90491330689
34	0.033	25.2577801830084	1492.80190920303
35	0.034	24.0545192144057	1516.67535193159
36	0.035	22.2105608850098	1539.02518501115
37	0.036	19.3039825916867	1558.99974977935
38	0.037	15.1941435704469	1575.46610589026
39	0.038	9.64664253486516	1587.10379197277
40	0.039	2.67710646151404	1592.48295950081
41	0.04	-5.69883769619795	1590.18938691332
42	0.041	-15.1999081343384	1578.9573070279
43	0.042	-25.7010908103149	1557.72410058542
44	0.043	-36.8117169169988	1525.68498975162
45	0.044	-48.1723712918078	1482.41023867706
46	0.045	-59.3767585187946	1427.85296680161
47	0.046	-70.1592239496894	1362.30226859722
48	0.047	-80.2853663241396	1286.29726649015
49	0.048	-89.4113968493145	1200.66617793328
50	0.049	-97.5373153725555	1106.40911485219
51	0.05	-104.74125552024	1004.48712243564
52	0.051	-110.866949352629	895.90031302906
53	0.052	-116.320692657773	781.523785053709
54	0.053	-121.118112038795	662.021675735275
55	0.054	-125.352967982862	538.003428754297
56	0.055	-129.322169113682	409.883153235875
57	0.056	-132.838194037935	278.020264689917
58	0.057	-136.244831799545	142.696044801027
59	0.058	-139.151412866605	4.2152154978021
60	0.059	-141.386042541159	-136.83621917623
61	0.06	-142.776826109627	-279.700360471773
62	0.061	-142.573677944811	-423.158319469142
63	0.062	-140.573449917498	-565.514590370447
64	0.063	-136.18232468212	-704.675184640406
65	0.064	-128.978380025318	-838.038243964275
66	0.065	-118.664708583484	-962.642495238826
67	0.066	-105.147551519352	-1075.33133226039
68	0.067	-88.458164159834	-1172.91689707014
69	0.068	-68.7528153635601	-1252.30509380198
70	0.069	-46.5628150124031	-1310.74561596011
71	0.07	-22.5757388562711	-1346.0975998646
72	0.071	2.17705007849983	-1357.07965122364
73	0.072	26.7266961979523	-1343.41048505556
74	0.073	49.8386878158499	-1305.91050001881
75	0.074	70.4972855066403	-1246.52522032772
76	0.075	87.561732590102	-1168.27841824949
77	0.076	100.328819738015	-1075.11584905559
78	0.077	108.189097475989	-971.639597418733
79	0.078	111.080055013115	-862.787728144331
80	0.079	109.01731771442	-753.521748750713
81	0.08	102.469690413791	-648.560951656757
82	0.081	92.2185153390698	-551.999555750477
83	0.082	79.0920152094342	-467.126997446375
84	0.083	64.152813484331	-396.287290069642
85	0.084	48.6666798983453	-340.660250348454
86	0.085	33.7431146211558	-300.238060058853
87	0.086	20.210334951143	-274.044042242854
88	0.087	9.20909317126565	-260.1170351518
89	0.088	1.03629646256241	-255.777047305036
90	0.089	-3.96426721321127	-258.02373965051
91	0.09	-5.71446445721482	-263.645812455873
92	0.091	-4.5112038541859	-269.541353581723
93	0.092	-0.713900845557128	-272.936612901745
94	0.093	5.00549402345225	-271.573523282947
95	0.094	11.896896436014	-263.905035023364
96	0.095	19.2414755327936	-249.11855600911
97	0.096	26.195386146487	-227.18283213962
98	0.097	32.2741984526702	-198.730746810191
99	0.098	36.8684682862659	-164.942120410873
100	0.099	39.7125402626616	-127.43432310656
101	0.1	41.0408156839306	-87.8403521034134
102	0.101	40.6970267484038	-47.7541378573962
103	0.102	39.2124836414283	-8.58208963263007
104	0.103	36.8997218237262	28.6913061297972
105	0.104	34.1806641247517	63.4487921338862
106	0.105	31.7585151249247	95.6356747885744
107	0.106	29.9301833594046	125.697317060589
108	0.107	29.3363662156488	154.547884877966
109	0.108	30.1333313308486	183.500026681065
110	0.109	32.3992125933515	213.983591673015
111	0.11	36.1652636976952	247.483122848388
112	0.111	41.1033227633411	285.334709108756
113	0.112	46.885227914793	328.546277477673
114	0.113	53.0890565834122	377.750712756626
115	0.114	59.1053647357435	433.065216446054
116	0.115	64.7310042449077	494.200693966229
117	0.116	69.1846360433225	560.375807140194
118	0.117	72.3881258797759	630.379481131594
119	0.118	73.982057503623	702.781865853143
120	0.119	73.8570432562888	775.918709262949
121	0.12	72.0912170549564	848.110132448422
122	0.121	68.7627130104724	917.754390510986
123	0.122	64.2309473704424	983.468513731293
124	0.123	58.9022166555998	1044.25238877416
125	0.124	53.1984439975815	1099.52001213061
126	0.125	47.4790452358664	1149.07604977718
127	0.126	42.1815698940796	1193.123650372
128	0.127	37.4466587319215	1232.15505771485
129	0.128	33.5712201741488	1266.88129019774
130	0.129	30.5552540427573	1298.16182033604
131	0.13	28.4456405098233	1326.87956064218
132	0.131	27.0236047578723	1353.83147630588
133	0.132	26.0234917189263	1379.57231757413
134	0.133	25.1952731192128	1404.39899302305
135	0.134	23.9763853859611	1428.20211530548
136	0.135	22.1011735279074	1450.45818779227
137	0.136	19.2883558269588	1470.37024549955
138	0.137	15.1472632785803	1486.80534808217
139	0.138	9.63101577184603	1498.41178063724
140	0.139	2.73961350953998	1503.81438830778
141	0.14	-5.63633065211452	1501.58332276634
142	0.141	-15.1217743332437	1490.42156330351
143	0.142	-25.6229570117048	1469.26649066089
144	0.143	-36.7023295995033	1437.32114038513
145	0.144	-48.0629839715662	1394.15577662945
146	0.145	-59.3767585187946	1339.65319841412
147	0.146	-70.1748507118541	1274.09468682864
148	0.147	-80.316619851639	1198.06624457675
149	0.148	-89.4582771458305	1112.39608910786
150	0.149	-97.5841956745388	1018.09214572753
151	0.15	-104.7256287511	916.154526544559
152	0.151	-110.898202894322	807.559903751698
153	0.152	-116.383199747701	693.136495460537
154	0.153	-121.180619134828	573.571879049122
155	0.154	-125.415475084568	449.491124969274
156	0.155	-129.275288783291	321.363036065195
157	0.156	-132.838194037935	189.523587684432
158	0.157	-136.135444344113	54.254061523258
159	0.158	-139.05765218373	-84.1251937108135
160	0.159	-141.261028290262	-225.067240917959
161	0.16	-142.573677944811	-367.767301005646
162	0.161	-142.495544035553	-511.084618965978
163	0.162	-140.448435669205	-653.339315788506
164	0.163	-136.088564006161	-792.390522596339
165	0.164	-128.884619365324	-925.659821252231
166	0.165	-118.602201490695	-1050.18593865039
167	0.166	-105.131924750103	-1162.83570874094
168	0.167	-88.4737909251383	-1260.42127354871
169	0.168	-68.7215618396166	-1339.80165690124
170	0.169	-46.5315614924996	-1398.21092553745
171	0.17	-22.622619135745	-1433.57072282172
172	0.171	2.22393036431773	-1444.55277417758
173	0.172	26.7892032630941	-1430.82891433403
174	0.173	49.8543145882656	-1393.2898623785
175	0.174	70.5441658453981	-1333.87332913181
176	0.175	87.5929861634967	-1255.58746009752
177	0.176	100.360073323471	-1162.39363732418
178	0.177	108.235977866227	-1058.87831869948
179	0.178	111.064428214852	-950.010822629094
180	0.179	109.032944511594	-840.744843236021
181	0.18	102.469690413791	-735.776232743478
182	0.181	92.1403813950632	-639.253903809201
183	0.182	78.9982545114049	-554.467292826117
184	0.183	64.0434260440123	-483.729159518558
185	0.184	48.557292494081	-428.211507219662
186	0.185	33.6493540136392	-387.890890935951
187	0.186	20.1790814213341	-361.759380188615
188	0.187	9.13095935654065	-347.887066769827
189	0.188	1.0519232243523	-343.578332449531
190	0.189	-3.99552073560823	-345.832838175309
191	0.19	-5.71446445721482	-351.47053774187
192	0.191	-4.46432357075415	-357.342638726005
193	0.192	-0.667020560831823	-360.691017761948
194	0.193	5.09925459742628	-359.2576077138
195	0.194	11.9750302529848	-351.503172258745
196	0.195	19.3352361211515	-336.630746041827
197	0.196	26.2891467435139	-314.601261579644
198	0.197	32.2585716851021	-286.110109335486
199	0.198	36.8684682862659	-252.329296319952
200	0.199	39.7750473406198	-214.790245476659
201	0.2	41.0408156839306	-175.165020934534
202	0.201	40.6813999786565	-135.08662007339
203	0.202	39.13434979475	-95.9614521568369
204	0.203	36.7747076739826	-58.7896303926206
205	0.204	34.1337838206488	-24.1180916154549
206	0.205	31.6960080551745	8.01409735230676
207	0.206	29.8989298253913	38.0288593224397
208	0.207	29.2582323813352	66.824733455653
209	0.208	30.0864510296911	95.7143681910161
210	0.209	32.3679590581583	126.158866264791
211	0.21	36.2277707719035	159.674024209672
212	0.211	41.1814566127011	197.595930931824
213	0.212	46.900854686314	240.854379611182
214	0.213	53.1359369037404	290.090068436059
215	0.214	59.1678718375082	345.459265836533
216	0.215	64.7310042449077	406.625996907591
217	0.216	69.2002628224	472.808923471095
218	0.217	72.3881258797759	542.820410852033
219	0.218	73.982057503623	615.222795573583
220	0.219	73.7632825710491	688.312758640769
221	0.22	72.013083154055	760.418234533171
222	0.221	68.6220720004819	829.953105140289
223	0.222	64.121559929926	895.542214135344
224	0.223	58.8240827788621	956.232328519588
225	0.224	53.1671904506509	1011.44525816419
226	0.225	47.4321649207997	1060.96222887977
227	0.226	42.1659431239208	1104.97857593198
228	0.227	37.4935390385714	1144.02561004308
229	0.228	33.6493540136392	1178.81434959903
230	0.229	30.6177611114172	1210.16520019141
231	0.23	28.5237743432003	1238.95326094857
232	0.231	27.1173653560036	1265.99112382802
233	0.232	26.0859987834457	1291.8100989276
234	0.233	25.1796463532723	1316.6602145258
235	0.234	24.007638917329	1340.47115019096
236	0.235	22.0699199973356	1362.72722267814
237	0.236	19.2883558269588	1382.62365362013
238	0.237	15.053502694923	1399.01187591093
239	0.238	9.56850871979436	1410.54017464813
240	0.239	2.66147969951275	1415.87246188764
241	0.24	-5.68321093517948	1413.57888929965
242	0.241	-15.1686546139036	1402.37024955496
243	0.242	-25.6698372908721	1381.16829663243
244	0.243	-36.7492098784287	1349.17606607762
245	0.244	-48.031730451505	1306.00288894251
246	0.245	-59.3767585187946	1251.51593748721
247	0.246	-70.1279704253665	1185.98086604498
248	0.247	-80.2541127966511	1110.00711746382
249	0.248	-89.3957700838157	1024.39946905344
250	0.249	-97.5373153725555	930.1502193551
251	0.25	-104.756882289385	828.22041355398
252	0.251	-110.960709977762	719.578910450257
253	0.252	-116.414453292694	605.108621844879
254	0.253	-121.164992360812	485.536192047975
255	0.254	-125.446728635453	361.447624579693
256	0.255	-129.353422667303	233.264841958165
257	0.256	-132.869447594116	101.370699857306
258	0.257	-136.22920502018	-33.9613334199922
259	0.258	-139.088905744664	-172.403095772564
260	0.259	-141.229774727601	-313.345142978846
261	0.26	-142.573677944811	-456.029576285202
262	0.261	-142.401783344652	-599.300013900083
263	0.262	-140.354674983246	-741.460950034182
264	0.263	-135.963549771883	-880.402769381897
265	0.264	-128.72835159911	-1013.53142703754
266	0.265	-118.477187305355	-1137.91690345993
267	0.266	-104.944403519444	-1250.41040584248
268	0.267	-88.2862697416974	-1347.8084494432
269	0.268	-68.6121745058793	-1427.04037853713
270	0.269	-46.406547412917	-1485.33244646668
271	0.27	-22.513231816964	-1520.57504305177
272	0.271	2.28643741210368	-1531.47114722435
273	0.272	26.7423229642325	-1517.73947400634
274	0.273	49.9011949055415	-1480.2004220416
275	0.274	70.5910461842102	-1420.73700846687
276	0.275	87.561732590102	-1342.44332604987
277	0.276	100.360073323471	-1249.26513006323
278	0.277	108.26723145976	-1145.73418464176
279	0.278	111.111308609667	-1036.8276215772
280	0.279	109.048571308777	-927.530388588129
281	0.28	102.391556444938	-822.593031681422
282	0.281	92.171634972644	-726.094142942781
283	0.282	78.9982545114049	-641.291905170907
284	0.283	64.0434260440123	-570.553771863348
285	0.284	48.5104121780389	-515.059559722472
286	0.285	33.5399666383797	-474.817077284413
287	0.286	20.0696940671003	-448.794953901823
288	0.287	8.94343820145086	-435.071094737697
289	0.288	0.911282368314651	-430.926441422965
290	0.289	-4.13616158631086	-433.321588002113
291	0.29	-5.74571797924378	-439.04523475504
292	0.291	-4.49557709304365	-444.948589261334
293	0.292	-0.698274083983911	-448.328221819997
294	0.293	5.08362783509173	-446.918251914593
295	0.294	11.9594034895854	-439.179443222405
296	0.295	19.3196093564176	-424.322643769553
297	0.296	26.2891467435139	-402.300972689738
298	0.297	32.3679590581583	-373.755126759051
299	0.298	36.9622288986956	-339.872739750774
300	0.299	39.8063008796243	-302.271181831764
301	0.3	41.1189495332045	-262.5912635955
302	0.301	40.8220409065366	-222.40347534578
303	0.302	39.1812301027444	-183.184546811289
304	0.303	36.7903344426863	-145.981471508724
305	0.304	34.1337838206488	-111.302119347206
306	0.305	31.6491277529014	-79.193370530581
307	0.306	29.8207959904221	-49.2411156290692
308	0.307	29.2269788476351	-20.4999351801906
309	0.308	30.008317194502	8.33500587072802
310	0.309	32.3054519878177	38.7091834917379
311	0.31	36.1808904662412	72.1696477486174
312	0.311	41.1502030729442	110.05248754806
313	0.312	46.9164814578396	153.303122843302
314	0.313	53.1984439975815	202.577878600863
315	0.314	59.2616324903161	258.025209874661
316	0.315	64.824764909517	319.285701604428
317	0.316	69.3721573926454	385.601455785359
318	0.317	72.4975133421089	455.753584182587
319	0.318	74.0289378464759	528.234102806729
320	0.319	73.810162913641	601.370946216638
321	0.32	71.997456373893	673.492048890255
322	0.321	68.7002058948619	743.058173054482
323	0.322	64.0746795983608	808.662908830943
324	0.323	58.7928292282044	869.313956274076
325	0.324	53.0578030365517	924.456565436304
326	0.325	47.3540310624487	973.879775515655
327	0.326	42.1034360433297	1017.82580209839
328	0.327	37.3841516564458	1056.78688897813
329	0.328	33.5555934062623	1091.47405453934
330	0.329	30.5708808099168	1122.75458467728
331	0.33	28.4456405098233	1151.480138367
332	0.331	27.0704850569223	1178.45549418022
333	0.332	26.0859987834457	1204.25102913025
334	0.333	25.2265266511038	1229.12458487738
335	0.334	24.0545192144057	1252.98240083998
336	0.335	22.1949341196998	1275.32442053688
337	0.336	19.3196093564176	1295.29898530479
338	0.337	15.162890042533	1311.75752803412
339	0.338	9.59976224581523	1323.35614720814
340	0.339	2.66147969951275	1328.70406121066
341	0.34	-5.68321093517948	1326.41048862267
342	0.341	-15.231161654769	1315.17059535755
343	0.342	-25.7323443297559	1293.90613539514
344	0.343	-36.796090157356	1261.85921118143
345	0.344	-48.1879980518458	1218.58446010668
346	0.345	-59.423638801491	1163.99593470986
347	0.346	-70.1279704253665	1098.43742312628
348	0.347	-80.238486032911	1022.47148792699
349	0.348	-89.4426503803219	936.848212750228
350	0.349	-97.5216886052351	842.5833362873
351	0.35	-104.710001981964	740.68478402355
352	0.351	-110.835695810954	632.129228156942
353	0.352	-116.273812340377	517.791767111126
354	0.353	-121.055604942844	398.344351499365
355	0.354	-125.352967982862	274.357358066363
356	0.355	-129.275288783291	146.260522713136
357	0.356	-132.822567259853	14.4288877214143
358	0.357	-136.213578240821	-120.871891999072
359	0.358	-139.135786086111	-259.329281132688
360	0.359	-141.370415759775	-400.365089025781
361	0.36	-142.636185072332	-543.151096411984
362	0.361	-142.526797599237	-686.515294717919
363	0.362	-140.526569574341	-828.824685274858
364	0.363	-136.072937226855	-967.907145645606
365	0.364	-128.868992588677	-1101.16081752352
366	0.365	-118.58657471751	-1225.67130814677
367	0.366	-105.053790903922	-1338.27419792763
368	0.367	-88.364403568075	-1435.76600213378
369	0.368	-68.6278012678356	-1515.04481152189
370	0.369	-46.437800932808	-1573.36031959236
371	0.37	-22.5444853366188	-1608.63416969722
372	0.371	2.20830360237638	-1619.58496753449
373	0.372	26.7579497305162	-1605.8845478382
374	0.373	49.8855681331114	-1568.34549587653
375	0.374	70.5285390658062	-1508.92114924722
376	0.375	87.5773593767959	-1430.65090699607
377	0.376	100.297566152591	-1337.49615120153
378	0.377	108.189097475989	-1234.03552635739
379	0.378	111.03317461835	-1125.20709728037
380	0.379	107.798427560211	-1016.57400316124
381	0.38	127.535078408727	-899.689957146919
382	0.381	92.2185153390698	-790.59586724317
383	0.382	79.0607616433984	-705.738935722086
384	0.383	64.121559929926	-634.930481905574
385	0.384	48.6197995822036	-579.342509119659
386	0.385	33.6806075494625	-538.975012523976
387	0.386	20.1790814213341	-512.827875008728
388	0.387	9.11533259360302	-498.963374971409
389	0.388	1.00504293898858	-494.685894175263
390	0.389	-4.02677425799842	-496.979466804918
391	0.39	-5.71446445721482	-502.632793132675
392	0.391	-4.44869680960691	-508.497080736236
393	0.392	-0.713900845557128	-511.861086533968
394	0.393	5.05237431042928	-510.474556771682
395	0.394	11.9125231994029	-502.774814986915
396	0.395	19.2883558269588	-487.957082443885
397	0.396	26.2110129126495	-465.99010504423
398	0.397	32.2273181499774	-437.553646483067
399	0.398	36.8997218237262	-403.772833466365
400	0.399	39.7906741101199	-366.210342469592
401	0.4	41.1189495332045	-326.53823761808
402	0.401	40.7595338274359	-286.38170290791
403	0.402	39.2281104107765	-247.170587758953
404	0.403	36.821587980106	-209.928445533662
405	0.404	34.1962908927939	-175.202213067362
406	0.405	31.6803812877463	-143.046583947242
407	0.406	29.9301833594046	-113.024008593816
408	0.407	29.3051126819125	-84.1890675433078
409	0.408	30.0551974956045	-55.2916194246993
410	0.409	32.3210787553971	-24.8861882693485
411	0.41	36.1340101606151	8.55864921850769
412	0.411	41.0720692236272	46.3789819404789
413	0.412	46.8070940572577	89.5358566107714
414	0.413	53.1203101302927	138.716851734397
415	0.414	59.1991253884227	194.093862523604
416	0.415	64.7153774674927	255.268406981412
417	0.416	69.3096502761093	321.498213883063
418	0.417	72.4193794404118	391.580021771174
419	0.418	74.0445646274394	464.029286834949
420	0.419	73.8726700371838	537.205197197111
421	0.42	72.106843835155	609.41224716313
422	0.421	68.7470862315609	679.056505226338
423	0.422	64.1684402615419	744.73156150274
424	0.423	58.9022166555998	805.484182991161
425	0.424	53.1515636771932	860.728366187407
426	0.425	47.4165381491201	910.229710130414
427	0.426	42.119062813471	954.214803641559
428	0.427	37.3997784253086	993.191517290799
429	0.428	33.5555934062623	1027.88649623643
430	0.429	30.5552540427573	1059.15921299079
431	0.43	28.3987602098401	1087.85351314694
432	0.431	27.0236047578723	1114.78198866065
433	0.432	26.039118485051	1140.53064331196
434	0.433	25.101512523621	1165.31825184615
435	0.434	24.0232656830179	1189.09793397932
436	0.435	22.0699199973356	1211.36181984934
437	0.436	19.3039825916867	1231.2660641737
438	0.437	15.162890042533	1247.71679352066
439	0.438	9.61538900882939	1259.3232260762
440	0.439	2.67710646151404	1264.68676684122
441	0.44	-5.66758417415943	1262.40882101474
442	0.441	-15.1686546139036	1251.20799465056
443	0.442	-25.7792246089142	1229.951348069
444	0.443	-36.8273436766419	1197.86535695608
445	0.444	-48.234878331965	1154.55153898162
446	0.445	-59.4861458451075	1099.90831992294
447	0.446	-70.2686112848874	1034.24823438779
448	0.447	-80.410380434203	958.126031558094
449	0.448	-89.4895306768574	872.393369032414
450	0.449	-97.6623295112526	778.034731968209
451	0.45	-104.866269673513	675.987725405676
452	0.451	-111.054470603058	567.244648297241
453	0.452	-116.414453292694	452.727479379215
454	0.453	-121.164992360812	333.155049582312
455	0.454	-125.415475084568	209.082108889472
456	0.455	-129.353422667303	80.9149530433866
457	0.456	-132.806940481777	-50.9479355013031
458	0.457	-136.166697902778	-186.217461663731
459	0.458	-139.088905744664	-324.627970457602
460	0.459	-141.276655071602	-465.593457835884
461	0.46	-142.636185072332	-608.332584878002
462	0.461	-142.448663690074	-751.657716229355
463	0.462	-140.432808888196	-893.881159488639
464	0.463	-136.057310447555	-1032.90892612667
465	0.464	-128.822112258772	-1166.13134444998
466	0.465	-118.58657471751	-1290.61839490827
467	0.466	-105.022537365479	-1403.20565791991
468	0.467	-88.3331500375144	-1500.66620859156
469	0.468	-68.6278012678356	-1579.92939121438
470	0.469	-46.375293893029	-1638.21364576497
471	0.47	-22.450724777647	-1673.40936207045
472	0.471	2.34894445992255	-1684.24295919947
473	0.472	26.9142173935448	-1670.39408524288
474	0.473	50.0418358576298	-1632.69876558745
475	0.474	70.684806861997	-1573.11815119778
476	0.475	87.7180004573562	-1494.69945450826
477	0.476	100.360073323471	-1401.44312458799
478	0.477	108.314111850121	-1297.88873897135
479	0.478	111.095681811387	-1188.96654911074
480	0.479	109.032944511594	-1079.6849429194
481	0.48	102.391556444938	-974.755399411286
482	0.481	92.1247546062837	-878.279950855826
483	0.482	78.9357473795156	-793.532406833076
484	0.483	64.0277992668465	-722.833340480045
485	0.484	48.4947854060343	-667.354755113754
486	0.485	33.6024737099333	-627.088832525921
487	0.486	20.0384405373471	-601.05108237243
488	0.487	9.75602987606867	-586.936554135872
489	0.488	0.911282368314651	-582.385604983831
490	0.489	-4.04240101919097	-584.733871279419
491	0.49	-5.73009121823009	-590.402824368279
492	0.491	-4.46432357075415	-596.282738732922
493	0.492	-0.667020560831823	-599.631117768864
494	0.493	5.13050812210204	-598.182080958379
495	0.494	12.0687908334362	-590.36513845076
496	0.495	19.3821164153717	-575.422391796506
497	0.496	26.2891467435139	-553.369467187213
498	0.497	32.3210787553971	-524.847061407908
499	0.498	36.9778556674481	-490.980301166635
500	0.499	39.8219276491329	-453.363116478495
501	0.5	41.087695993482	-413.691011627337
502	0.501	40.8064141367549	-373.526663532369
503	0.502	39.1968568720842	-334.307734998099
504	0.503	36.8997218237262	-297.042152620344
505	0.504	34.1806641247517	-262.284666616255
506	0.505	31.727261590042	-230.113410729008
507	0.506	29.9458101264168	-200.059581840929
508	0.507	29.3051126819125	-171.216827406914
509	0.508	30.1802116320392	-142.256872220088
510	0.509	32.3679590581583	-111.765493845139
511	0.51	36.2277707719035	-78.2503359002583
512	0.511	41.1345763030721	-40.3518693329204
513	0.512	46.9321082293699	-40.3518693329204
514	0.513	53.2140707710544	8.23765864407949
515	0.514	59.1834986129628	62.9528818128759
516	0.515	64.7466310223283	123.434385107309
517	0.516	69.2158896014835	188.932083896003
518	0.517	72.4193794404118	258.266156893738
519	0.518	73.9664307226845	329.975500452074
520	0.519	73.8257896945174	402.388049137463
521	0.52	72.013083154055	473.823924038537
522	0.521	68.6845791159741	542.689193650339
523	0.522	64.1840670387586	607.639955204494
524	0.523	58.8397095541989	667.66828197776
525	0.524	53.1671904506509	722.188170456973
526	0.525	47.4321649207997	771.004286619486
527	0.526	42.1346895836165	814.304152348482
528	0.527	37.4622855008007	852.619078367478
529	0.528	33.5712201741488	886.652269681741
530	0.529	30.5708808099168	917.239758650561
531	0.53	28.4300137431587	945.256644403887
532	0.531	26.9923512251899	971.484265364849
533	0.532	26.0078649528051	996.500811930634
534	0.533	25.1171392895445	1020.5797525286
535	0.534	23.9451318546065	1043.62732657746
536	0.535	22.0074129362304	1065.12003744967
537	0.536	19.1945952386556	1084.2374800139
538	0.537	15.0691294588589	1099.88578083944
539	0.538	9.52162843078166	1110.69759826105
540	0.539	2.66147969951275	1115.30559080299
541	0.54	-5.71446445721482	1112.29553690092
542	0.541	-15.2155348945542	1100.34697570183
543	0.542	-25.6698372908721	1078.4207280859
544	0.543	-36.7648366380709	1045.71982959822
545	0.544	-48.1567445317707	1001.77547749008
546	0.545	-59.4080120405907	946.50953768069
547	0.546	-70.1904774740209	880.226731400172
548	0.547	-80.3478733791494	803.473994450375
549	0.548	-89.5207842078975	717.056104133639
550	0.549	-97.6623295112526	621.980985750852
551	0.55	-104.866269673513	519.233124635257
552	0.551	-111.070097373956	409.78137958831
553	0.552	-116.50821392779	294.508662414225
554	0.553	-121.290006553083	174.125990650577
555	0.554	-125.509235737287	49.2428079821793
556	0.555	-129.447183328301	-79.7189630738273
557	0.556	-132.916327928431	-212.384280225406
558	0.557	-136.291712137678	-348.471861781672
559	0.558	-139.198293208126	-487.700425977786
560	0.559	-141.339162197026	-629.452715203574
561	0.56	-142.667438636131	-772.939577143365
562	0.561	-142.43303690826	-916.973376438773
563	0.562	-140.417182107193	-1059.88204746971
564	0.563	-136.026056888974	-1199.58722849101
565	0.564	-128.759605152308	-1333.46362103486
566	0.565	-118.492814078505	-1458.57339217348
567	0.566	-105.022537365479	-1571.81462941868
568	0.567	-88.3487768027931	-1669.98384802603
569	0.568	-68.6590547917543	-1749.97132534652
570	0.569	-46.437800932808	-1809.00331473201
571	0.57	-22.513231816964	-1844.96239263011
572	0.571	2.31769093600899	-1856.5437245938
573	0.572	26.8517103282916	-1843.44258548486
574	0.573	49.9324484504162	-1806.53406761872
575	0.574	70.6691800823508	-1747.71681487555
576	0.575	87.7180004573562	-1670.00678612891
577	0.576	100.438207287246	-1577.41224377982
578	0.577	108.345365443736	-1474.50401893754
579	0.578	111.158189004557	-1366.23580323661
580	0.579	109.064198105967	-1257.60817120456
581	0.58	102.454063620005	-1153.33260186478
582	0.581	92.1403813950632	-1057.51894088046
583	0.582	78.9982545114049	-973.433184450438
584	0.583	64.0434260440123	-903.395905695942
585	0.584	48.5104121780389	-848.602548108129
586	0.585	33.5868469420391	-809.037480071302
587	0.586	20.0540673022222	-783.700584472383
588	0.587	8.89655791273347	-770.708833388118
589	0.588	0.911282368314651	-767.288474770806
590	0.589	-4.08928130275851	-770.36103576124
591	0.59	-5.74571797924378	-776.762096925454
592	0.591	-4.5112038541859	-783.374119365381
593	0.592	-0.682647322408809	-787.45460647689
594	0.593	5.06800107275939	-786.745491124927
595	0.594	12.0219105431987	-779.68409684016
596	0.595	19.3821164153717	-765.465644884087
597	0.596	26.3360270420739	-744.090134678577
598	0.597	32.3992125933515	-716.206076384076
599	0.598	37.040362742499	-682.969850239363
600	0.599	39.8688079576841	-645.998826412484
601	0.6	41.1345763030721	-606.980695805318
602	0.601	40.8064141367549	-567.493762108617
603	0.602	39.2281104107765	-528.960061358063
604	0.603	36.8528415175419	-492.403146917116
605	0.604	34.086903516581	-458.416835923267
606	0.605	31.6960080551745	-427.008941660601
607	0.606	29.9145565923961	-397.687220860028
608	0.607	29.2894859150498	-369.568761129518
609	0.608	30.0864510296911	-341.364354180359
610	0.609	32.383585825753	-311.612897275849
611	0.61	36.2277707719035	-278.790780500233
612	0.611	41.1658298428205	-241.577541716084
613	0.612	46.9633617724445	-198.996507431663
614	0.613	53.2296975445322	-150.383539296387
615	0.614	59.3710199188362	-95.5667420879152
616	0.615	64.8560184644322	-34.9367844194932
617	0.616	69.3721573926454	30.6937419858334
618	0.617	72.5443936832008	100.168456000544
619	0.618	74.091444970367	172.002813804116
620	0.619	73.888296818085	244.50912317513
621	0.62	72.0912170549564	316.015318588438
622	0.621	68.7783397893898	384.966535487399
623	0.622	64.1840670387586	449.964177378261
624	0.623	58.8553363295411	510.000317539199
625	0.624	53.1515636771932	564.520206019354
626	0.625	47.4165381491201	613.320695409298
627	0.626	42.1346895836165	656.612747752454
628	0.627	37.4622855008007	694.927673771451
629	0.628	33.5868469420391	728.968678469658
630	0.629	30.6490146457693	759.60304774035
631	0.63	28.4768940431634	787.682440561605
632	0.631	27.1329921223711	814.00382212116
633	0.632	26.1016255495841	839.137569433925
634	0.633	25.1952731192128	863.302457245111
635	0.634	23.9920121516434	886.412538357327
636	0.635	22.1168002931981	907.983383056536
637	0.636	19.2102220033652	927.163332681605
638	0.637	15.0847562227976	942.827260271474
639	0.638	9.59976224581523	953.685957982569
640	0.639	2.63022617551643	958.317390670022
641	0.64	-5.73009121823009	955.283896625453
642	0.641	-15.231161654769	943.319708665741
643	0.642	-25.8104781283509	921.315327250969
644	0.643	-36.9054774748604	888.473787926151
645	0.644	-48.2192515719244	844.427861879547
646	0.645	-59.533026127836	789.068161506454
647	0.646	-70.2373577605343	722.699408039057
648	0.647	-80.3322466153928	645.931044327881
649	0.648	-89.5051574423758	559.528780775785
650	0.649	-97.6154492092131	464.484915926778
651	0.65	-104.819389366005	361.783935115957
652	0.651	-111.070097373956	252.355630222764
653	0.652	-116.476960382739	137.098539821205
654	0.653	-121.274379779031	16.7393082171079
655	0.654	-125.540489288237	-108.151687839738
656	0.655	-129.447183328301	-237.12908567122
657	0.656	-133.025715375369	-369.849096546267
658	0.657	-136.307338917067	-505.999185215697
659	0.658	-139.26080033024	-645.266816362563
660	0.659	-141.464176448174	-787.112866274982
661	0.66	-142.76119932768	-930.709115686121
662	0.661	-142.542424381089	-1074.84448906372
663	0.662	-140.510942793301	-1217.85473417413
664	0.663	-136.057310447555	-1357.62242231777
665	0.664	-128.822112258772	-1491.54569519414
666	0.665	-118.555321171155	-1616.71797343232
667	0.666	-105.038164134698	-1729.99827760846
668	0.667	-88.2706429764315	-1828.13624268723
669	0.668	-68.5809209819729	-1908.04558618965
670	0.669	-46.3284136132029	-1966.98381501045
671	0.67	-22.4663515374772	-2002.864759109
672	0.671	2.33331769796474	-2014.41483755197
673	0.672	26.8517103282916	-2001.30588506205
674	0.673	49.9480752228608	-1964.38955380969
675	0.674	70.5910461842102	-1905.60355462936
676	0.675	87.6398665236414	-1827.97165979865
677	0.676	100.328819738015	-1735.47087819104
678	0.677	108.26723145976	-1632.65641411536
679	0.678	111.064428214852	-1524.47414580127
680	0.679	108.986064120097	-1415.932461157
681	0.68	102.422810032455	-1311.71158560394
682	0.681	92.171634972644	-1215.8979246246
683	0.682	79.0138812943935	-1131.7887280143
684	0.683	64.121559929926	-1061.70456892535
685	0.684	48.5260389500482	-1006.86433100857
686	0.685	33.6024737099333	-967.283636201796
687	0.686	20.1165743617534	-941.907673689164
688	0.687	7.63079012558928	-929.517552968705
689	0.688	0.895655606542592	-926.737891625852
690	0.689	-4.08928130275851	-929.818265997172
691	0.69	-5.73009121823009	-936.211513780878
692	0.691	-4.5112038541859	-942.815722840298
693	0.692	-0.682647322408809	-946.896209951808
694	0.693	5.05237431042928	-946.19490798101
695	0.694	11.9906570163868	-939.156953840814
696	0.695	19.3821164153717	-924.954128648147
697	0.696	26.3360270420739	-903.578618442637
698	0.697	32.4304661285598	-875.678933380532
699	0.698	36.9934824362047	-842.450520621362
700	0.699	39.9156882662735	-805.479496793335
701	0.7	41.1502030729442	-766.430112646938
702	0.701	40.8220409065366	-726.92755218041
703	0.702	39.3062442575809	-688.346971121564
704	0.703	36.9309753612028	-651.711922835384
705	0.704	34.1337838206488	-617.663104767671
706	0.705	31.7116348226064	-586.223956969255
707	0.706	29.9458101264168	-556.878796017956
708	0.707	29.2269788476351	-528.775963054142
709	0.708	30.0708242626459	-500.610623022214
710	0.709	32.383585825753	-470.866979501226
711	0.71	36.1496369291531	-438.083929646986
712	0.711	41.1033227633411	-400.941011323951
713	0.712	46.9164814578396	-358.414670736573
714	0.713	53.245324318015	-309.817329371857
715	0.714	59.2616324903161	-255.047412490904
716	0.715	64.9185255743311	-194.440894981793
717	0.716	69.3877841717943	-128.771301631942
718	0.717	72.560020463577	-59.2809608374688
719	0.718	74.169578875371	12.600277308793
720	0.719	73.9508039417521	85.1769071941423
721	0.72	72.1849777362397	156.761236509926
722	0.721	68.8252201261775	225.782773917922
723	0.722	64.277827702177	290.850736308887
724	0.723	58.9178434309634	350.965010352245
725	0.724	53.1984439975815	405.539592543306
726	0.725	47.4477916924839	454.379148865126
727	0.726	42.1815698940796	497.710268135196
728	0.727	37.4154051941754	536.025194156111
729	0.728	33.5555934062623	570.027131933118
730	0.729	30.5708808099168	600.606807517995
731	0.73	28.4768940431634	628.647133421323
732	0.731	27.0704850569223	654.937261448154
733	0.732	26.0703720173107	680.024128462058
734	0.733	25.2265266511038	704.189016273053
735	0.734	24.0857727458068	727.361604448296
736	0.735	22.2105608850098	749.026209740492
737	0.736	19.3508628858885	768.323360102729
738	0.737	15.1941435704469	784.112301807685
739	0.738	9.64664253486516	795.049133337128
740	0.739	2.67710646151404	799.727446312106
741	0.74	-5.68321093517948	796.740832552061
742	0.741	-15.2155348945542	784.807898113982
743	0.742	-25.7635978491952	762.834770218895
744	0.743	-36.8898507152163	730.024484413477
745	0.744	-48.2973853721363	685.947304846588
746	0.745	-59.6111599324141	630.509470671101
747	0.746	-70.3623718579982	564.039143252683
748	0.747	-80.4416339617463	487.153578819598
749	0.748	-89.6145448010963	400.641927914965
750	0.749	-97.7092098133258	305.496489084541
751	0.75	-104.881896442691	202.717374433321
752	0.751	-111.054470603058	93.2656293872344
753	0.752	-116.50821392779	-21.9992744014015
754	0.753	-121.336886875268	-142.405386326143
755	0.754	-125.477982186359	-267.296382380169
756	0.755	-129.415929774613	-396.226899883867
757	0.756	-132.963208262798	-528.900030425785
758	0.757	-136.291712137678	-665.011052149235
759	0.758	-139.26080033024	-804.270869906406
760	0.759	-141.448549666759	-946.109106428118
761	0.76	-142.839333237479	-1089.73660940345
762	0.761	-142.636185072332	-1233.95793008157
763	0.762	-140.604703479634	-1377.06193588076
764	0.763	-136.197951461467	-1516.94682487452
765	0.764	-128.962753248639	-1651.01073875279
766	0.765	-118.695962129908	-1776.32365796528
767	0.766	-105.147551519352	-1889.72897631312
768	0.767	-88.41128386394	-1987.99195552798
769	0.768	-68.6590547917543	-2068.01068637904
770	0.769	-46.375293893029	-2127.01142224464
771	0.77	-22.4194712579848	-2162.89236634336
772	0.771	2.38019798384435	-2174.39556450364
773	0.772	26.9454709261924	-2161.21629157183
774	0.773	49.9793287677645	-2124.23745324807
775	0.774	70.7004336416492	-2065.38113356657
776	0.775	87.7805076044543	-1987.62422446673
777	0.776	100.453834080024	-1894.99061514771
778	0.777	108.360992240556	-1792.06676351063
779	0.778	111.111308609667	-1683.81417460873
780	0.779	109.079824903166	-1575.20216937553
781	0.78	102.454063620005	-1470.91878663715
782	0.781	92.15600818385	-1375.09731225844
783	0.782	79.0138812943935	-1290.99592904253
784	0.783	64.0590528211838	-1220.94302350795
785	0.784	48.5416657220622	-1166.12622575954
786	0.785	33.6337272457334	-1126.52209079886
787	0.786	20.1790814213341	-1101.09924798853
788	0.787	19.5696375925269	-1082.70845000482
789	0.788	1.00504293898858	-1073.90467126227
790	0.789	-4.02677425799842	-1076.89909844499
791	0.79	-5.71446445721482	-1083.25327932581
792	0.791	-4.44869680960691	-1089.81842148243
793	0.792	-0.698274083983911	-1093.87546845244
794	0.793	5.00549402345225	-1093.20542000592
795	0.794	11.9594034895854	-1086.20653277261
796	0.795	19.3352361211515	-1072.04277449045
797	0.796	26.2891467435139	-1050.71414458133
798	0.797	32.3210787553971	-1022.89259335509
799	0.798	36.8997218237262	-989.765754588739
800	0.799	39.7906741101199	-952.904118145028
801	0.8	41.087695993482	-913.948494616439
802	0.801	40.7439070576714	-874.516254614075
803	0.802	39.2281104107765	-836.013807403063
804	0.803	36.884095054994	-799.44126619339
805	0.804	34.2119176608399	-765.376821358685
806	0.805	31.7741418923716	-733.867353105292
807	0.806	29.9614368934326	-704.483125235602
808	0.807	29.3676197493996	-676.302158437398
809	0.808	30.164584864972	-648.019617653424
810	0.809	32.4460928961697	-618.197840296066
811	0.81	36.2746510776021	-585.321029832392
812	0.811	41.1970833825861	-548.06872412551
813	0.812	46.9789885439887	-505.464249685435
814	0.813	53.1828172241137	-456.866908324596
815	0.814	59.2616324903161	-402.128244990593
816	0.815	64.8403916869718	-341.560794425161
817	0.816	69.2940234969901	-275.977148356393
818	0.817	72.560020463577	-206.533687899321
819	0.818	74.0758181893849	-134.699330096052
820	0.819	73.9195503799062	-62.1852073346191
821	0.82	72.1380973955705	9.36005502990703
822	0.821	68.7627130104724	78.3268987097163
823	0.822	64.2622009249265	143.355794154203
824	0.823	58.9647237570862	203.485694971998
825	0.824	53.3234581855045	258.146224420081
826	0.825	47.5571790944046	307.102981536823
827	0.826	42.2128234344101	350.504421278018
828	0.827	37.5404193452581	388.89748114464
829	0.828	33.6181004778314	422.993179532973
830	0.829	30.5865075770799	453.611922037216
831	0.83	28.4768940431634	481.660061324126
832	0.831	27.0392315242188	507.934562584605
833	0.832	26.0078649528051	532.974549299904
834	0.833	25.1171392895445	557.053489897867
835	0.834	23.9607586202821	580.108877329568
836	0.835	22.0542932320545	601.632841732524
837	0.836	19.2102220033652	620.781537827022
838	0.837	15.1160097506833	636.461092180834
839	0.838	9.58413548280356	647.327603274365
840	0.839	2.70835998552285	651.990289485316
841	0.84	-5.68321093517948	649.019302487276
842	0.841	-15.2155348945542	637.086368049196
843	0.842	-25.7010908103149	615.14449367355
844	0.843	-36.796090157356	582.412341666502
845	0.844	-48.2036248118847	538.42892265867
846	0.845	-59.4861458451075	483.100475806961
847	0.846	-70.3154915714331	416.716095575479
848	0.847	-80.3947536704355	339.877411431332
849	0.848	-89.598918035555	253.397014055125
850	0.849	-97.7404633480601	158.243761840105
851	0.85	-104.913149981059	55.4333936523334
852	0.851	-111.195111541307	-54.1042986320616
853	0.852	-116.555094245403	-169.462963048629
854	0.853	-121.3837671975	-289.915955293293
855	0.854	-125.649876716729	-414.91633877362
856	0.855	-129.447183328301	-543.948430319347
857	0.856	-133.056968931689	-676.684067972555
858	0.857	-136.291712137678	-812.84197003045
859	0.858	-139.245173549702	-952.093974397352
860	0.859	-141.417296103946	-1093.90877074739
861	0.86	-142.776826109627	-1237.48939337739
862	0.861	-142.589304726682	-1381.65602031875
863	0.862	-140.479689231241	-1524.67407882093
864	0.863	-136.135444344113	-1664.46520713182
865	0.864	-128.884619365324	-1798.45880050975
866	0.865	-118.680335356693	-1923.72483939397
867	0.866	-105.06941767315	-2037.0832774321
868	0.867	-88.3018965069665	-2135.25249604537
869	0.868	-68.5809209819729	-2215.17746631305
870	0.869	-46.375293893029	-2274.13913527377
871	0.87	-22.4038444981528	-2310.01226599257
872	0.871	2.42707826974252	-2321.48421062999
873	0.872	26.9610976925214	-2308.27368417207
874	0.873	50.1199697200701	-2271.21671198898
875	0.874	70.7160604213075	-2212.28225844151
876	0.875	87.8742683253122	-2134.47065559141
877	0.876	100.547594836856	-2041.74328553354
878	0.877	108.407872631064	-1938.74911332279
879	0.878	111.220696197862	-1830.41839043154
880	0.879	109.095451700373	-1721.74387800563
881	0.88	102.500944001388	-1617.42924167797
882	0.881	92.15600818385	-1521.58432710856
883	0.882	78.9982545114049	-1437.49075728414
884	0.883	64.0590528211838	-1367.44566514106
885	0.884	48.4635318620395	-1312.66793432266
886	0.885	33.5712201741488	-1273.13411982778
887	0.886	20.1790814213341	-1247.74253055325
888	0.887	18.5226443590063	-1229.87522918629
889	0.888	0.989416177204636	-1221.6027604414
890	0.889	-4.07365454157102	-1224.6284411468
891	0.89	-5.73009121823009	-1231.01387554991
892	0.891	-4.46432357075415	-1237.59464446761
893	0.892	-0.667020560831823	-1241.64387805662
894	0.893	5.1617616467867	-1240.88006903685
895	0.894	12.0687908334362	-1233.74835431995
896	0.895	19.4446234743745	-1219.47520868926
897	0.896	26.398534106869	-1198.03719142185
898	0.897	32.3992125933515	-1170.12187959495
899	0.898	36.9934824362047	-1136.90909360339
900	0.899	39.8531811881628	-1099.96932331441
901	0.9	41.087695993482	-1060.9824462468
902	0.901	40.7439070576714	-1021.55020624444
903	0.902	39.1499765640773	-983.086825956778
904	0.903	36.8528415175419	-946.56897843918
905	0.904	34.1025302845997	-912.574854061322
906	0.905	31.6803812877463	-881.166959798361
907	0.906	29.9145565923961	-851.853052381502
908	0.907	29.2894859150498	-823.734592650991
909	0.908	30.164584864972	-795.491118784193
910	0.909	32.4148393609537	-765.684968194442
911	0.91	36.2590243090319	-732.831597882661
912	0.911	41.1970833825861	-695.587105560065
913	0.912	47.0571224017798	-652.943564191094
914	0.913	53.2609510915029	-604.268088967665
915	0.914	59.3241395922954	-549.459105148978
916	0.915	64.8403916869718	-488.860401032557
917	0.916	69.3721573926454	-423.23768801596
918	0.917	72.4975133421089	-353.786414171795
919	0.918	74.0289378464759	-282.006750100715
920	0.919	73.8726700371838	-209.539507682097
921	0.92	72.013083154055	-138.08019260969
922	0.921	68.7158326737557	-69.199296218997
923	0.922	64.1371867071257	-4.25634805176854
924	0.923	58.8553363295411	55.7563519433527
925	0.924	53.1359369037404	110.268427036781
926	0.925	47.4634184641728	159.084543197526
927	0.926	42.1346895836165	202.400035698208
928	0.927	37.4310319630464	240.699334948327
929	0.928	33.6024737099333	274.732526261605
930	0.929	30.6021343442467	305.351268765483
931	0.93	28.5081475765177	333.422848202653
932	0.931	27.0861118232792	359.736416379339
933	0.932	26.039118485051	384.815470010292
934	0.933	25.1796463532723	408.941290906241
935	0.934	23.9451318546065	432.020118486969
936	0.935	22.0699199973356	453.544082889728
937	0.936	19.1633417092456	472.677152219806
938	0.937	15.053502694923	488.302012898678
939	0.938	9.47474814179125	499.082576793823
940	0.939	2.55209236556194	503.612435524287
941	0.94	-5.79259826227529	500.508621052718
942	0.941	-15.2780419354071	488.489739430665
943	0.942	-25.7479710894758	466.493171395011
944	0.943	-36.8742239555724	433.698512349275
945	0.944	-48.2036248118847	389.676026442334
946	0.945	-59.533026127836	334.324139449262
947	0.946	-70.2842380470671	267.931945838598
948	0.947	-80.410380434203	191.101075074751
949	0.948	-89.5520377389506	104.636304464962
950	0.949	-97.6779562786066	9.53774593297103
951	0.95	-104.866269673513	-93.217928566301
952	0.951	-111.132604457595	-202.700927155067
953	0.952	-116.617601335622	-318.059591574888
954	0.953	-121.368140423418	-438.53602397762
955	0.954	-125.587369614701	-563.497340519892
956	0.955	-129.540943989501	-692.545058845205
957	0.956	-133.072595709858	-825.335390218097
958	0.957	-136.41672637296	-961.563612782718
959	0.958	-139.292053891334	-1100.90156443808
960	0.959	-141.526683573899	-1242.79449469391
961	0.96	-142.745572545739	-1386.41418427694
962	0.961	-142.558051162947	-1530.54955765449
963	0.962	-140.479689231241	-1673.5519893748
964	0.963	-136.010430109692	-1813.28061056848
965	0.964	-128.822112258772	-1947.18044327592
966	0.965	-118.46156053221	-2072.30584119462
967	0.966	-104.960030288642	-2185.50019812826
968	0.967	-88.223762680653	-2283.57565613612
969	0.968	-68.4871604103031	-2363.41467920481
970	0.969	-46.2659065734454	-2422.2747742199
971	0.97	-22.3569642186529	-2458.06977113916
972	0.971	2.44270503171271	-2469.51046225584
973	0.972	26.9610976925214	-2456.29212241694
974	0.973	50.0887161750794	-2419.25077700635
975	0.974	70.7004336416492	-2360.3397636212
976	0.975	87.7961343912464	-2282.57504112796
977	0.976	100.453834080024	-2189.93361841554
978	0.977	108.345365443736	-2087.01758017687
979	0.978	111.158189004557	-1978.74936447594
980	0.979	109.064198105967	-1870.12173244389
981	0.98	102.469690413791	-1765.83834970722
982	0.981	92.1403813950632	-1670.01687532601
983	0.982	79.0295080773886	-1585.91549211299
984	0.983	64.0434260440123	-1515.8625865755
985	0.984	48.4947854060343	-1461.07704237369
986	0.985	33.5868469420391	-1421.51978772287
987	0.986	20.2259617160521	-1396.09694491704
988	0.987	19.0070740623773	-1377.96398855103
989	0.988	0.926909130088689	-1369.48055847801
990	0.989	-4.04240101919097	-1372.52186594578
991	0.99	-5.79259826227529	-1378.92292710972
992	0.991	-4.52683061532649	-1385.56620307173
993	0.992	-0.682647322408809	-1389.65450356381
994	0.993	5.09925459742628	-1388.92976144952
995	0.994	12.0375373066085	-1381.84492702071
996	0.995	19.413369944867	-1367.60303491819
997	0.996	26.3672805744646	-1346.19627118173
998	0.997	32.4148393609537	-1318.28877273724
999	0.998	37.1184965864042	-1285.00566628677
1000	0.999	39.9313150358118	-1247.96432199887
