No.	时间（s）	Dev1/ai0-1-测振（mm/s）	VH01-V1-Dev1/ai0一次积分（μm）
1	0	59.7304357572574	0
2	0.001	61.9806915065762	59.5545205505733
3	0.002	63.8246511642043	121.15614880462
4	0.003	64.8091381320679	184.172000371413
5	0.004	64.7778845771867	247.664468644697
6	0.005	64.0746795983608	310.789707651127
7	0.006	62.3244805894084	372.688244663668
8	0.007	60.0117177197506	432.555300736904
9	0.008	57.1988981728198	489.859565601846
10	0.009	53.74538107212	544.030662142972
11	0.01	50.1824768101093	594.693548002743
12	0.011	46.4633050854797	641.715395869194
13	0.012	42.7910139336902	685.041512297436
14	0.013	39.4312584126867	724.851605389281
15	0.014	36.0402495494716	761.286316289016
16	0.015	32.9930297649223	794.50191286487
17	0.016	29.9770636604521	824.685916496214
18	0.017	26.9298441598669	851.83832732503
19	0.018	23.8982515575994	875.951332102419
20	0.019	20.3666026003736	896.782716100062
21	0.02	16.5849255740859	913.957437105949
22	0.021	12.2406852311761	927.069199427236
23	0.022	7.0213463817942	935.399172152378
24	0.023	1.30195141326127	938.259777968562
25	0.024	-5.49568980283327	934.861865692433
26	0.025	-12.9184011311757	924.353777144085
27	0.026	-21.0130628704962	906.087002061905
28	0.027	-29.7640483258062	879.39740338241
29	0.028	-38.7181815952984	843.855245340515
30	0.029	-48.1723712918078	799.108925815618
31	0.03	-57.5484275040876	744.947483336327
32	0.031	-66.7369630858165	681.503744960031
33	0.032	-75.8942458159619	608.887097427799
34	0.033	-84.426458816022	527.425702030463
35	0.034	-92.7555247427035	437.533667169757
36	0.035	-100.443894160137	339.632914636993
37	0.036	-107.382179565416	234.418834692874
38	0.037	-114.007930384265	122.422736636689
39	0.038	-119.68044885248	4.27750393697326
40	0.039	-125.071686026244	-119.399606583732
41	0.04	-129.634704650903	-248.053845003649
42	0.041	-133.213236713638	-380.778858767263
43	0.042	-136.151071123443	-516.762055767147
44	0.043	-137.713749086751	-654.995508953587
45	0.044	-138.15129892732	-794.229076041966
46	0.045	-137.04179755514	-933.12666736454
47	0.046	-133.932068518104	-1069.91464348251
48	0.047	-129.165901345909	-1202.76467149586
49	0.048	-121.977584616438	-1329.63745755837
50	0.049	-112.726535115035	-1448.29056050545
51	0.05	-101.22523256671	-1556.56748742767
52	0.051	-87.4580511869942	-1652.21017238586
53	0.052	-71.9250480881181	-1733.20276510476
54	0.053	-54.6887303143081	-1797.81069738732
55	0.054	-36.358540887439	-1844.63537606954
56	0.055	-17.6220559559155	-1872.92671757256
57	0.056	1.1925640805508	-1882.44250659158
58	0.057	19.3508628858885	-1873.47183618971
59	0.058	36.1027566235512	-1847.04606951633
60	0.059	51.0263225332409	-1804.78257301928
61	0.06	63.4808620695922	-1748.83002379921
62	0.061	73.2475988062209	-1681.76683644264
63	0.062	79.888981152177	-1606.49958954479
64	0.063	83.3893807907529	-1526.16145165467
65	0.064	83.889437909459	-1443.8230853859
66	0.065	81.51416665708	-1362.42232618398
67	0.066	76.5917300083319	-1284.67042093261
68	0.067	69.7628268731566	-1212.79418557321
69	0.068	61.465007887338	-1148.48131127431
70	0.069	52.6983872490939	-1092.70065678744
71	0.07	43.5098453736509	-1045.89758355741
72	0.071	34.7276010085595	-1008.07990344765
73	0.072	26.9923512251899	-978.520970412116
74	0.073	20.3666026003736	-956.142536580678
75	0.074	15.5066788502038	-939.506938936732
76	0.075	12.3500725753583	-926.879606305295
77	0.076	10.6936356628528	-916.658795267533
78	0.077	10.8186497684455	-907.203695633227
79	0.078	12.0844175968539	-897.053205031921
80	0.079	14.5221927227622	-885.050942953456
81	0.08	17.6162920184867	-870.282743664175
82	0.081	20.7572717248118	-852.39700487387
83	0.082	24.3358009974948	-831.15151159406
84	0.083	27.3361400854668	-806.616584133922
85	0.084	29.9614368934326	-779.268838725816
86	0.085	32.3367055229804	-749.420810598953
87	0.086	33.7274878532266	-717.689756992193
88	0.087	34.8526151541064	-684.70074856987
89	0.088	35.5870732643132	-650.781947442004
90	0.089	36.0558763179855	-616.261515732198
91	0.09	36.6809470618454	-581.194147123626
92	0.091	37.1497501239949	-545.579841612049
93	0.092	38.2592507190961	-509.176384271847
94	0.093	39.6500331847711	-471.522785401257
95	0.094	41.5252455511688	-432.236189114631
96	0.095	44.0724091158382	-390.738404862471
97	0.096	46.8696011432766	-346.568442814257
98	0.097	50.1043429475723	-299.382513850176
99	0.098	53.4484723737489	-248.907149270858
100	0.099	56.6363342840009	-195.165789023327
101	0.1	59.7460625329056	-138.275633696217
102	0.101	62.0275718358957	-78.68985959316
103	0.102	63.8246511642043	-17.0647911744534
104	0.103	64.7935113546245	45.9432470036175
105	0.104	64.7622577997547	109.420088499464
106	0.105	64.105933152732	172.553140894363
107	0.106	62.3869876956659	234.498558237219
108	0.107	60.0742248227647	294.428121415091
109	0.108	57.2614052719963	351.794893381128
110	0.109	53.8078881667458	406.028497019155
111	0.11	50.1981035826312	456.7304498125
112	0.111	46.5414389425052	503.799177993725
113	0.112	42.8222674743634	547.179988120816
114	0.113	39.4312584126867	587.005707982998
115	0.114	36.1027566235512	623.471672419773
116	0.115	33.0242833004213	656.734149300416
117	0.116	29.9926904274752	686.941593083021
118	0.117	26.9610976925214	714.117444061675
119	0.118	23.9138783232651	738.253888988225
120	0.119	20.4134828952034	759.116526516116
121	0.12	16.6318058667383	776.338127815743
122	0.121	12.3188190484359	789.512397191987
123	0.122	7.13073372016128	797.936130494942
124	0.123	1.30195141326127	800.85142998031
125	0.124	-5.40192923657356	797.50039798731
126	0.125	-12.871520850036	787.062629862662
127	0.126	-20.9349290710301	768.858361820786
128	0.127	-29.7484215661669	742.215643420844
129	0.128	-38.765061874327	706.657858619253
130	0.129	-48.1723712918078	661.888098954842
131	0.13	-57.6265613077278	607.687589573731
132	0.131	-66.7838433709692	544.181344153039
133	0.132	-75.956752868036	471.510002952193
134	0.133	-84.5514729321515	389.954846970756
135	0.134	-92.7711515089257	299.992491668874
136	0.135	-100.537654768407	202.037045448864
137	0.136	-107.444686644883	96.7448316608753
138	0.137	-114.03918392781	-15.2981467068144
139	0.138	-119.82108981447	-133.529326659298
140	0.139	-125.040432475615	-257.261130885684
141	0.14	-129.650331427822	-385.907555918747
142	0.141	-133.244490270098	-518.65600984905
143	0.142	-136.197951461467	-654.678273796176
144	0.143	-137.838763326427	-792.997674271467
145	0.144	-138.135672147218	-932.285935089633
146	0.145	-137.104304673888	-1071.20696658153
147	0.146	-133.99457563212	-1208.05744981588
148	0.147	-129.197154899419	-1340.95435816299
149	0.148	-122.1338523595	-1467.92090487379
150	0.149	-112.773415429212	-1586.67558184949
151	0.15	-101.287739639662	-1695.00720246527
152	0.151	-87.5205582474157	-1790.71239449015
153	0.152	-71.9719283753651	-1871.75968088289
154	0.153	-54.7512373562396	-1936.42230683003
155	0.154	-36.3429141278019	-1983.2704256534
156	0.155	-17.5908024357823	-2011.53832701653
157	0.156	1.30195141326127	-2020.98379560914
158	0.157	19.413369944867	-2011.92717801142
159	0.158	36.1496369291531	-1985.44671765575
160	0.159	51.1200831700216	-1943.11290068751
161	0.16	63.590249508492	-1887.05877742959
162	0.161	73.3101059288714	-1819.90964279225
163	0.162	79.9983686358441	-1744.55644859124
164	0.163	83.4206343604687	-1664.14799017443
165	0.164	83.9206914796089	-1581.77837033573
166	0.165	81.51416665708	-1500.36198434873
167	0.166	76.5761032263418	-1422.61789248836
168	0.167	69.7628268731566	-1350.74947051996
169	0.168	61.4337543348496	-1286.4522229973
170	0.169	52.6358801558925	-1230.71844883327
171	0.17	43.4942186031171	-1183.95444253511
172	0.171	34.6338403995649	-1146.19145611511
173	0.172	26.9454709261924	-1116.70284353358
174	0.173	20.3509758354366	-1094.35566323411
175	0.174	15.4441717941622	-1077.75913250065
176	0.175	12.3656993388235	-1065.1552400155
177	0.176	10.7873962420321	-1054.87973530642
178	0.177	10.8499032948692	-1045.36212861931
179	0.178	12.1469246505512	-1035.16475772794
180	0.179	14.5378194866034	-1023.12342874071
181	0.18	17.6475455473041	-1008.3317893051
182	0.181	20.7728984898299	-990.422610367875
183	0.182	24.3201742317393	-969.177117088433
184	0.183	27.3517668518834	-944.642189627965
185	0.184	29.9926904274752	-917.27100406963
186	0.185	32.3210787553971	-887.415162559537
187	0.186	33.7587413890888	-855.676295568637
188	0.187	34.8526151541064	-822.671660378383
189	0.188	35.5089394223844	-788.791926171481
190	0.189	36.0089960124559	-754.334001535405
191	0.19	36.6653202931701	-719.297886463935
192	0.191	37.1341233551975	-683.699207721095
193	0.192	38.2748774881897	-647.295750380745
194	0.193	39.6969134931826	-609.610897971402
195	0.194	41.5252455511688	-570.30086153057
196	0.195	44.0880358865373	-528.79526389306
197	0.196	46.9164814578396	-484.594048302215
198	0.197	50.0574626301081	-437.408119339585
199	0.198	53.4797259208603	-386.940568145444
200	0.199	56.5738271856612	-333.214834673527
201	0.2	59.6366751034816	-276.410626610299
202	0.201	61.9650647301475	-216.910799774828
203	0.202	63.7621440558906	-155.348238463152
204	0.203	64.8403916869718	-92.3480136730646
205	0.204	64.7310042449077	-28.8633587884683
206	0.205	64.0590528211838	34.2306266632339
207	0.206	62.4026144722441	96.1604172286044
208	0.207	60.0117177197506	156.066540243258
209	0.208	57.1832713980387	213.362991720809
210	0.209	53.8078881667458	267.557528421858
211	0.21	50.1824768101093	318.251667828942
212	0.211	46.5726924853477	365.328209395327
213	0.212	42.8066407040246	408.71683290867
214	0.213	39.4312584126867	448.534739385682
215	0.214	36.0715030865034	484.985077053934
216	0.215	32.9461494617025	518.192860246693
217	0.216	30.008317194502	548.369050493452
218	0.217	26.9142173935448	575.529274706132
219	0.218	23.8513712606221	599.611025951872
220	0.219	20.3509758354366	620.411156418558
221	0.22	16.5380452814594	637.554623895663
222	0.221	12.2094317042906	650.627319307194
223	0.222	7.03697314441107	658.949478650202
224	0.223	1.27069788961972	661.802271085873
225	0.224	-5.41755599762087	658.427798950529
226	0.225	-12.902774370797	647.966590684977
227	0.226	-20.9818093507119	629.723255742879
228	0.227	-29.7484215661669	603.057097203096
229	0.228	-38.7338083549743	567.514939161182
230	0.229	-48.1098642516645	522.792059776519
231	0.23	-57.5796810255394	468.646244056574
232	0.231	-66.7213363241029	405.194692300409
233	0.232	-75.8942458159619	332.585858149033
234	0.233	-84.5045926385806	251.085395840419
235	0.234	-92.7555247427035	161.154294068433
236	0.235	-100.537654768407	63.2066612315341
237	0.236	-107.491566954528	-42.1089927112771
238	0.237	-114.03918392781	-154.175411233789
239	0.238	-119.789836267326	-272.390964412701
240	0.239	-125.134193127565	-396.15402219149
241	0.24	-129.681584981679	-524.862954327455
242	0.241	-133.228863491865	-657.619221645571
243	0.242	-136.166697902778	-793.618045424236
244	0.243	-137.807509766472	-931.906192340204
245	0.244	-138.15129892732	-1071.18663976844
246	0.245	-137.073051114502	-1210.0998578707
247	0.246	-133.9633220751	-1346.91908754684
248	0.247	-129.212781676182	-1479.80818250383
249	0.248	-122.055718487904	-1606.74347566721
250	0.249	-112.726535115035	-1725.43564555003
251	0.25	-101.303366407909	-1833.75163939284
252	0.251	-87.5049314823056	-1929.45683141929
253	0.252	-71.9563016129471	-2010.48849104826
254	0.253	-54.7668641167256	-2075.15111699444
255	0.254	-36.3741676470763	-2122.02267595769
256	0.255	-17.6220559559155	-2150.32183084053
257	0.256	1.27069788961972	-2159.79855295502
258	0.257	19.3352361211515	-2150.79662903098
259	0.258	36.1027566235512	-2124.37867573997
260	0.259	51.1200831700216	-2082.06829892453
261	0.26	63.5746227314894	-2026.02198905511
262	0.261	73.3101059288714	-1958.88066780628
263	0.262	79.9671150690492	-1883.54310038866
264	0.263	83.4675147150932	-1803.12682857793
265	0.264	83.9831986199903	-1720.70251499173
266	0.265	81.5454202251845	-1639.23924865049
267	0.266	76.6698639183776	-1561.43264966005
268	0.267	69.7472000938645	-1489.52516073527
269	0.268	61.4806346635905	-1425.21228643789
270	0.269	52.5889998360437	-1369.47851226942
271	0.27	43.4004579800079	-1322.78482644274
272	0.271	34.6963474722122	-1285.03746679797
273	0.272	26.8985906272263	-1255.54104082959
274	0.273	20.3509758354366	-1233.2173006796
275	0.274	15.4754253221774	-1216.60514318214
276	0.275	12.2875655215241	-1204.02469084163
277	0.276	10.7561427156288	-1193.8038798044
278	0.277	10.8186497684455	-1184.31752664371
279	0.278	12.1156711236973	-1174.15140927898
280	0.279	14.5221927227622	-1162.13352043709
281	0.28	17.6475455473041	-1147.3496943834
282	0.281	20.819778784903	-1129.41707529864
283	0.282	24.3201742317393	-1108.14814187167
284	0.283	27.383020384727	-1083.59758764478
285	0.284	29.9301833594046	-1056.24202885405
286	0.285	32.2741984526702	-1026.44088102936
287	0.286	33.6806075494625	-994.764521109636
288	0.287	34.743227776739	-961.853646527879
289	0.288	35.4776858856408	-928.044232778032
290	0.289	35.9464889384727	-893.633188447319
291	0.29	36.5559329125563	-858.683020603148
292	0.291	37.1341233551975	-823.139035550614
293	0.292	38.1654901046215	-786.790271902048
294	0.293	39.6187796458512	-749.199180108155
295	0.294	41.4471117013331	-709.967277515907
296	0.295	44.0099020330867	-668.53981373004
297	0.296	46.8539743717649	-624.408918608958
298	0.297	50.0574626301081	-577.254243189365
299	0.298	53.4640991473021	-526.794505382003
300	0.299	56.5582004110892	-473.084398684151
301	0.3	59.6366751034816	-416.288004008209
302	0.301	62.0119450594503	-356.764737008086
303	0.302	63.7621440558906	-295.178735531759
304	0.303	64.7622577997547	-232.21757768528
305	0.304	64.6997506900834	-168.787616521705
306	0.305	63.9965457125319	-105.740511401741
307	0.306	62.3713609190932	-43.8576011672715
308	0.307	59.949210616823	16.0016415193431
309	0.308	57.1207642989671	73.2355858958947
310	0.309	53.74538107212	127.367615500095
311	0.31	50.0887161750794	177.983621042351
312	0.311	46.5101853996811	224.982028748388
313	0.312	42.7597603930346	268.315958563402
314	0.313	39.4000048738849	308.094798115518
315	0.314	36.0402495494716	344.513882245853
316	0.315	32.9148959262419	377.690411902367
317	0.316	29.9926904274752	407.843161997882
318	0.317	26.8985906272263	434.987759443889
319	0.318	23.8357444949697	459.053883923643
320	0.319	20.3509758354366	479.846201007503
321	0.32	16.4911649888589	496.966228338307
322	0.321	12.225058467732	510.023296985259
323	0.322	6.99009285656747	518.329829566066
324	0.323	1.20819084236059	521.127928334186
325	0.324	-5.46443628075314	517.698762533647
326	0.325	-12.9965349330519	507.167233845401
327	0.326	-21.0130628704962	488.861391862283
328	0.327	-29.8265553643615	462.140539663511
329	0.328	-38.8431956727144	426.504621063629
330	0.329	-48.1723712918078	381.695794500025
331	0.33	-57.64218806846	327.487471738547
332	0.331	-66.7682166092497	263.981226318349
333	0.332	-75.9411261050138	191.325511879874
334	0.333	-84.5670996966811	109.770355897683
335	0.334	-92.7711515089257	19.800187213536
336	0.335	-100.553281536466	-78.1630723905034
337	0.336	-107.475940184642	-183.478726332401
338	0.337	-114.023557156035	-295.529518084083
339	0.338	-119.883596908819	-413.784138197854
340	0.339	-125.040432475615	-537.547195971414
341	0.34	-129.619077873988	-666.17799422756
342	0.341	-133.244490270098	-798.910821380946
343	0.342	-136.11981756479	-934.894018379734
344	0.343	-137.760629426584	-1073.13528495676
345	0.344	-138.041911466731	-1212.33759848476
346	0.345	-136.994917216142	-1351.15705590754
347	0.346	-133.916441739614	-1487.91377846677
348	0.347	-129.040887132093	-1620.69348598396
349	0.348	-121.96195784216	-1747.49595155243
350	0.349	-112.523387087414	-1866.03966709856
351	0.35	-101.084591652801	-1974.14469955001
352	0.351	-87.2705300060321	-2069.62330346077
353	0.352	-71.6750198898091	-2150.39712149004
354	0.353	-54.5012091886338	-2214.7862791106
355	0.354	-36.1397662525366	-2261.40780991253
356	0.355	-17.3720277947482	-2289.46475001752
357	0.356	1.47384579343301	-2298.71488409952
358	0.357	19.5227572981969	-2289.51762563505
359	0.358	36.2277707719035	-2262.94340468134
360	0.359	51.1357099428355	-2220.56270740532
361	0.36	63.6371298395332	-2164.47733059547
362	0.361	73.3257327095494	-2097.29694240228
363	0.362	79.9983686358441	-2021.93593481092
364	0.363	83.4206343604687	-1941.52747639411
365	0.364	83.9050646945306	-1859.16566994795
366	0.365	81.3891523849282	-1777.81960448957
367	0.366	76.5604764443582	-1700.14583315627
368	0.367	69.684692976756	-1628.32429152705
369	0.368	61.3712472299385	-1564.09736450505
370	0.369	52.5108659697287	-1508.45735098656
371	0.37	43.3848312095053	-1461.81054547829
372	0.371	34.5713333269806	-1424.13350629139
373	0.372	26.8517103282916	-1394.72302754509
374	0.373	20.3353490705027	-1372.43054092704
375	0.374	15.4285450301589	-1355.84963695805
376	0.375	12.3344458118958	-1343.26918461837
377	0.376	10.6936356628528	-1333.05618696234
378	0.377	10.8499032948692	-1323.58546056482
379	0.378	12.1469246505512	-1313.38808967346
380	0.379	14.5221927227622	-1301.35457406814
381	0.38	17.6631723117172	-1286.56293463225
382	0.381	20.8510323149675	-1268.60687540025
383	0.382	24.3670545290158	-1247.2988750596
384	0.383	27.4142739175847	-1222.70925391764
385	0.384	30.0239439615325	-1195.29118805943
386	0.385	32.3679590581583	-1165.39627963092
387	0.386	33.7743681570257	-1133.62615910468
388	0.387	34.8369883858992	-1100.62152391456
389	0.388	35.5089394223844	-1066.74960309176
390	0.389	35.9933692439541	-1032.29949183993
391	0.39	36.6028132185093	-997.302443690045
392	0.391	37.1653768927963	-961.719391715735
393	0.392	38.2592507190961	-925.308120991133
394	0.393	39.6656599542374	-887.64670873581
395	0.394	41.5252455511688	-848.35229906445
396	0.395	44.0567823451436	-806.862328197637
397	0.396	46.8696011432766	-762.700179534771
398	0.397	50.0574626301081	-715.537690729422
399	0.398	53.5266062415651	-665.046699374929
400	0.399	56.6832146078105	-611.242832031584
401	0.4	59.6679286547187	-554.368303481663
402	0.401	62.058825388803	-494.805969541246
403	0.402	63.8246511642043	-433.165274346086
404	0.403	64.7778845771867	-370.165049556733
405	0.404	64.7466310223283	-306.703834838319
406	0.405	63.9965457125319	-243.633289552233
407	0.406	62.3713609190932	-181.750379317764
408	0.407	59.949210616823	-121.891136631149
409	0.408	57.0895107494627	-64.6728190293497
410	0.409	53.6985007512036	-10.57985636036
411	0.41	50.0730894025914	40.004895635194
412	0.411	46.4633050854797	86.9720497978861
413	0.412	42.7441336227134	130.274726070639
414	0.413	39.3374977963321	170.014498698818
415	0.414	36.0558763179855	206.410142674634
416	0.415	32.8836423907966	239.578858947681
417	0.416	29.9301833594046	269.684728741438
418	0.417	26.9142173935448	296.80588603657
419	0.418	23.8982515575994	320.911077430798
420	0.419	20.3509758354366	341.734648045973
421	0.42	16.5380452814594	358.878115523077
422	0.421	12.225058467732	371.95862431633
423	0.422	7.0213463817942	380.280783659749
424	0.423	1.22381760417238	383.102322571389
425	0.424	-5.43318275866657	379.696596912799
426	0.425	-12.9965349330519	369.180694985596
427	0.426	-21.0286896303873	350.867039622533
428	0.427	-29.8890624029138	324.107120524539
429	0.428	-38.8744491920716	288.424321645703
430	0.429	-48.234878331965	243.568614802341
431	0.43	-57.6890683506655	189.305598379682
432	0.431	-66.8463504178668	125.736845914073
433	0.432	-75.956752868036	53.0342511897776
434	0.433	-84.5827264612137	-28.5365315561907
435	0.434	-92.7555247427035	-118.506700239493
436	0.435	-100.537654768407	-216.454333076392
437	0.436	-107.397806335276	-321.723106709577
438	0.437	-113.97667684074	-433.711391378929
439	0.438	-119.83671658805	-551.919131174667
440	0.439	-125.024805700309	-675.65093540019
441	0.44	-129.634704650903	-804.281733657139
442	0.441	-133.260117048336	-937.030187588102
443	0.442	-136.151071123443	-1073.03682475534
444	0.443	-137.838763326427	-1211.33278506161
445	0.444	-138.120045367121	-1350.61323248973
446	0.445	-137.057424334818	-1489.50301042204
447	0.446	-133.9633220751	-1626.31442670835
448	0.447	-129.150274569163	-1759.17226811182
449	0.448	-122.055718487904	-1886.0763077217
450	0.449	-112.66402802953	-2004.73722406176
451	0.45	-101.209605798482	-2112.97508405711
452	0.451	-87.3955441266231	-2208.578702101
453	0.452	-71.7844072264986	-2289.46972085891
454	0.453	-54.610596511922	-2353.96826580946
455	0.454	-36.2022732910766	-2400.67574379231
456	0.455	-17.4657883552132	-2428.81081769679
457	0.456	1.3488316987386	-2438.17033910637
458	0.457	19.5071305334263	-2429.04340107164
459	0.458	36.2121440033454	-2402.48480688459
460	0.459	51.1825902613066	-2360.08848283361
461	0.46	63.6371298395332	-2303.97966586453
462	0.461	73.3257327095494	-2236.79927767134
463	0.462	79.9827418524434	-2161.44608347168
464	0.463	83.4206343604687	-2081.04543844657
465	0.464	83.8738111243943	-1998.69925878548
466	0.465	81.4516595209509	-1917.33756654415
467	0.466	76.52922288041	-1839.64816842482
468	0.467	69.7315733145784	-1767.81881340867
469	0.468	61.4181275586136	-1703.54500605341
470	0.469	52.5889998360437	-1647.84248543743
471	0.47	43.4785918325878	-1601.10973268446
472	0.471	34.6182136314129	-1563.3623730338
473	0.472	26.9298441598669	-1533.8893872195
474	0.473	20.3822293653138	-1511.53439353826
475	0.474	15.5066788502038	-1494.89098251184
476	0.475	12.3500725753583	-1482.2636498804
477	0.476	10.7717694788292	-1472.00377193465
478	0.477	10.9124103477473	-1462.46272510271
479	0.478	12.1625514139821	-1452.22628730319
480	0.479	14.5534462504475	-1440.16933155232
481	0.48	17.6319187828939	-1425.37769211699
482	0.481	20.7728984898299	-1407.47632656197
483	0.482	24.3670545290158	-1386.20739313389
484	0.483	27.383020384727	-1361.63339875836
485	0.484	29.9458101264168	-1334.27002658413
486	0.485	32.3054519878177	-1304.44543860836
487	0.486	33.7431146211558	-1272.72219838522
488	0.487	34.8057348494967	-1239.74881673123
489	0.488	35.5401929591439	-1205.87689590826
490	0.489	36.0402495494716	-1171.38771773529
491	0.49	36.6496935244988	-1136.34378927965
492	0.491	37.1653768927963	-1100.73729715235
493	0.492	38.2436239500067	-1064.33383981229
494	0.493	39.7281670321448	-1026.64898740256
495	0.494	41.5721258611223	-987.299884037268
496	0.495	44.0880358865373	-945.770846244781
497	0.496	46.9164814578396	-901.569630653936
498	0.497	50.1043429475723	-854.360261532574
499	0.498	53.4953526944235	-803.861456792919
500	0.499	56.6363342840009	-750.096656385051
501	0.5	59.6523018790975	-693.253381384845
502	0.501	61.9806915065762	-633.737927773352
503	0.502	63.7777708329606	-572.159739684927
504	0.503	64.7466310223283	-509.198581838626
505	0.504	64.7310042449077	-445.760807286351
506	0.505	64.0121724896864	-382.690262000398
507	0.506	62.3713609190932	-320.799538377351
508	0.507	59.9960909440106	-260.916855527143
509	0.508	57.1363910737271	-203.651657599617
510	0.509	53.7766346194228	-149.496187834386
511	0.51	50.1043429475723	-98.8567421322319
512	0.511	46.5414389425052	-51.8348942685366
513	0.512	42.8222674743634	-51.8348942685366
514	0.513	39.3218710269544	-11.2401053684524
515	0.514	36.0402495494716	25.9636745691858
516	0.515	32.8836423907966	59.9483401887452
517	0.516	29.9301833594046	90.8779727132711
518	0.517	26.8517103282916	118.791639206545
519	0.518	23.7732374323929	143.626832736312
520	0.519	20.3822293653138	165.227285784591
521	0.52	16.4286579320987	183.155449082722
522	0.521	12.1938049408518	196.989400168623
523	0.522	6.9744660939576	206.096255335453
524	0.523	1.14568379513338	209.679049929423
525	0.524	-5.46443628075314	207.042393336039
526	0.525	-13.0590419745317	197.303373857822
527	0.526	-21.0443163902777	179.774414324842
528	0.527	-29.8265553643615	153.861698096948
529	0.528	-38.8588224323928	119.041728847996
530	0.529	-48.1567445317707	75.0566650153396
531	0.53	-57.7984556758614	21.6017845609488
532	0.531	-66.8619771795961	-41.2057122173547
533	0.532	-75.988006394088	-113.107984354771
534	0.533	-84.6764870484721	-193.917511426626
535	0.534	-92.7867782751513	-283.126424439013
536	0.535	-100.600161840666	-380.297174847496
537	0.536	-107.538447264212	-484.84375975051
538	0.537	-114.054810699589	-596.117669082985
539	0.538	-119.914850456024	-713.579780011366
540	0.539	-125.071686026244	-836.550328603075
541	0.54	-129.681584981679	-964.404244457611
542	0.541	-133.244490270098	-1096.34456243407
543	0.542	-136.104190785472	-1231.49618331243
544	0.543	-137.807509766472	-1368.92931393898
545	0.544	-138.026284686671	-1507.32349151613
546	0.545	-136.979290436488	-1645.30355942828
547	0.546	-133.947695296599	-1781.2443326454
548	0.547	-129.0565139088	-1913.22371759867
549	0.548	-122.024464939302	-2039.2414873733
550	0.549	-112.585894172753	-2157.0239472799
551	0.55	-101.178352262038	-2264.38335084787
552	0.551	-87.3955441266231	-2359.14757939278
553	0.552	-71.6906466521866	-2439.16795513276
554	0.553	-54.5793429909763	-2502.78023030491
555	0.554	-36.1397662525366	-2548.61706527724
556	0.555	-17.4032813149068	-2575.86586941154
557	0.556	1.38008522240016	-2584.35474780837
558	0.557	19.6008911220956	-2574.3415399867
559	0.558	36.2277707719035	-2546.90448939027
560	0.559	51.2294705798218	-2503.65314906498
561	0.56	63.7308905017675	-2446.65024887476
562	0.561	73.3569862709241	-2378.58359083899
563	0.562	80.0608757695126	-2302.35194016935
564	0.563	83.4831414999815	-2221.05721188518
565	0.564	83.9363182646941	-2137.82476235341
566	0.565	81.4985398730377	-2055.58461363512
567	0.566	76.4823425345354	-1977.07145278191
568	0.567	69.7159465352983	-1904.44958859757
569	0.568	61.3712472299385	-1839.38327206552
570	0.569	52.5421195162398	-1782.90386904301
571	0.57	43.416084750515	-1735.40204726021
572	0.571	34.6025868632649	-1696.86999180389
573	0.572	26.836083561987	-1666.62793694184
574	0.573	20.3353490705027	-1643.51950097617
575	0.574	15.4285450301589	-1626.11483427641
576	0.575	12.3344458118958	-1612.71061920596
577	0.576	10.709262426043	-1601.66604543757
578	0.577	10.9124103477473	-1591.33248940125
579	0.578	12.1781781774156	-1580.26447548924
580	0.579	14.5378194866034	-1567.3837570078
581	0.58	17.725679369399	-1551.72928793038
582	0.581	20.8666590800044	-1532.91039905625
583	0.582	24.3670545290158	-1510.77082260232
584	0.583	27.383020384727	-1485.37306549602
585	0.584	29.9770636604521	-1457.170303824
586	0.585	32.289825220242	-1426.51413973423
587	0.586	33.7274878532266	-1393.98276354807
588	0.587	34.7901080813014	-1360.20124593138
589	0.588	35.5401929591439	-1325.51337576174
590	0.589	35.9933692439541	-1290.22387501076
591	0.59	36.6653202931701	-1254.37181059277
592	0.591	37.1497501239949	-1217.94155573477
593	0.592	38.2748774881897	-1180.70652227925
594	0.593	39.7437938016322	-1142.17446698491
595	0.594	41.6033794011129	-1101.97816073411
596	0.595	44.1192894279489	-1059.59410667016
597	0.596	46.9321082293699	-1014.54568819207
598	0.597	50.1668500375922	-966.473489409167
599	0.598	53.5422330151434	-915.096228233374
600	0.599	56.6832146078105	-860.460784772471
601	0.6	59.7148089816147	-802.739053328334
602	0.601	62.0900789417324	-742.313889717235
603	0.602	63.7621440558906	-679.865058568998
604	0.603	64.7310042449077	-616.095764769174
605	0.604	64.7466310223283	-551.83422748613
606	0.605	63.980918935383	-487.947732857849
607	0.606	62.3713609190932	-425.248873281186
608	0.607	59.980464168276	-364.550241088076
609	0.608	57.0895107494627	-306.492533979782
610	0.609	53.74538107212	-251.552368419565
611	0.61	50.1043429475723	-200.104786760293
612	0.611	46.494558628276	-152.282616322944
613	0.612	42.8066407040246	-108.109297007368
614	0.613	39.3687513351001	-67.4988813383808
615	0.614	36.0871298550253	-30.2482210938928
616	0.615	32.9148959262419	3.77551144616606
617	0.616	29.9614368934326	34.7363975054286
618	0.617	26.9142173935448	62.6969442983426
619	0.618	23.8357444949697	87.5946448920251
620	0.619	20.3666026003736	109.218538089122
621	0.62	16.4755382246646	127.162328151066
622	0.621	12.2094317042906	141.027532764969
623	0.622	6.99009285656747	150.150014694824
624	0.623	1.13005703333156	153.732809289198
625	0.624	-5.48006304179401	151.080525934393
626	0.625	-12.980908172679	141.372759976581
627	0.626	-21.0755699100564	123.867240584639
628	0.627	-29.7796750854454	97.9623377363133
629	0.628	-38.8744491920716	63.1579952469801
630	0.629	-48.1723712918078	19.1573046544656
631	0.63	-57.6890683506655	-34.2506955173457
632	0.631	-66.8619771795961	-97.0034986330512
633	0.632	-75.925499341994	-168.874517244421
634	0.633	-84.6139799902879	-249.621537261137
635	0.634	-92.7711515089257	-338.791383361318
636	0.635	-100.584535072596	-435.946507002654
637	0.636	-107.538447264212	-540.485278521632
638	0.637	-114.023557156035	-651.743561082331
639	0.638	-119.883596908819	-769.174418465333
640	0.639	-125.071686026244	-892.129340283439
641	0.64	-129.759718866418	-1020.02232308034
642	0.641	-133.275743826581	-1152.01733477742
643	0.642	-136.11981756479	-1287.19239582368
644	0.643	-137.870016886407	-1424.66459339985
645	0.644	-138.088791806947	-1563.1212780971
646	0.645	-137.057424334818	-1701.17166651856
647	0.646	-133.978948853607	-1837.16713346335
648	0.647	-129.025260355391	-1969.14651841842
649	0.648	-122.024464939302	-2095.14866141634
650	0.649	-112.61714771545	-2212.94674809429
651	0.65	-101.178352262038	-2320.32177843361
652	0.651	-87.4111708917112	-2415.09382036106
653	0.652	-71.7219001769483	-2495.13763624597
654	0.653	-54.6418500328727	-2558.79679170145
655	0.654	-36.217900050712	-2604.70394709382
656	0.655	-17.4032813149068	-2631.9918181272
657	0.656	1.33320493691082	-2640.50413666677
658	0.657	19.5696375925269	-2630.52999575263
659	0.658	36.2433975404657	-2603.10075853671
660	0.659	51.1825902613066	-2559.8650449864
661	0.66	63.6840101706251	-2502.90902512101
662	0.661	73.3413594902337	-2434.87362064115
663	0.662	80.0452489860856	-2358.65759675357
664	0.663	83.4831414999815	-2277.37068186111
665	0.664	83.8738111243943	-2194.16948589949
666	0.665	81.4516595209509	-2111.9840309274
667	0.666	76.5604764443582	-2033.45524329532
668	0.667	69.7628268731566	-1960.77087198713
669	0.668	61.386874006158	-1895.67330189805
670	0.669	52.4952391964806	-1839.20952564731
671	0.67	43.416084750515	-1791.73114402438
672	0.671	34.5557065588443	-1753.22252872028
673	0.672	26.8829638609112	-1722.98047386098
674	0.673	20.3197223055718	-1699.85641112831
675	0.674	15.4129182661584	-1682.46737119302
676	0.675	12.3500725753583	-1669.06315612284
677	0.676	10.6936356628528	-1658.0185823543
678	0.677	10.9436638742017	-1647.67721293635
679	0.678	12.2094317042906	-1636.57794549768
680	0.679	14.5221927227622	-1623.68941363473
681	0.68	17.7569328982577	-1608.02713117479
682	0.681	20.8822858450445	-1589.18480215372
683	0.682	24.3983080605502	-1567.02178555149
684	0.683	27.4767809833423	-1541.56152138012
685	0.684	30.008317194502	-1513.29625264178
686	0.685	32.3679590581583	-1482.58539486602
687	0.686	33.8056216929111	-1449.97588484106
688	0.687	34.8369883858992	-1416.13186015223
689	0.688	35.5401929591439	-1381.42054983028
690	0.689	35.9464889384727	-1346.15448923205
691	0.69	36.6184399871684	-1310.3493051198
692	0.691	37.1653768927963	-1273.9346770304
693	0.692	38.1811168736903	-1236.73871049773
694	0.693	39.6656599542374	-1198.29260243434
695	0.694	41.4783652412544	-1158.19787018717
696	0.695	44.1192894279489	-1115.87632320314
697	0.696	46.9164814578396	-1070.83571811082
698	0.697	50.0730894025914	-1022.81821303118
699	0.698	53.5109794679918	-971.503458946462
700	0.699	56.6050807348206	-916.922709195631
701	0.7	59.7148089816147	-859.240044687988
702	0.701	62.0744521652649	-798.822694465123
703	0.702	63.7621440558906	-736.38167670512
704	0.703	64.7935113546245	-672.581129350437
705	0.704	64.7466310223283	-608.288338512535
706	0.705	63.9652921582398	-544.409657272826
707	0.706	62.3557341425261	-481.726424473018
708	0.707	59.9335838411047	-421.059045831777
709	0.708	57.1051375242123	-363.016965499693
710	0.709	53.7610078457689	-308.061173165278
711	0.71	50.0730894025914	-256.621404891672
712	0.711	46.4633050854797	-208.830487998211
713	0.712	42.8066407040246	-164.672795454034
714	0.713	39.353124565714	-124.070193169739
715	0.714	36.0871298550253	-86.8273463099444
716	0.715	32.9305226939703	-52.7958003860214
717	0.716	29.9614368934326	-21.8271009428946
718	0.717	26.9610976925214	6.15688599950766
719	0.718	23.8669980262779	31.0936535083326
720	0.719	20.4134828952034	52.7566136184985
721	0.72	16.5536720456653	70.7629107383582
722	0.721	12.2406852311761	84.6828090262042
723	0.722	7.05259990703026	93.8521712447326
724	0.723	1.20819084236059	97.5052862688534
725	0.724	-5.46443628075314	94.8998831990824
726	0.725	-12.9965349330519	85.1921172416052
727	0.726	-21.0599431501674	67.6865978494208
728	0.727	-29.9046891625514	41.7270013424867
729	0.728	-38.8744491920716	6.86015181460047
730	0.729	-48.2505050920065	-37.1796056780133
731	0.73	-57.7046951114035	-90.634486130293
732	0.731	-66.8776039413274	-153.402916007233
733	0.732	-75.9723796310608	-225.305188144002
734	0.733	-84.6921138130256	-306.11471521662
735	0.734	-92.7867782751513	-395.331441611283
736	0.735	-100.584535072596	-492.494378635731
737	0.736	-107.600954343852	-597.06440369453
738	0.737	-114.023557156035	-708.353939795048
739	0.738	-119.899223682419	-825.792610564849
740	0.739	-125.040432475615	-948.739718994441
741	0.74	-129.650331427822	-1076.56238129673
742	0.741	-133.275743826581	-1208.50269927451
743	0.742	-136.18232468212	-1343.70901387944
744	0.743	-137.854390106414	-1481.20465162428
745	0.744	-138.15129892732	-1619.68477649172
746	0.745	-137.104304673888	-1757.7898586429
747	0.746	-134.025829189163	-1893.832205925
748	0.747	-129.150274569163	-2025.89753815474
749	0.748	-122.055718487904	-2151.97781503384
750	0.749	-112.679654800899	-2269.82278202882
751	0.75	-101.209605798482	-2377.24469267909
752	0.751	-87.4111708917112	-2472.03236137476
753	0.752	-71.7062734145663	-2552.06836387847
754	0.753	-54.5793429909763	-2615.68845243182
755	0.754	-36.1866465314413	-2661.5487275436
756	0.755	-17.4032813149068	-2688.82097181735
757	0.756	1.39571198423395	-2697.30203683326
758	0.757	19.6165178868846	-2687.27320224828
759	0.758	36.3059046147546	-2659.78927134803
760	0.759	51.1825902613066	-2616.52230426057
761	0.76	63.6840101706251	-2559.56628439518
762	0.761	73.3413594902337	-2491.53087991533
763	0.762	80.0608757695126	-2415.30704263603
764	0.763	83.4987682848767	-2334.00450095941
765	0.764	83.8738111243943	-2250.79549160535
766	0.765	81.5297934411289	-2168.57096967316
767	0.766	76.5135960984454	-2090.02655525395
768	0.767	69.6690661974938	-2017.41250445656
769	0.768	61.449381111091	-1952.33056115284
770	0.769	52.4639856499994	-1895.85115812287
771	0.77	43.4317115210266	-1848.38058988793
772	0.771	34.5557065588443	-1809.86416119857
773	0.772	26.8673370945997	-1779.62991972242
774	0.773	20.3353490705027	-1756.50585699044
775	0.774	15.4129182661584	-1739.10900367269
776	0.775	12.3344458118958	-1725.71260198424
777	0.776	10.7248891892357	-1714.66021483425
778	0.777	10.8499032948692	-1704.35009894277
779	0.778	12.1938049408518	-1693.30552517548
780	0.779	14.4753124312551	-1680.44824684
781	0.78	17.6944258405522	-1664.84065805467
782	0.781	20.8666590800044	-1646.03739594497
783	0.782	24.2732939344929	-1623.9446997883
784	0.783	27.4455274504564	-1598.5625694464
785	0.784	29.9926904274752	-1570.32074085801
786	0.785	32.3367055229804	-1539.63332323335
787	0.786	33.7743681570257	-1507.05506674392
788	0.787	34.77448131311	-1473.25792235943
789	0.788	35.5558197275297	-1438.57005218969
790	0.789	35.9464889384727	-1403.29617820726
791	0.79	36.6653202931701	-1367.46755394201
792	0.791	37.1810036616018	-1331.0216723152
793	0.792	38.1967436427632	-1293.81007901359
794	0.793	39.7281670321448	-1255.32490402671
795	0.794	41.509618781193	-1215.18329147062
796	0.795	44.0724091158382	-1172.86955787268
797	0.796	46.885227914793	-1127.86801970794
798	0.797	50.0418358576298	-1079.8817681723
799	0.798	53.5422330151434	-1028.56701408649
800	0.799	56.5894539602383	-973.978450949374
801	0.8	59.6679286547187	-916.32703999247
802	0.801	62.058825388803	-855.940943321284
803	0.802	63.8090243871175	-793.484298783898
804	0.803	64.8403916869718	-729.636871097429
805	0.804	64.7622577997547	-665.31282670464
806	0.805	64.0277992668465	-601.395078521914
807	0.806	62.4338680254173	-538.641525226357
808	0.807	59.949210616823	-477.927266255812
809	0.808	57.1363910737271	-419.861745761111
810	0.809	53.7141275248374	-364.913766812404
811	0.81	50.0887161750794	-313.48962531302
812	0.811	46.4789318568756	-265.683081647617
813	0.812	42.6972533117764	-221.572269413866
814	0.813	39.2593639494857	-181.07124113381
815	0.814	35.9933692439541	-143.922154887664
816	0.815	32.8523888553667	-109.976556188579
817	0.816	29.8676762913926	-79.0938039657739
818	0.817	26.836083561987	-51.2192043896588
819	0.818	23.7576106667569	-26.3996376258615
820	0.819	20.3197223055718	-4.83825149027185
821	0.82	16.4755382246646	13.0820984242716
822	0.821	12.1781781774156	26.931676274737
823	0.822	7.00571961917967	36.04634482246
824	0.823	1.20819084236059	39.6760197026554
825	0.824	-5.46443628075314	37.0706166328844
826	0.825	-13.0590419745317	27.3315971546673
827	0.826	-21.0443163902777	9.80263762168784
828	0.827	-29.873435643276	-16.1335187456637
829	0.828	-38.9057027114302	-51.0003682735916
830	0.829	-48.2973853721363	-95.0791926659495
831	0.83	-57.7828289151149	-148.59658016015
832	0.831	-66.940110988272	-211.435330462418
833	0.832	-75.988006394088	-283.376669504173
834	0.833	-84.7233673421417	-364.209636722862
835	0.834	-92.8805388725778	-453.488870180797
836	0.835	-100.584535072596	-550.698687503958
837	0.836	-107.616581113772	-655.276525947717
838	0.837	-114.007930384265	-766.56606204731
839	0.838	-119.883596908819	-883.989106044427
840	0.839	-125.056059250927	-1006.93621447487
841	0.84	-129.712838535558	-1134.79794371869
842	0.841	-133.275743826581	-1266.76951525034
843	0.842	-136.11981756479	-1401.9445762966
844	0.843	-137.77625620654	-1539.36989353284
845	0.844	-138.041911466731	-1677.75625772005
846	0.845	-136.948036877199	-1815.72851224259
847	0.846	-133.869561404182	-1951.61459173385
848	0.847	-128.978380025318	-2083.51584279917
849	0.848	-121.868197196602	-2209.41641176071
850	0.849	-112.445253230844	-2327.05041732501
851	0.85	-101.037711348236	-2434.26917996512
852	0.851	-87.192396180765	-2528.8615140802
853	0.852	-71.5500057908697	-2608.70999541659
854	0.853	-54.4230753863222	-2672.17381635576
855	0.854	-36.0303789350984	-2717.87782386704
856	0.855	-17.1532531535345	-2744.94692026194
857	0.856	1.58323312639616	-2753.20921062608
858	0.857	19.6946517108752	-2743.04754855802
859	0.858	36.4152919949156	-2715.4698570557
860	0.859	51.3232312169845	-2672.07787580032
861	0.86	63.7465172788263	-2615.02028190299
862	0.861	73.4194933937478	-2546.91455691728
863	0.862	80.0765025529462	-2470.64383929451
864	0.863	83.4518879302116	-2389.3569244035
865	0.864	83.8113039842032	-2306.20260879687
866	0.865	81.3891523849282	-2224.07966096288
867	0.866	76.4042086248719	-2145.66026080855
868	0.867	69.5909323012723	-2073.13997069606
869	0.868	61.2306062442096	-2008.20648177389
870	0.869	52.3702250106749	-1951.88334649702
871	0.87	43.3535776685134	-1904.498725508
872	0.871	34.477572718222	-1866.06043066521
873	0.872	26.7892032630941	-1835.90432302513
874	0.873	20.2572152458796	-1812.85839412121
875	0.874	15.3347844461981	-1795.53967462575
876	0.875	12.3656993388235	-1782.16671308381
877	0.876	10.709262426043	-1771.10651255196
878	0.877	10.8967835845239	-1760.78076989725
879	0.878	12.2563119946228	-1749.68150245825
880	0.879	14.4753124312551	-1736.79297059588
881	0.88	17.725679369399	-1721.16975504613
882	0.881	20.8979126100877	-1702.33523940696
883	0.882	24.3201742317393	-1680.20347633662
884	0.883	27.4767809833423	-1654.78227907966
885	0.884	29.9458101264168	-1626.54826387535
886	0.885	32.3054519878177	-1595.89991316881
887	0.886	33.7743681570257	-1563.33728344696
888	0.887	34.77448131311	-1529.54013906247
889	0.888	35.5870732643132	-1494.83664212433
890	0.889	35.9464889384727	-1459.54714137352
891	0.89	36.6340667558316	-1423.73414387694
892	0.891	37.1497501239949	-1387.3195157876
893	0.892	38.1967436427632	-1350.1235492548
894	0.893	39.7281670321448	-1311.63837426792
895	0.894	41.509618781193	-1271.49676171182
896	0.895	44.1505429693784	-1229.14396118711
897	0.896	46.9164814578396	-1184.08772932408
898	0.897	50.0730894025914	-1136.07022424444
899	0.898	53.5266062415651	-1084.74765677293
900	0.899	56.6207075094082	-1030.15128024802
901	0.9	59.7148089816147	-972.460802353084
902	0.901	62.0744521652649	-912.043452130218
903	0.902	63.7621440558906	-849.602434370216
904	0.903	64.8560184644322	-785.770633460629
905	0.904	64.7466310223283	-721.446589067823
906	0.905	64.0121724896864	-657.544467662391
907	0.906	62.3869876956659	-594.822167920289
908	0.907	59.9335838411047	-534.139162502479
909	0.908	57.0895107494627	-476.10489555777
910	0.909	53.7610078457689	-421.156916610729
911	0.91	50.1355964925726	-369.685894792133
912	0.911	46.5258121710908	-321.832470810876
913	0.912	42.8066407040246	-277.643524723893
914	0.913	39.3374977963321	-237.048735824289
915	0.914	36.0558763179855	-199.829329117705
916	0.915	32.8992691585174	-165.829036730028
917	0.916	29.9301833594046	-134.891590821642
918	0.917	26.8829638609112	-106.962297562059
919	0.918	23.8201177293205	-82.0880371175176
920	0.919	20.3353490705027	-60.4875840681807
921	0.92	16.4755382246646	-42.5594207711718
922	0.921	12.225058467732	-28.6864027755482
923	0.922	6.9744660939576	-19.5639208452781
924	0.923	1.176937318743	-15.9654994895025
925	0.924	-5.46443628075314	-18.5865293210823
926	0.925	-12.980908172679	-28.2864818983731
927	0.926	-21.0599431501674	-45.784187910371
928	0.927	-29.8421821239999	-71.7125308980294
929	0.928	-38.8900759517508	-106.555940286479
930	0.929	-48.1567445317707	-150.556630878815
931	0.93	-57.6734415899289	-203.949004290239
932	0.931	-66.8932307030606	-266.709620787309
933	0.932	-75.956752868036	-338.611892923432
934	0.933	-84.6921138130256	-419.413606614537
935	0.934	-92.8805388725778	-508.677213307914
936	0.935	-100.600161840666	-605.89484401511
937	0.936	-107.616581113772	-710.480495842904
938	0.937	-114.086064243162	-821.809098871946
939	0.938	-119.992984324123	-939.325903506163
940	0.939	-125.134193127565	-1062.36677258258
941	0.94	-129.744092089459	-1190.28319554167
942	0.941	-133.322624161349	-1322.29383401765
943	0.942	-136.166697902778	-1457.51577540029
944	0.943	-137.870016886407	-1595.01141314545
945	0.944	-138.182552487544	-1733.514978183
946	0.945	-137.04179755514	-1871.60443355492
947	0.946	-133.99457563212	-2007.59990049912
948	0.947	-129.087767462232	-2139.61835239687
949	0.948	-122.040091713601	-2265.65956233537
950	0.949	-112.648401258165	-2383.48108917182
951	0.95	-101.131471957402	-2490.84830613018
952	0.951	-87.4424244218967	-2585.61253467041
953	0.952	-71.7219001769483	-2665.6719773204
954	0.953	-54.5637162305053	-2729.2920658747
955	0.954	-36.2022732910766	-2775.15234098607
956	0.955	-17.3407742745858	-2802.40114511948
957	0.956	1.38008522240016	-2810.85876999614
958	0.957	19.6008911220956	-2800.84556217447
959	0.958	36.3215313833369	-2773.36163127233
960	0.959	51.1982170341401	-2730.07903741416
961	0.96	63.7777708329606	-2673.06832383119
962	0.961	73.4194933937478	-2604.94697206841
963	0.962	80.1546364702127	-2528.637187487
964	0.963	83.576902209454	-2447.24869849775
965	0.964	83.9050646945306	-2363.98499539633
966	0.965	81.5454202251845	-2281.73703328705
967	0.966	76.5761032263418	-2203.15355191186
968	0.967	69.7315733145784	-2130.47699399197
969	0.968	61.4337543348496	-2065.37161051783
970	0.969	52.4171053303148	-2008.92346103583
971	0.97	43.4473382915425	-1961.46851957547
972	0.971	34.5557065588443	-1922.94427750085
973	0.972	26.836083561987	-1892.72566279101
974	0.973	20.3197223055718	-1869.62504020781
975	0.974	15.3660379741738	-1852.25944041851
976	0.975	12.3188190484359	-1838.89429225778
977	0.976	10.709262426043	-1827.85753187111
978	0.977	10.8342765316561	-1817.56304274284
979	0.978	12.1938049408518	-1806.52628235716
980	0.979	14.459685667425	-1793.6768174036
981	0.98	17.725679369399	-1778.06141523576
982	0.981	20.8979126100877	-1759.22689959659
983	0.982	24.3045474659872	-1737.10294990913
984	0.983	27.5236612826974	-1711.66612588536
985	0.984	29.9770636604521	-1683.39304376436
986	0.985	32.3367055229804	-1652.71343952322
987	0.986	33.7743681570257	-1620.13518303379
988	0.987	34.7901080813014	-1586.3302252652
989	0.988	35.5714464959194	-1551.62672832717
990	0.989	35.8839818645536	-1516.3762944975
991	0.99	36.6028132185093	-1480.61017730655
992	0.991	37.1341233551975	-1444.21898937027
993	0.992	38.149863335557	-1407.05427637547
994	0.993	39.7125402626616	-1368.60035492693
995	0.994	41.4627384712916	-1328.48999591053
996	0.995	44.0880358865373	-1286.19188908219
997	0.996	46.885227914793	-1241.1825375321
998	0.997	50.0730894025914	-1193.18065922398
999	0.998	53.5891133359086	-1141.82683820531
1000	0.999	56.6519610585989	-1087.18358135863
