No.	时间（s）	Dev1/ai0-1-测振（mm/s）	VH01-V1-Dev1/ai0一次积分（μm）
1	0	59.5272876743217	0
2	0.001	58.6209346999687	57.5761470940248
3	0.002	57.3082855964339	114.042793149106
4	0.003	55.4643262039481	168.931134956176
5	0.004	53.2296975445322	221.780182737296
6	0.005	50.5887728972543	272.191453865069
7	0.006	47.6196861813196	319.797719311236
8	0.007	44.6037193221283	364.411457969839
9	0.008	41.1345763030721	405.782641689319
10	0.009	37.602926420898	443.653428958184
11	0.01	33.8837555326928	477.898805841859
12	0.011	29.8520495243988	508.268744277285
13	0.012	25.789090227468	534.591350060098
14	0.013	21.304208502315	556.640035331869
15	0.014	16.6786861594167	574.133518569614
16	0.015	11.7562555656313	586.853025339018
17	0.016	6.45878292913349	594.46258049328
18	0.017	0.739387988930565	596.563701859192
19	0.018	-5.57382360800554	592.648519956534
20	0.019	-12.2151969129556	582.256045602933
21	0.02	-19.2628657580211	565.019050174325
22	0.021	-26.8262175091585	540.476544447614
23	0.022	-34.6395973282789	508.245672935775
24	0.023	-42.7186320854157	468.068594135808
25	0.024	-51.110202195295	419.656212902332
26	0.025	-59.4392655623928	362.883514930368
27	0.026	-68.0027307911817	297.66455266046
28	0.027	-76.394302233672	223.968072054913
29	0.028	-84.7858744004097	141.880019644752
30	0.029	-93.0524333015175	51.4629017006679
31	0.03	-100.756429521587	-46.9394938040049
32	0.031	-108.21039837397	-152.920871844904
33	0.032	-115.070550875359	-266.059310562688
34	0.033	-121.164992360812	-385.675046273895
35	0.034	-126.681243912641	-511.096128503741
36	0.035	-131.041114596238	-641.455271851301
37	0.036	-134.369618318184	-775.658602401633
38	0.037	-136.432353152397	-912.557552230044
39	0.038	-136.885529758692	-1050.71445777871
40	0.039	-135.651014187861	-1188.48069384511
41	0.04	-132.385017475907	-1323.99667377011
42	0.041	-127.228181071572	-1455.30123713697
43	0.042	-120.024237871399	-1580.42541070157
44	0.043	-110.788815498475	-1697.32990147963
45	0.044	-100.490774464254	-1804.46766055412
46	0.045	-90.8178057576953	-1901.61991475821
47	0.046	-72.7063862115662	-1984.87997483596
48	0.047	-57.3452796147886	-2051.40377184226
49	0.048	-41.2184631481698	-2102.18360731686
50	0.049	-25.0603936613826	-2136.82099981476
51	0.05	-9.08984480105068	-2155.3940831391
52	0.051	6.28688854141697	-2158.29352536203
53	0.052	20.4603631900611	-2146.41786358941
54	0.053	33.43057926331	-2120.97035645585
55	0.054	44.634972863837	-2083.43554448539
56	0.055	53.9641559036639	-2035.63394419476
57	0.056	75.5134820659203	-1972.39308930309
58	0.057	66.6530979105768	-1902.80776340796
59	0.058	69.6534394182376	-1836.15245883668
60	0.059	70.6691800823508	-1767.4891131795
61	0.06	69.7628268731566	-1698.77107379487
62	0.061	67.2781690401748	-1631.74853993133
63	0.062	63.2152068619799	-1567.99981607337
64	0.063	58.1521314444177	-1508.81411101329
65	0.064	52.4639856499994	-1455.0040165592
66	0.065	46.1820232011443	-1407.17897622675
67	0.066	39.9313150358118	-1365.62027120139
68	0.067	33.9775161405593	-1330.16381970633
69	0.068	28.6487884767896	-1300.34863149077
70	0.069	24.1013995115124	-1275.47150158974
71	0.07	20.3353490705027	-1254.75109139185
72	0.071	17.9288273071919	-1237.11696729613
73	0.072	16.2880170545563	-1221.50650920837
74	0.073	15.6785732545514	-1207.02117814694
75	0.074	16.0536155925022	-1192.65304781653
76	0.075	16.9599679160351	-1177.64422015539
77	0.076	18.6476584757281	-1161.33837105262
78	0.077	20.7416449597968	-1143.14168342798
79	0.078	23.1637935750318	-1122.68692825369
80	0.079	25.9766114205729	-1099.61468984901
81	0.08	28.4768940431634	-1073.88590121026
82	0.081	31.1178176628336	-1045.58650945038
83	0.082	33.5712201741488	-1014.73995462501
84	0.083	33.5868469420391	-982.658885160036
85	0.084	75.7947641349454	-929.466043714664
86	0.085	79.9514882856616	-853.090881597481
87	0.086	41.4783652412544	-793.873918927143
88	0.087	43.4785918325878	-752.893404483342
89	0.088	45.2131633887138	-710.045490965812
90	0.089	47.0727491733519	-665.400498777899
91	0.09	48.7135602145299	-619.005308177079
92	0.091	50.510639034087	-570.891172645891
93	0.092	52.3858517838832	-520.940891330026
94	0.093	54.0735433198075	-469.209157871301
95	0.094	55.8081152377465	-415.766292685644
96	0.095	57.2457784971943	-360.737309911294
97	0.096	58.4959204980205	-304.364424506807
98	0.097	59.3710199188362	-246.928918391499
99	0.098	59.8554499625939	-188.813647543904
100	0.099	59.9179570653917	-130.424908123032
101	0.1	59.5429144498998	-72.1924364585063
102	0.101	58.6209346999687	-14.6084759766924
103	0.102	57.3395391460852	41.8737968532142
104	0.103	55.4486994297438	96.7699520480084
105	0.104	53.2922046384937	149.642439989007
106	0.105	50.6043996699024	200.092778050084
107	0.106	47.666566496555	247.730297040193
108	0.107	44.5880925512807	292.35966247099
109	0.108	41.1658298428205	333.738659574921
110	0.109	37.6341799587425	371.640700382582
111	0.11	33.8837555326928	405.901704035179
112	0.111	29.8833030583901	436.2872692376
113	0.112	25.7734634613981	462.617688404374
114	0.113	21.3823423279879	484.697627205947
115	0.114	16.6786861594167	502.230177356529
116	0.115	11.7718823289967	514.957497507615
117	0.116	6.45878292913349	522.57486604356
118	0.117	0.692507703685369	524.652547266849
119	0.118	-5.57382360800554	520.713925221569
120	0.119	-12.2151969129556	510.321450867968
121	0.12	-19.2003587181104	493.115708959314
122	0.121	-26.8105907494662	468.612270132406
123	0.122	-34.6395973282789	436.389212000413
124	0.123	-42.7030053256277	396.219946580339
125	0.124	-51.0945754350779	347.823192106866
126	0.125	-59.4705190842011	291.042680754106
127	0.126	-68.0183575530583	225.800278342356
128	0.127	-76.4568092860659	152.064730829674
129	0.128	-84.8171279295617	69.9297981287398
130	0.129	-93.0680600678056	-20.5107599630643
131	0.13	-100.80330982594	-118.944409003058
132	0.131	-108.257278684253	-224.972667351274
133	0.132	-115.117431191647	-338.157986382345
134	0.133	-121.227499456907	-457.828415799742
135	0.134	-126.681243912641	-583.280751577636
136	0.135	-131.0723681511	-713.655521702626
137	0.136	-134.400871875509	-847.890105809051
138	0.137	-136.432353152397	-984.804682416124
139	0.138	-136.932410097563	-1122.98502813422
140	0.139	-135.682267746156	-1260.7903311492
141	0.14	-132.431897809685	-1396.34537802025
142	0.141	-127.321941728059	-1527.72026188224
143	0.142	-120.149252060701	-1652.95382286974
144	0.143	-110.898202894322	-1769.97551444037
145	0.144	-99.8500769776812	-1876.84761846949
146	0.145	-87.0986355905479	-1971.81993884673
147	0.146	-72.7688932616887	-2053.25166736597
148	0.147	-57.4077866576244	-2119.83797141874
149	0.148	-41.3278504663549	-2170.70375407385
150	0.149	-25.1229007003365	-2205.42709375032
151	0.15	-9.08984480105068	-2224.03143059413
152	0.151	6.22438149140699	-2226.96212634207
153	0.152	20.4291096601528	-2215.13334485941
154	0.153	33.4149524954583	-2189.70927787473
155	0.154	44.6037193221283	-2152.19790605906
156	0.155	54.1985575099899	-2104.29473173612
157	0.156	60.5586548740651	-2048.41408963721
158	0.157	66.590590798128	-1986.33743089423
159	0.158	69.7315733145784	-1919.674312931
160	0.159	70.7785675400009	-1850.91720659683
161	0.16	69.8253339903846	-1782.11321992476
162	0.161	67.3094225968991	-1715.04380572424
163	0.162	63.3089675233052	-1651.23257475726
164	0.163	58.2146385448816	-1591.96873581628
165	0.164	52.4952391964806	-1538.11176103872
166	0.165	46.2132767437745	-1490.25546716172
167	0.166	39.9156882662735	-1448.68894874981
168	0.167	33.9462626045882	-1413.2559374075
169	0.168	28.6019081766667	-1383.47981610999
170	0.169	24.1326530429334	-1358.61049959331
171	0.17	20.3666026003736	-1337.85883586478
172	0.171	17.8663202493562	-1320.24033853304
173	0.172	16.319270582879	-1304.64550721004
174	0.173	15.6629464905056	-1290.15236276647
175	0.174	16.0848691207389	-1275.77641905397
176	0.175	16.9443411517539	-1260.75977801084
177	0.176	18.6164049465296	-1244.47736905482
178	0.177	20.7260181947849	-1226.30412157728
179	0.178	23.1794203405428	-1205.84936640274
180	0.179	25.960984654462	-1182.77712799836
181	0.18	28.4456405098233	-1157.07177950933
182	0.181	34.6807207040445	-1127.00656299552
183	0.182	67.1375280352038	-1077.59540271902
184	0.183	34.7119742403839	-1028.16861567434
185	0.184	37.9623421071045	-993.329421593719
186	0.185	39.8219276491329	-955.93525080872
187	0.186	41.6502597111315	-916.697121221708
188	0.187	43.4629650620629	-875.638472928231
189	0.188	45.1819098466697	-832.813999566985
190	0.189	47.0414956302122	-788.200260921665
191	0.19	48.6979334424636	-741.828510478447
192	0.191	50.4950122614682	-693.730001719601
193	0.192	52.3545982374715	-643.803160563252
194	0.193	54.0579165460575	-592.094867264608
195	0.194	55.8237420120694	-538.652002078665
196	0.195	57.2770320468036	-483.599579142348
197	0.196	58.4802937228009	-427.218880350666
198	0.197	59.4335270209659	-369.759934071903
199	0.198	59.7773160842181	-311.652476612432
200	0.199	59.9023302896841	-253.310617518601
201	0.2	59.5116608987489	-195.101586017505
202	0.201	58.6053079247065	-137.541065698897
203	0.202	57.3239123712569	-81.0744196440358
204	0.203	55.4799529781575	-26.1704510624489
205	0.204	53.2765778649958	26.7098502660075
206	0.205	50.6512799878757	77.1758150993229
207	0.206	47.666566496555	124.836774248418
208	0.207	44.6193460929804	169.481766450065
209	0.208	41.1658298428205	210.876390324845
210	0.209	37.5872996519819	248.754990979126
211	0.21	33.8837555326928	282.992554478343
212	0.211	29.8676762913926	313.370306297266
213	0.212	25.7734634613981	339.692912080541
214	0.213	21.3354620325747	361.749410734407
215	0.214	16.6474326309615	379.242893973055
216	0.215	11.7562555656313	391.946773978231
217	0.216	6.39627587902262	399.525075607437
218	0.217	0.645627418457858	401.548063163057
219	0.218	-5.55819684697429	397.593814355679
220	0.219	-12.262077194246	387.185713241948
221	0.22	-19.2628657580211	369.925277672694
222	0.221	-26.8574710285421	345.367145186292
223	0.222	-34.6395973282789	313.120646914762
224	0.223	-42.7498856049933	272.927941355005
225	0.224	-51.110202195295	224.499933361741
226	0.225	-59.4861458451075	167.703795248419
227	0.226	-68.0496110768177	102.437952694336
228	0.227	-76.4724360491707	28.6789650382215
229	0.228	-84.8483814587258	-53.479407808847
230	0.229	-93.0680600678056	-143.935592665233
231	0.23	-100.818936594066	-242.377055089289
232	0.231	-108.22602514406	-348.397500051472
233	0.232	-115.08617764745	-461.551565540347
234	0.233	-121.227499456907	-581.206368185646
235	0.234	-126.7124974644	-706.67433073942
236	0.235	-131.150502038353	-837.103794583917
237	0.236	-134.385245096843	-971.369632244635
238	0.237	-136.385472814104	-1108.25295529323
239	0.238	-136.885529758692	-1246.38642067275
240	0.239	-135.651014187861	-1384.15265673914
241	0.24	-132.416271031753	-1519.68426344207
242	0.241	-127.243807847639	-1651.01226697489
243	0.242	-120.039864645044	-1776.15206731435
244	0.243	-110.788815498475	-1893.06437147923
245	0.244	-99.7563163704377	-1999.83490150681
246	0.245	-87.0048750004436	-2094.71346128537
247	0.246	-72.7063862115662	-2176.06705598449
248	0.247	-57.3296528540832	-2242.58303961044
249	0.248	-41.2809701871299	-2293.38631522416
250	0.249	-25.0447669016429	-2328.04714786167
251	0.25	-9.07421804035681	-2346.60460442579
252	0.251	6.30251530392518	-2349.48841988713
253	0.252	20.5072434849469	-2337.58150458581
254	0.253	33.3993257276106	-2312.12618407265
255	0.254	44.6662264055637	-2274.59137209919
256	0.255	54.0891700935626	-2226.71163794274
257	0.256	61.449381111091	-2170.44032643354
258	0.257	66.6062175762315	-2107.910491183
259	0.258	69.6378126389873	-2041.28644016851
260	0.259	70.7160604213075	-1972.60746773148
261	0.26	69.7159465352983	-1903.8894283463
262	0.261	67.2000351484659	-1836.92940159753
263	0.262	63.1995800851119	-1773.22755807387
264	0.263	58.136504669315	-1714.05747978977
265	0.264	52.432732103538	-1660.27082549647
266	0.265	46.1663964298362	-1612.4692253229
267	0.266	39.9000614967395	-1570.93396045273
268	0.267	33.9306358366086	-1535.51657587918
269	0.268	28.5550278765761	-1505.77170811571
270	0.269	24.1170262772212	-1480.93364513193
271	0.27	20.3666026003736	-1460.18979478625
272	0.271	17.8350667204561	-1442.58692421896
273	0.272	16.2567635262452	-1427.03897318873
274	0.273	15.6160661983854	-1412.60052241953
275	0.274	16.0067353001686	-1398.28708576338
276	0.275	16.9755946803193	-1383.29388486625
277	0.276	18.6320317111274	-1366.98803576365
278	0.277	20.7572717248118	-1348.7913481388
279	0.278	23.2106738715746	-1328.30533943373
280	0.279	25.9297311222504	-1305.23310102993
281	0.28	28.5081475765177	-1279.51212577367
282	0.281	42.6972533117764	-1245.40738942264
283	0.282	67.6375849439149	-1191.73793438792
284	0.283	35.6652071063418	-1141.58450245591
285	0.284	37.9467153380936	-1106.27650532681
286	0.285	39.8375544186457	-1068.88233454156
287	0.286	41.634632941121	-1029.6442049548
288	0.287	43.4942186031171	-988.577743275802
289	0.288	45.1975366176895	-945.729829758519
290	0.289	47.0102420870912	-901.123904499249
291	0.29	48.7135602145299	-854.759967441559
292	0.291	50.5262658067108	-806.638018524059
293	0.292	52.3389714642732	-756.703363981687
294	0.293	54.1204236410879	-704.971630522127
295	0.294	55.8706223350691	-651.474071627169
296	0.295	57.2926588216161	-596.390395141946
297	0.296	58.4959204980205	-539.994069575249
298	0.297	59.4022734698903	-482.542936684414
299	0.298	59.9023302896841	-424.388598897747
300	0.299	59.9179570653917	-365.976419313329
301	0.3	59.464780572063	-307.783014587722
302	0.301	58.6365614752362	-250.230307657193
303	0.302	57.3707926957575	-193.724594664816
304	0.303	55.4486994297438	-138.812812695186
305	0.304	53.2609510915029	-85.955951527683
306	0.305	50.6356532152131	-35.5056134674453
307	0.306	47.6509397248052	12.1397189094435
308	0.307	44.5568390095991	56.7456441835253
309	0.308	41.1189495332045	98.0855743618068
310	0.309	37.5716728830699	135.932921476824
311	0.31	33.8368752288121	170.139231439644
312	0.311	29.8833030583901	200.501356490125
313	0.312	25.7422099292688	226.816148890834
314	0.313	21.2885817371899	248.833580630943
315	0.314	16.6943129236487	266.327063868242
316	0.315	11.6937485121957	279.023130493044
317	0.316	6.41190264154689	286.577991976795
318	0.317	0.7237612271802	288.647859818038
319	0.318	-5.54257008594144	284.740491295537
320	0.319	-12.2464504338171	274.348016942538
321	0.32	-19.2941192779716	257.079767993523
322	0.321	-26.8105907494662	232.529448886684
323	0.322	-34.6552240879011	200.29857737488
324	0.323	-42.7498856049933	160.098058435312
325	0.324	-51.0945754350779	111.677863822157
326	0.325	-59.4705190842011	54.8973524693967
327	0.326	-68.0183575530583	-10.3450499423533
328	0.327	-76.4568092860659	-84.0805974550358
329	0.328	-84.8171279295617	-166.21553015597
330	0.329	-93.0680600678056	-256.656088247774
331	0.33	-100.772056289701	-355.074110519648
332	0.331	-108.21039837397	-461.063301944603
333	0.332	-115.08617764745	-574.209554048434
334	0.333	-121.196245908849	-693.848729919704
335	0.334	-126.634363585042	-819.26199875977
336	0.335	-131.087994928539	-949.621142109681
337	0.336	-134.385245096843	-1083.85572621549
338	0.337	-136.401099593529	-1220.7468626538
339	0.338	-136.823022640282	-1358.85688786382
340	0.339	-135.604133850463	-1496.56843020232
341	0.34	-132.369390697993	-1632.05315656967
342	0.341	-127.228181071572	-1763.34990654757
343	0.342	-120.039864645044	-1888.481893499
344	0.343	-110.773188727658	-2005.38638427847
345	0.344	-99.7563163704377	-2112.14910092064
346	0.345	-86.9267411754428	-2206.9885937867
347	0.346	-72.6907594490414	-2288.29530819206
348	0.347	-57.2983993326765	-2354.78785167604
349	0.348	-41.202836388431	-2405.53643362971
350	0.349	-24.9822598626796	-2440.12694584839
351	0.35	-9.01171099756736	-2458.62189537163
352	0.351	6.30251530392518	-2461.47445731157
353	0.352	20.522870249915	-2449.55972862777
354	0.353	33.3993257276106	-2424.09659473213
355	0.354	44.6974799473085	-2386.54615598779
356	0.355	54.0735433198075	-2338.65860844735
357	0.356	61.449381111091	-2282.39511032502
358	0.357	66.590590798128	-2219.87308846354
359	0.358	69.684692976756	-2153.23341066921
360	0.359	70.7629407603185	-2084.5075578938
361	0.36	69.7003197560242	-2015.77389172875
362	0.361	67.215661926796	-1948.81386498046
363	0.362	63.1995800851119	-1885.10420806762
364	0.363	58.1052511191255	-1825.94975655862
365	0.364	52.4483588767662	-1772.1709156538
366	0.365	46.2132767437745	-1724.33806193665
367	0.366	39.9469418053543	-1682.75591675521
368	0.367	33.9150090686327	-1647.32290541133
369	0.368	28.5394011098864	-1617.59366441519
370	0.369	24.1013995115124	-1592.77122819761
371	0.37	20.3509758354366	-1572.04300461726
372	0.371	17.8663202493562	-1554.43232066798
373	0.372	16.3661508753844	-1538.81404919873
374	0.373	15.6004394343509	-1524.32871813699
375	0.374	16.0692423566191	-1509.99184133462
376	0.375	16.9912214446064	-1494.95957352713
377	0.376	18.6320317111274	-1478.64591104238
378	0.377	20.7885252548511	-1460.43359665251
379	0.378	23.1637935750318	-1439.95540133069
380	0.379	25.9766114205729	-1416.88316292601
381	0.38	28.5706546432694	-1391.10749398721
382	0.381	62.7151500049754	-1346.96255575621
383	0.382	31.9460363345373	-1301.12992667957
384	0.383	35.7277141800366	-1268.7910155154
385	0.384	37.9779688761195	-1233.43613808045
386	0.385	39.9156882662735	-1195.98727360237
387	0.386	41.634632941121	-1156.71007709179
388	0.387	43.4785918325878	-1115.65142879806
389	0.388	45.2444169307761	-1072.7878885095
390	0.389	47.0414956302122	-1028.14289632212
391	0.39	48.7448137586767	-981.747705720801
392	0.391	50.463758716245	-933.64138357646
393	0.392	52.3858517838832	-883.714542419516
394	0.393	54.0422897723126	-831.998435734539
395	0.394	55.8393687863975	-778.555570548304
396	0.395	57.2926588216161	-723.487520837417
397	0.396	58.5271740484756	-667.075568495492
398	0.397	59.4335270209659	-609.593182053892
399	0.398	59.7929428598825	-551.477911206588
400	0.399	59.949210616823	-493.104798561355
401	0.4	59.5116608987489	-434.87232689669
402	0.401	58.6053079247065	-377.311806578082
403	0.402	57.3551659209187	-320.82953374839
404	0.403	55.4643262039481	-265.917751779077
405	0.404	53.245324318015	-213.060890611216
406	0.405	50.6356532152131	-162.618365937722
407	0.406	47.63531295306	-114.980846946706
408	0.407	44.5568390095991	-70.3827350584965
409	0.408	41.1658298428205	-29.019364725407
410	0.409	37.5716728830699	8.85142254441785
411	0.41	33.8525019967685	43.0655458912167
412	0.411	29.8676762913926	73.4276709421769
413	0.412	25.7109563971531	99.7190231933295
414	0.413	21.2885817371899	121.720828167381
415	0.414	16.6161791025179	139.175244494114
416	0.415	11.6781217488433	151.824430826675
417	0.416	6.33376882894849	159.33241202245
418	0.417	0.661254180198398	161.331959433903
419	0.418	-5.57382360800554	157.377710626879
420	0.419	-12.230823673387	146.977422893063
421	0.42	-19.2316122380673	129.748240844215
422	0.421	-26.9043513076148	105.182294978254
423	0.422	-34.6552240879011	72.9045431873757
424	0.423	-42.7498856049933	32.7040242478081
425	0.424	-51.110202195295	-15.7239837454564
426	0.425	-59.517399366925	-72.5357486196867
427	0.426	-68.033984314937	-137.809404553738
428	0.427	-76.4724360491707	-211.560578828912
429	0.428	-84.8327546941422	-293.711138293689
430	0.429	-93.0993136003923	-384.175136534077
431	0.43	-100.818936594066	-482.632225724426
432	0.431	-108.257278684253	-588.668297456705
433	0.432	-115.08617764745	-701.837989715677
434	0.433	-121.243126230943	-821.500605747994
435	0.434	-126.7124974644	-946.976381688786
436	0.435	-131.119248483435	-1077.39021875582
437	0.436	-134.41649865418	-1211.65605641775
438	0.437	-136.369846034684	-1348.5471928553
439	0.438	-136.823022640282	-1486.64159128591
440	0.439	-135.572880292228	-1624.33750684528
441	0.44	-132.416271031753	-1759.83004660039
442	0.441	-127.21255429551	-1891.14242335714
443	0.442	-120.008611097758	-2016.2509701469
444	0.443	-110.788815498475	-2133.14764753814
445	0.444	-99.6938092990194	-2239.88692403
446	0.445	-86.8954876454643	-2334.67953659536
447	0.446	-72.6438791614805	-2415.94718409196
448	0.447	-57.2671458112754	-2482.40066067146
449	0.448	-41.202836388431	-2533.13361586443
450	0.449	-24.9978866224211	-2567.73194146298
451	0.45	-9.01171099756736	-2586.23470436609
452	0.451	6.33376882894849	-2589.07163954352
453	0.452	20.5384970148863	-2577.13347071472
454	0.453	33.4618327990248	-2551.63126990089
455	0.454	44.7443602599596	-2514.02613746452
456	0.455	54.0422897723126	-2466.1307765415
457	0.456	61.4806346635905	-2409.86727841667
458	0.457	66.6218443543408	-2347.31400300082
459	0.458	69.684692976756	-2280.6586984284
460	0.459	70.7160604213075	-2211.95628582248
461	0.46	69.7315733145784	-2143.23043304766
462	0.461	67.231288705132	-2076.24696613093
463	0.462	63.2464604157326	-2012.50605566361
464	0.463	58.1208778942176	-1953.32035060176
465	0.464	52.4014785570965	-1899.55713646922
466	0.465	46.1820232011443	-1851.76334968322
467	0.466	39.9000614967395	-1810.2202714274
468	0.467	33.9618893725718	-1774.78726008587
469	0.468	28.5394011098864	-1745.03457893776
470	0.469	24.1013995115124	-1720.21214272018
471	0.47	20.3509758354366	-1699.48391913982
472	0.471	17.8350667204561	-1681.888861955
473	0.472	16.2880170545563	-1666.32528416061
474	0.473	15.5848126703194	-1651.88683339129
475	0.474	15.9598550078607	-1637.61246364533
476	0.475	16.9443411517539	-1622.65832965864
477	0.476	18.5538978881687	-1606.4071742318
478	0.477	20.7103914297762	-1588.27299366595
479	0.478	23.1481668095241	-1567.84167863942
480	0.479	25.9453578883544	-1544.7928803836
481	0.48	28.4768940431634	-1519.07971851096
482	0.481	40.5720125905455	-1486.05322928722
483	0.482	66.0749071239556	-1434.22773352309
484	0.483	35.8058480222451	-1384.78532004311
485	0.484	37.9154618000844	-1349.42262922507
486	0.485	39.8844347272097	-1312.02064505454
487	0.486	41.634632941121	-1272.7590753135
488	0.487	43.4629650620629	-1231.70824040503
489	0.488	45.1506563046438	-1188.89939381479
490	0.489	46.9789885439887	-1144.3325354836
491	0.49	48.7135602145299	-1097.98422519746
492	0.491	50.463758716245	-1049.89352982519
493	0.492	52.3858517838832	-999.966688668247
494	0.493	54.0266629985727	-948.258395370139
495	0.494	55.7924884634288	-894.846783732258
496	0.495	57.3082855964339	-839.794360795447
497	0.496	58.4334133971741	-783.421475391764
498	0.497	59.3866466943606	-726.009409439117
499	0.498	59.7929428598825	-667.917578755116
500	0.499	59.8710767382852	-609.583533049152
501	0.5	59.5585412254833	-551.366688160388
502	0.501	58.6053079247065	-493.782727678413
503	0.502	57.3082855964339	-437.323895010963
504	0.503	55.4486994297438	-382.443366590995
505	0.504	53.2140707710544	-329.609945583716
506	0.505	50.6356532152131	-279.183047683703
507	0.506	47.5728058661263	-231.576782236154
508	0.507	44.5568390095991	-187.009923891411
509	0.508	41.1345763030721	-145.662180328196
510	0.509	37.602926420898	-107.791393059331
511	0.51	33.8993823006609	-73.5382027916719
512	0.511	29.8207959904221	-43.1760777392508
513	0.512	25.6953296311004	-43.1760777392508
514	0.513	21.3510887977092	-19.7646590763904
515	0.514	16.6005523383004	-0.900629059929922
516	0.515	11.7406288022685	13.1581709588101
517	0.516	6.36502235398097	22.0992059853905
518	0.517	0.692507703685369	25.5161804626792
519	0.518	-5.49568980283327	23.0027988615609
520	0.519	-12.2464504338171	14.0199381916913
521	0.52	-19.2472389980446	-1.83869707578393
522	0.521	-26.8730977882334	-25.0106560204673
523	0.522	-34.6395973282789	-55.8787941302679
524	0.523	-42.7342588452042	-94.6775127685539
525	0.524	-51.110202195295	-141.711533840348
526	0.525	-59.4548923232962	-197.105871651188
527	0.526	-68.0496110768177	-260.969913902789
528	0.527	-76.4568092860659	-333.334914635775
529	0.528	-84.7858744004097	-414.068047030558
530	0.529	-93.1149403666908	-503.130244965652
531	0.53	-100.756429521587	-600.177720461336
532	0.531	-108.179144833803	-704.757298190575
533	0.532	-115.08617764745	-816.501749982746
534	0.533	-121.164992360812	-934.739125538422
535	0.534	-126.7124974644	-1058.78966100257
536	0.535	-131.041114596238	-1187.77825758444
537	0.536	-134.400871875509	-1320.61104137185
538	0.537	-136.338592475864	-1456.09256409908
539	0.538	-136.807395860694	-1592.77734881891
540	0.539	-135.651014187861	-1729.11834439473
541	0.54	-132.353763920084	-1863.23252400025
542	0.541	-127.259434623712	-1993.15091382369
543	0.542	-120.008611097758	-2116.89672723597
544	0.543	-110.741935186037	-2232.38379092941
545	0.544	-99.7250628347208	-2337.72908049134
546	0.545	-86.911114410452	-2431.15895966547
547	0.546	-72.6595059239985	-2511.05606038424
548	0.547	-57.3140260933791	-2576.15461694447
549	0.548	-41.1559561092172	-2625.50139859731
550	0.549	-24.9822598626796	-2658.6822971348
551	0.55	-8.9960842368665	-2675.78325973612
552	0.551	6.27126177891104	-2677.25746151664
553	0.552	20.5072434849469	-2663.97999943626
554	0.553	33.4930863347552	-2637.09162507795
555	0.554	44.6818531764338	-2598.1159458739
556	0.555	54.0266629985727	-2548.87347833794
557	0.556	61.4806346635905	-2491.23162005841
558	0.557	66.590590798128	-2427.30779787909
559	0.558	69.684692976756	-2359.28194654319
560	0.559	70.7316872009718	-2289.18554700587
561	0.56	69.7159465352983	-2219.07352068928
562	0.561	67.231288705132	-2150.71169362061
563	0.562	63.2777139695077	-2085.56898283484
564	0.563	58.1521314444177	-2024.96585067942
565	0.564	52.4171053303148	-1969.7930228436
566	0.565	46.2132767437745	-1920.5896223581
567	0.566	39.9313150358118	-1877.62911701985
568	0.567	33.9150090686327	-1840.81774551917
569	0.568	28.5706546432694	-1809.68670421476
570	0.569	24.1170262772212	-1783.45465430606
571	0.57	20.3353490705027	-1761.34025718375
572	0.571	17.8506934849047	-1742.35902645759
573	0.572	16.3036438187162	-1725.39364835732
574	0.573	15.6785732545514	-1709.51433037223
575	0.574	15.9911085360631	-1693.79128002847
576	0.575	17.0224749731893	-1677.39627882539
577	0.576	18.6320317111274	-1659.68081603477
578	0.577	20.7885252548511	-1640.08232810333
579	0.578	23.1794203405428	-1618.21014585718
580	0.579	25.9297311222504	-1593.76736067732
581	0.58	28.5081475765177	-1566.66021187948
582	0.581	30.9302964556062	-1537.05278041497
583	0.582	67.4344368240299	-1487.98220432669
584	0.583	44.2130500522914	-1432.27025144008
585	0.584	38.0092224141618	-1391.27090575839
586	0.585	39.9000614967395	-1352.42805435449
587	0.586	41.6502597111315	-1311.7646843021
588	0.587	43.4785918325878	-1269.31204908178
589	0.588	45.2287901597427	-1225.07014863716
590	0.589	47.0571224017798	-1179.03898290794
591	0.59	48.7604405307572	-1131.24199199322
592	0.591	50.510639034087	-1081.71824276234
593	0.592	52.3702250106749	-1030.38960129151
594	0.593	54.1360504148581	-977.248254130283
595	0.594	55.8393687863975	-922.3723350812
596	0.595	57.3395391460852	-865.894671666503
597	0.596	58.4959204980205	-808.088732395994
598	0.597	59.4179002454254	-749.243612575816
599	0.598	59.7773160842181	-689.757794962539
600	0.599	59.8554499625939	-630.053202490677
601	0.6	59.5116608987489	-570.48143761155
602	0.601	58.6209346999687	-511.526930363736
603	0.602	57.2926588216161	-453.681924154488
604	0.603	55.4955797523722	-397.399595419038
605	0.604	53.1828172241137	-343.172187482339
606	0.605	50.6512799878757	-291.366929427889
607	0.606	47.6040594095838	-242.351050280704
608	0.607	44.5255854679356	-196.398018393488
609	0.608	41.1970833825861	-153.648474519772
610	0.609	37.5404193452581	-114.391513707394
611	0.61	33.8993823006609	-78.7834034359791
612	0.611	29.8207959904221	-47.0351048419821
613	0.612	25.7265831632092	-19.3732058167108
614	0.613	21.3198352674433	4.03821284707104
615	0.614	16.6005523383004	22.8866160983985
616	0.615	11.6937485121957	36.9219759721022
617	0.616	6.31814206643569	45.8161307098735
618	0.617	0.63000065671928	49.1784115199066
619	0.618	-5.51131656387093	46.6259630147863
620	0.619	-12.3402109963723	37.5884086831203
621	0.62	-19.2628657580211	21.6750797543792
622	0.621	-26.8418442688505	-1.48906581060097
623	0.622	-34.6552240879011	-32.3493905405212
624	0.623	-42.7811391245732	-71.1793626983027
625	0.624	-51.172709236174	-118.268077430221
626	0.625	-59.4705190842011	-173.701482141953
627	0.626	-68.0652378387004	-237.581151154948
628	0.627	-76.5505698647324	-310.000845558209
629	0.628	-84.8483814587258	-390.812111771482
630	0.629	-93.1461938992984	-479.921190002039
631	0.63	-100.834563362195	-577.02335918433
632	0.631	-108.272905454356	-681.688884144149
633	0.632	-115.148684735863	-793.511469790803
634	0.633	-121.227499456907	-911.811352438733
635	0.634	-126.75937779208	-1035.91658161477
636	0.635	-131.119248483435	-1164.96768530407
637	0.636	-134.463378990229	-1297.87078959245
638	0.637	-136.46360671129	-1433.44607299475
639	0.638	-136.854276199475	-1570.21680500168
640	0.639	-135.682267746156	-1706.59686752604
641	0.64	-132.385017475907	-1840.74230068861
642	0.641	-127.259434623712	-1970.67631728997
643	0.642	-120.086744966009	-2094.46119763637
644	0.643	-110.804442269297	-2210.01858180557
645	0.644	-99.7406896025773	-2315.40293829305
646	0.645	-86.9736214704339	-2408.8718843811
647	0.646	-72.6438791614805	-2488.7924252486
648	0.647	-57.3140260933791	-2553.88316842758
649	0.648	-41.1715828689547	-2603.23776346029
650	0.649	-24.9666331029375	-2636.41866199778
651	0.65	-8.9960842368665	-2653.51181121923
652	0.651	6.31814206643569	-2654.96257285599
653	0.652	20.5541237798607	-2641.63823048438
654	0.653	33.4930863347552	-2614.72641597862
655	0.654	44.7443602599596	-2575.71948323281
656	0.655	54.1360504148581	-2526.39106844694
657	0.656	61.5275149923809	-2468.67107629487
658	0.657	66.684351466836	-2404.6769336168
659	0.658	69.684692976756	-2336.60420194655
660	0.659	70.7473139806421	-2266.4999890194
661	0.66	69.7940804317586	-2196.34108236474
662	0.661	67.2625422618214	-2127.92456156949
663	0.662	63.2620871926173	-2062.77403739382
664	0.663	58.136504669315	-2002.1865320144
665	0.664	52.4639856499994	-1946.99807740628
666	0.665	46.2601570577542	-1897.74779660395
667	0.666	39.9000614967395	-1854.77947787825
668	0.667	33.9462626045882	-1817.96810637913
669	0.668	28.6019081766667	-1786.80581154005
670	0.669	24.0857727458068	-1760.57376163036
671	0.67	20.3509758354366	-1738.46717789128
672	0.671	17.8350667204561	-1719.48594716488
673	0.672	16.3505241112131	-1702.50494230059
674	0.673	15.6004394343509	-1686.64125107935
675	0.674	16.0379888283881	-1670.93382749952
676	0.675	17.0068482088964	-1654.52319953243
677	0.676	18.6007781819349	-1636.83117688855
678	0.677	20.7572717248118	-1617.26394248672
679	0.678	23.1637935750318	-1595.41520038835
680	0.679	25.9297311222504	-1570.98022859125
681	0.68	28.5081475765177	-1543.87307979341
682	0.681	31.0865641282584	-1514.18751449257
683	0.682	59.1834986129628	-1469.1642736735
684	0.683	71.1223566945419	-1404.12313657129
685	0.684	36.3059046147546	-1350.52079646819
686	0.685	39.9313150358118	-1312.51397719445
687	0.686	41.5721258611223	-1271.87404729753
688	0.687	43.4473382915425	-1229.47610577274
689	0.688	45.2444169307761	-1185.24201871313
690	0.689	47.0102420870912	-1139.22647975574
691	0.69	48.7448137586767	-1091.4607423844
692	0.691	50.4950122614682	-1041.95261992587
693	0.692	52.3702250106749	-990.631791841341
694	0.693	54.0891700935626	-937.513884840767
695	0.694	55.8081152377465	-882.677032726657
696	0.695	57.2770320468036	-826.246249635926
697	0.696	58.4490401723777	-768.49500407788
698	0.697	59.3710199188362	-709.696764583817
699	0.698	59.7616893085592	-650.242200521664
700	0.699	59.8710767382852	-590.537608049786
701	0.7	59.5116608987489	-530.958029782813
702	0.701	58.6209346999687	-472.003522534999
703	0.702	57.2614052719963	-414.174143100561
704	0.703	55.4330726555446	-357.938694688335
705	0.704	53.2140707710544	-303.72691352658
706	0.705	50.6043996699024	-251.929468857646
707	0.706	47.6509397248052	-202.913589711837
708	0.707	44.5255854679356	-156.937117667011
709	0.708	41.1502030729442	-114.211013948115
710	0.709	37.5247925763585	-74.9853066750082
711	0.71	33.8681287647287	-39.400636556009
712	0.711	29.8676762913926	-7.64452457949273
713	0.712	25.6953296311004	20.0251878302094
714	0.713	21.3198352674433	43.4209797279368
715	0.714	16.5692988098742	62.2537562150511
716	0.715	11.6624949854935	76.2578625611906
717	0.716	6.36502235398097	85.1598306793834
718	0.717	0.63000065671928	88.5455516331891
719	0.718	-5.55819684697429	85.9696629865172
720	0.719	-12.2933307151001	76.9321086539356
721	0.72	-19.2628657580211	61.0422198658306
722	0.721	-26.919978067305	37.8390074016232
723	0.722	-34.7333578860133	6.90054887341966
724	0.723	-42.7811391245732	-31.968490183418
725	0.724	-51.2195895168442	-79.0806450556711
726	0.725	-59.517399366925	-134.5609300491
727	0.726	-68.0964913624719	-198.479665965343
728	0.727	-76.5818233909747	-270.930613893611
729	0.728	-84.8327546941422	-351.749693487714
730	0.729	-93.1461938992984	-440.850958335978
731	0.73	-100.850190130328	-537.960940902336
732	0.731	-108.288532224463	-642.642092631276
733	0.732	-115.164311507978	-754.480305049041
734	0.733	-121.258753004984	-872.803627857067
735	0.734	-126.821884895729	-996.955737358968
736	0.735	-131.16612881582	-1126.06153476629
737	0.736	-134.44775221154	-1258.98026583151
738	0.737	-136.447979931841	-1394.53992245475
739	0.738	-136.838649419875	-1531.29502768215
740	0.739	-135.697894525312	-1667.67509020629
741	0.74	-132.338137142181	-1801.80489659158
742	0.741	-127.259434623712	-1931.71547302607
743	0.742	-120.039864645044	-2055.47691321199
744	0.743	-110.69505487364	-2170.95616352288
745	0.744	-99.7250628347208	-2276.2780129286
746	0.745	-86.8173538205727	-2369.66101180779
747	0.746	-72.5344918239188	-2449.44872518158
748	0.747	-57.23589228988	-2514.44570779003
749	0.748	-40.9996885118682	-2563.67528874245
750	0.749	-24.8728725444754	-2596.72335982216
751	0.75	-8.90232367263183	-2613.72274848226
752	0.751	6.47440969166696	-2615.04849602429
753	0.752	20.6322576047794	-2601.60695292761
754	0.753	33.6024737099333	-2574.6013778218
755	0.754	44.7912405726514	-2535.51631123205
756	0.755	54.1360504148581	-2486.16445628984
757	0.756	61.6056488738083	-2428.40539719705
758	0.757	66.6999782449743	-2364.3643741892
759	0.758	69.7003197560242	-2296.27601574025
760	0.759	70.7629407603185	-2226.15617603362
761	0.76	69.7472000938645	-2156.01289615807
762	0.761	67.231288705132	-2087.63544231012
763	0.762	63.2464604157326	-2022.50835830123
764	0.763	58.1208778942176	-1961.9364796978
765	0.764	52.4639856499994	-1906.75583847724
766	0.765	46.244530286423	-1857.51337106057
767	0.766	39.9000614967395	-1814.55286572054
768	0.767	33.8525019967685	-1777.78837452533
769	0.768	28.5394011098864	-1746.70421352354
770	0.769	24.0545192144057	-1720.51904391294
771	0.77	20.3822293653138	-1698.41246017463
772	0.771	17.8038131915679	-1679.43122944773
773	0.772	16.2723902903993	-1662.50491825829
774	0.773	15.6473197264627	-1646.6568538014
775	0.774	15.9598550078607	-1630.96505698579
776	0.775	16.9912214446064	-1614.6013093111
777	0.776	18.6007781819349	-1596.91710004937
778	0.777	20.7728984898299	-1577.34205226503
779	0.778	23.1637935750318	-1555.48549678415
780	0.779	25.9922381866873	-1531.01927145483
781	0.78	28.5394011098864	-1503.86524235809
782	0.781	31.0709373609764	-1474.1718636742
783	0.782	32.383585825753	-1442.55639263238
784	0.783	72.2318580769639	-1390.36046123257
785	0.784	57.6677014186943	-1325.52247203628
786	0.785	39.9313150358118	-1276.83475436057
787	0.786	41.712766791217	-1236.1245039986
788	0.787	43.5098453736509	-1193.62498846771
789	0.788	45.2756704728566	-1149.344021096
790	0.789	47.0102420870912	-1103.31285536758
791	0.79	48.7916940749325	-1055.52367783811
792	0.791	50.5418925793394	-1005.96867506252
793	0.792	52.3858517838832	-954.616593432449
794	0.793	54.1516771886335	-901.459619497736
795	0.794	55.8862491094127	-846.552446900257
796	0.795	57.3864194706016	-790.027903161794
797	0.796	58.558427598952	-732.167270178562
798	0.797	59.3866466943606	-673.30652358345
799	0.798	59.8710767382852	-613.789452418671
800	0.799	59.8710767382852	-554.03016623193
801	0.8	59.5272876743217	-494.442774577171
802	0.801	58.6053079247065	-435.488267329202
803	0.802	57.3082855964339	-377.643261120176
804	0.803	55.4955797523722	-321.353118997317
805	0.804	53.1984439975815	-267.117897673885
806	0.805	50.6356532152131	-215.312639619032
807	0.806	47.6509397248052	-166.281133700567
808	0.807	44.4787051554742	-120.328101811972
809	0.808	41.1658298428205	-77.617624864369
810	0.809	37.5404193452581	-38.3762908218741
811	0.81	33.8681287647287	-2.78380731842508
812	0.811	29.8833030583901	28.9801180415899
813	0.812	25.6797028650511	56.6498304517662
814	0.813	21.3198352674433	80.0378089664689
815	0.814	16.6161791025179	98.8940255999051
816	0.815	11.6781217488433	112.929385474041
817	0.816	6.38064911650065	121.846980355169
818	0.817	0.661254180198398	125.256141451974
819	0.818	-5.54257008594144	122.703692947558
820	0.819	-12.2933307151001	113.673951995493
821	0.82	-19.3409995578913	97.7449963074528
822	0.821	-26.8574710285421	74.5339704626917
823	0.822	-34.748984645636	43.6189520740582
824	0.823	-42.7811391245732	4.7420996374092
825	0.824	-51.1414557157324	-42.330988334288
826	0.825	-59.517399366925	-97.7722064271611
827	0.826	-68.0183575530583	-161.651875438697
828	0.827	-76.5974501540996	-234.071569843821
829	0.828	-84.8952617524943	-314.929716348662
830	0.829	-93.1305671329929	-404.05442134295
831	0.83	-100.881443666607	-501.172217294294
832	0.831	-108.257278684253	-605.853369021268
833	0.832	-115.179938280098	-717.683768054988
834	0.833	-121.243126230943	-836.007090862053
835	0.834	-126.775004567984	-960.127946813061
836	0.835	-131.228635925748	-1089.24155761147
837	0.836	-134.463378990229	-1222.199355621
838	0.837	-136.479233490745	-1357.78245241304
839	0.838	-136.948036877199	-1494.60787814855
840	0.839	-135.713521304475	-1631.05044779093
841	0.84	-132.447524587622	-1765.24276128853
842	0.841	-127.290688175875	-1895.22365822182
843	0.842	-120.133625287021	-2019.04760550481
844	0.843	-110.851322581789	-2134.65186999076
845	0.844	-99.7719431383019	-2240.07529340235
846	0.845	-86.9579947054338	-2333.55205287576
847	0.846	-72.6595059239985	-2413.47259374202
848	0.847	-57.2983993326765	-2478.5633369219
849	0.848	-41.1872096286926	-2527.91793195413
850	0.849	-24.9822598626796	-2561.11445725136
851	0.85	-9.07421804035681	-2578.25448675443
852	0.851	6.36502235398097	-2579.72087514916
853	0.852	20.522870249915	-2566.38871939875
854	0.853	33.524339870501	-2539.47690489009
855	0.854	44.7131067181877	-2500.46997214729
856	0.855	54.0579165460575	-2451.19625106671
857	0.856	61.5743953212208	-2393.49188568462
858	0.857	66.6374711324559	-2329.49774300932
859	0.858	69.7003197560242	-2261.44063811663
860	0.859	70.7629407603185	-2191.32079841
861	0.86	69.7159465352983	-2121.19314531374
862	0.861	67.231288705132	-2052.83131824507
863	0.862	63.2777139695077	-1987.68860745929
864	0.863	58.1677582195257	-1927.07766191632
865	0.864	52.4639856499994	-1871.8735805331
866	0.865	46.1820232011443	-1822.66236665907
867	0.866	39.9938221140073	-1779.68623455304
868	0.867	33.9150090686327	-1742.84360951327
869	0.868	28.6175349433708	-1711.68912805881
870	0.869	24.1326530429334	-1685.4258246172
871	0.87	20.3822293653138	-1663.28017396462
872	0.871	17.8506934849047	-1644.27550309106
873	0.872	16.3505241112131	-1627.28668484454
874	0.873	15.6942000186	-1611.37611333118
875	0.874	16.0536155925022	-1595.61399607717
876	0.875	17.0381017374851	-1579.17992796372
877	0.876	18.6320317111274	-1561.45665179096
878	0.877	20.8041520198755	-1541.85035047701
879	0.878	23.1637935750318	-1519.9781682311
880	0.879	25.9922381866873	-1495.51194290178
881	0.88	28.5394011098864	-1468.35791380504
882	0.881	31.1021908955442	-1438.64890835387
883	0.882	33.6649807815489	-1406.37711306687
884	0.883	35.7745944853496	-1371.76911598496
885	0.884	37.9779688761195	-1335.00462485577
886	0.885	39.9781953444521	-1296.13833329703
887	0.886	41.7440203312859	-1255.3890160107
888	0.887	43.5410989147318	-1212.85824693924
889	0.888	45.2444169307761	-1168.57727956803
890	0.889	47.0258688586494	-1122.55392722486
891	0.89	48.7916940749325	-1074.75693630962
892	0.891	50.5418925793394	-1025.20193353402
893	0.892	52.4014785570965	-973.84203851735
894	0.893	54.0735433198075	-920.716318130443
895	0.894	55.8549955607307	-865.863839241718
896	0.895	57.3082855964339	-809.39398921468
897	0.896	58.4646669475867	-751.619303494214
898	0.897	59.4179002454254	-692.789810449253
899	0.898	59.7929428598825	-633.296179448143
900	0.899	59.8710767382852	-573.575960200604
901	0.9	59.5116608987489	-513.996381933631
902	0.901	58.5896811494497	-455.057501461076
903	0.902	57.3395391460852	-397.204681864853
904	0.903	55.4486994297438	-340.922353128483
905	0.904	53.1984439975815	-286.710571966365
906	0.905	50.6200264425553	-234.913127297841
907	0.906	47.6196861813196	-185.905061537448
908	0.907	44.5099586971106	-139.952029649777
909	0.908	41.1970833825861	-97.2102991614729
910	0.909	37.5404193452581	-57.9533383490952
911	0.91	33.8681287647287	-22.3608548456462
912	0.911	29.8676762913926	9.39525713087007
913	0.912	25.7109563971531	37.0727829235985
914	0.913	21.3510887977092	60.4920149694853
915	0.914	16.5849255740859	79.3482316038385
916	0.915	11.6781217488433	93.3679647137587
917	0.916	6.36502235398097	102.277746213626
918	0.917	0.567493609784573	105.632213643965
919	0.918	-5.55819684697429	103.025071473826
920	0.919	-12.3558377567939	93.956263620397
921	0.92	-19.3722530778338	77.9804276515387
922	0.921	-26.8730977882334	54.7459616669607
923	0.922	-34.8114916841278	23.7918763792358
924	0.923	-42.765512364783	-15.108416196764
925	0.924	-51.172709236174	-62.1893175487869
926	0.925	-59.5799064105782	-117.677415923707
927	0.926	-68.0652378387004	-181.611778599891
928	0.927	-76.6599572066246	-254.086166674098
929	0.928	-84.8796349879018	-334.967753322906
930	0.929	-93.1930741982358	-424.115898467519
931	0.93	-100.897070434752	-521.272761335557
932	0.931	-108.304158994575	-625.985166601765
933	0.932	-115.242445368625	-737.87025933491
934	0.933	-121.290006553083	-856.248275847308
935	0.934	-126.790631343893	-980.40038534734
936	0.935	-131.228635925748	-1109.52180953371
937	0.936	-134.463378990229	-1242.47960754324
938	0.937	-136.46360671129	-1378.05489094554
939	0.938	-136.885529758692	-1514.84124973208
940	0.939	-135.682267746156	-1651.23693903605
941	0.94	-132.431897809685	-1785.40581236551
942	0.941	-127.196927519453	-1915.33201558162
943	0.942	-120.055491418694	-2039.07001560224
944	0.943	-110.757561956845	-2154.58833284156
945	0.944	-99.6625557633334	-2259.91018225319
946	0.945	-86.9423679404367	-2353.32443465662
947	0.946	-72.5344918239188	-2433.17465509034
948	0.947	-57.2046387684901	-2498.15601093809
949	0.948	-41.1247025897437	-2547.43247216875
950	0.949	-24.85724578473	-2580.53523690753
951	0.95	-8.9960842368665	-2597.57369246988
952	0.951	6.38064911650065	-2598.9932005816
953	0.952	20.6166308397894	-2585.606351155
954	0.953	33.524339870501	-2558.6476563514
955	0.954	44.7912405726514	-2519.60165668137
956	0.955	54.0422897723126	-2470.29668206043
957	0.956	61.6212756501102	-2412.57668990076
958	0.957	66.6374711324559	-2348.55910706103
959	0.958	69.6690661974938	-2280.5176289476
960	0.959	70.7316872009718	-2210.42904279991
961	0.96	69.7628268731566	-2140.29357631439
962	0.961	67.1844083701417	-2071.93174924428
963	0.962	63.1839533082495	-2006.85935895663
964	0.963	58.1208778942176	-1946.31873390694
965	0.964	52.4014785570965	-1891.16934623283
966	0.965	46.1663964298362	-1841.99719929091
967	0.966	39.8844347272097	-1799.08357426393
968	0.967	33.8525019967685	-1762.32689645348
969	0.968	28.5550278765761	-1731.23492206836
970	0.969	24.0545192144057	-1705.04193907441
971	0.97	20.3353490705027	-1682.9587954835
972	0.971	17.8350667204561	-1663.98537813957
973	0.972	16.3348973470446	-1647.01218665736
974	0.973	15.6316929624226	-1631.14068205417
975	0.974	16.0379888283881	-1615.41763171031
976	0.975	17.0068482088964	-1599.00700374321
977	0.976	18.5695246527544	-1581.33060786393
978	0.977	20.7885252548511	-1561.76337346167
979	0.978	23.2106738715746	-1539.87556445
980	0.979	25.960984654462	-1515.40152573853
981	0.98	28.5237743432003	-1488.27093679124
982	0.981	31.0865641282584	-1458.57755810706
983	0.982	33.6493540136392	-1426.32138958765
984	0.983	35.758967716908	-1391.72901927392
985	0.984	38.0092224141618	-1354.95671475993
986	0.985	39.9938221140073	-1316.06698304739
987	0.986	41.712766791217	-1275.32547914633
988	0.987	43.5723524558305	-1232.79471007435
989	0.988	45.3225507860115	-1188.45904900497
990	0.989	47.0571224017798	-1142.38100296262
991	0.99	48.7916940749325	-1094.56838527581
992	0.991	50.5262658067108	-1045.02119588653
993	0.992	52.4171053303148	-993.661300869561
994	0.993	54.1516771886335	-940.488700161632
995	0.994	55.8862491094127	-885.581527564153
996	0.995	57.3864194706016	-829.05698382569
997	0.996	58.5115472732454	-771.219791005311
998	0.997	59.4179002454254	-712.36685779752
999	0.998	59.8710767382852	-652.834159857209
1000	0.999	59.8710767382852	-593.074873670468
