No.	时间（s）	Dev1/ai0-1-测振（mm/s）	VH01-V1-Dev1/ai0一次积分（μm）
1	0	10.8967835845239	0
2	0.001	5.55243070609806	8.91570286770465
3	0.002	-0.213844474275103	12.2760917060098
4	0.003	-12.730880006553	6.49482518798935
5	0.004	-13.1059222556293	-5.73248022070817
6	0.005	-20.1067107955768	-21.6477010239176
7	0.006	-27.3106470594439	-44.6652842290343
8	0.007	-34.8896254822447	-75.074324777485
9	0.008	-42.656125046267	-113.156104319347
10	0.009	-50.5632655883097	-159.074703914242
11	0.01	-58.845448649188	-213.087965310597
12	0.011	-67.1276321292944	-275.383409977445
13	0.012	-75.4410696896087	-345.976665164503
14	0.013	-83.7388811807039	-424.875544877265
15	0.014	-91.9585596699435	-512.033169580195
16	0.015	-99.9125840492544	-607.277645717401
17	0.016	-107.397806335276	-710.241745187272
18	0.017	-114.461106767501	-820.480106016267
19	0.018	-120.852456881566	-937.445792118407
20	0.019	-126.38433517201	-1060.3730924228
21	0.02	-130.947353931791	-1188.34784125231
22	0.021	-134.275857646351	-1320.26835131899
23	0.022	-136.291712137678	-1454.86104048861
24	0.023	-136.479233490745	-1590.55541758042
25	0.024	-134.900928795908	-1725.55440300136
26	0.025	-131.47866436637	-1858.0531038601
27	0.026	-125.946785452536	-1986.07473304716
28	0.027	-118.44593375907	-2107.57999693057
29	0.028	-108.897976262066	-2220.56085621874
30	0.029	-97.5060618379186	-2323.07177954634
31	0.03	-84.6139799902879	-2413.44070473805
32	0.031	-70.4717591933926	-2490.2924786075
33	0.032	-55.3763077766675	-2552.52541637014
34	0.033	-39.8589350525445	-2599.45194206235
35	0.034	-24.3103091933325	-2630.84546846289
36	0.035	-9.12109832243422	-2646.87007649838
37	0.036	5.23989545853729	-2648.11958220794
38	0.037	18.6320317111274	-2635.49252290071
39	0.038	30.6333878785914	-2610.16871738346
40	0.039	41.1814566127011	-2573.57019941542
41	0.04	49.9480752228608	-2527.31433777524
42	0.041	56.9332430022551	-2473.18258294029
43	0.042	62.1213324946839	-2412.96419946943
44	0.043	65.4967163452224	-2348.46407932708
45	0.044	67.0125138089589	-2281.5183685276
46	0.045	66.9031263613001	-2213.86945272008
47	0.046	65.1529272372637	-2147.1503301984
48	0.047	62.2776002597735	-2082.74397072749
49	0.048	58.1521314444177	-2021.838009153
50	0.049	53.4484723737489	-1965.34661152152
51	0.05	48.0728625637006	-1913.8948483304
52	0.051	42.4003446767612	-1867.96714898778
53	0.052	36.8059612113941	-1827.67290032131
54	0.053	31.4928600789021	-1792.83239395377
55	0.054	26.8829638609112	-1762.95338626147
56	0.055	23.0387794510614	-1737.30141888309
57	0.056	19.8977996536103	-1715.14203360836
58	0.057	17.7881864271282	-1695.60794484559
59	0.058	16.5224185172564	-1677.76154665101
60	0.059	16.0692423566191	-1660.77462049168
61	0.06	16.5849255740859	-1643.75644080393
62	0.061	17.6319187828939	-1625.95692290305
63	0.062	19.3821164153717	-1606.75880958152
64	0.063	21.6948776314722	-1585.5292168357
65	0.064	24.3670545290158	-1561.80715503307
66	0.065	27.3205133190538	-1535.27227538664
67	0.066	30.0864510296911	-1505.87769748987
68	0.067	33.0086565326699	-1473.6390479863
69	0.068	35.7120874116069	-1438.58758029177
70	0.069	38.2905042572875	-1400.89518873493
71	0.07	40.6501464391748	-1360.7337676643
72	0.071	42.8222674743634	-1318.30646498514
73	0.072	44.8068673435578	-1273.80080185378
74	0.073	46.6039460282088	-1227.40429944551
75	0.074	48.1509964231321	-1179.33573249744
76	0.075	49.7761807262354	-1129.68104820037
77	0.076	51.0888296244085	-1078.55744730265
78	0.077	52.5733730627707	-1026.03525023667
79	0.078	53.9485291299493	-972.083203417913
80	0.079	55.1674174949449	-916.834134383072
81	0.08	56.339425567629	-860.389617129391
82	0.081	57.2457784971943	-802.905919374586
83	0.082	57.8708494933791	-744.656509656906
84	0.083	58.3709062964129	-685.844536039616
85	0.084	58.5428008237111	-626.69658675716
86	0.085	58.3709062964129	-567.548637474705
87	0.086	57.7302085185022	-508.806984344854
88	0.087	56.823855579521	-450.838856573448
89	0.088	55.3080584621363	-394.081803830226
90	0.089	53.4484723737489	-339.01244268989
91	0.09	51.0732028516093	-286.060509354817
92	0.091	48.4635318620395	-235.601046275599
93	0.092	45.4475649546251	-187.954402144873
94	0.093	42.0721825030604	-143.503432693637
95	0.094	38.4623987176367	-102.545046360895
96	0.095	34.477572718222	-65.3839649205716
97	0.096	30.2739722345197	-32.3170967218071
98	0.097	25.8359705256979	-3.57102961930462
99	0.098	21.1323140861127	20.6042084089943
100	0.099	16.1786297055175	39.9507760272031
101	0.1	10.9592906374327	54.2108319210719
102	0.101	5.41178984458491	63.0874678844743
103	0.102	-0.448245898555566	66.2603355798826
104	0.103	-7.41778139869977	63.0184176536486
105	0.104	-13.1215490159928	53.439848168696
106	0.105	-20.0754572757076	37.5324407452394
107	0.106	-27.2950202997625	14.5382976798979
108	0.107	-34.9208790014921	-15.8785562483357
109	0.108	-42.656125046267	-53.9759625498217
110	0.109	-50.6413993892308	-99.9336290451769
111	0.11	-58.8298218883435	-153.97814396157
112	0.111	-67.1120053675317	-216.257961867114
113	0.112	-75.4566964525519	-286.851217054763
114	0.113	-83.7388811807039	-365.757910148997
115	0.114	-92.0366935002115	-452.954601767061
116	0.115	-99.9438375850642	-548.253771587305
117	0.116	-107.413433105141	-651.241311210014
118	0.117	-114.492360311318	-761.50311219585
119	0.118	-120.836830107658	-878.476611682944
120	0.119	-126.321828068969	-1001.36484504886
121	0.12	-130.931727154403	-1129.30052693816
122	0.121	-134.24460408912	-1261.19759683752
123	0.122	-136.244831799545	-1395.75121905946
124	0.123	-136.432353152397	-1531.39871581304
125	0.124	-134.807168122873	-1666.32738072828
126	0.125	-131.400530478519	-1798.74013430658
127	0.126	-125.821771247749	-1926.66018944732
128	0.127	-118.305292801031	-2048.03262574932
129	0.128	-108.757335329719	-2160.8728440923
130	0.129	-97.4123012340976	-2263.26656665182
131	0.13	-84.4889658740629	-2353.5261044835
132	0.131	-70.3154915714331	-2430.23723748386
133	0.132	-55.282547213473	-2492.34516115392
134	0.133	-39.7651744943411	-2539.17792628543
135	0.134	-24.185295115212	-2570.46206536781
136	0.135	-9.04296451896488	-2586.38509946251
137	0.136	5.31802927034361	-2587.55647136443
138	0.137	18.6632852403319	-2574.87471838669
139	0.138	30.6490146457693	-2549.52747272125
140	0.139	41.228336922369	-2512.89770121479
141	0.14	49.9637019953102	-2466.61058603355
142	0.141	56.9801233263624	-2412.44757765032
143	0.142	62.1213324946839	-2352.20575401741
144	0.143	65.4498360121559	-2287.72907404159
145	0.144	66.9343799177449	-2220.84587035425
146	0.145	66.8718728048784	-2153.25164827054
147	0.146	65.1373004596949	-2086.55596591586
148	0.147	62.1838396006533	-2022.2043001633
149	0.148	58.0739975689571	-1961.3842858561
150	0.149	53.3234581855045	-1904.99446225647
151	0.15	47.9634751606946	-1853.65989986098
152	0.151	42.2753305151237	-1807.84940130068
153	0.152	36.7278273678957	-1767.65672663677
154	0.153	31.4616065441473	-1732.87091395836
155	0.154	26.7892032630941	-1703.05441333234
156	0.155	22.9762723891546	-1677.48057978383
157	0.156	19.8196658294199	-1655.39151495214
158	0.157	17.8038131915679	-1635.88867971926
159	0.158	16.4755382246646	-1618.05790828875
160	0.159	16.0536155925022	-1601.10223565777
161	0.16	16.5380452814594	-1584.1153094984
162	0.161	17.6162920184867	-1566.34704512603
163	0.162	19.3977431801178	-1547.14893180433
164	0.163	21.6792508662678	-1525.91933905875
165	0.164	24.3826812947814	-1502.19727725583
166	0.165	27.2892597862383	-1475.67021099292
167	0.166	30.0864510296911	-1446.29125986257
168	0.167	33.0086565326699	-1414.05261035899
169	0.168	35.7277141800366	-1378.99332928025
170	0.169	38.2592507190961	-1341.30875110829
171	0.17	40.7126535181554	-1301.13170326727
172	0.171	42.8066407040246	-1258.68096043378
173	0.172	44.8537476563039	-1214.15967053122
174	0.173	46.5414389425052	-1167.77098150943
175	0.174	48.1666231950326	-1119.72585471826
176	0.175	49.7918074986318	-1070.05554364904
177	0.176	51.1513367156543	-1018.8928758195
178	0.177	52.6046266093217	-966.323798434619
179	0.178	53.9641559036639	-912.348311455733
180	0.179	55.1361639467366	-857.107055808139
181	0.18	56.3706791166323	-800.662538554061
182	0.181	57.2301517223976	-743.171027412153
183	0.182	57.9333565934617	-684.898177531829
184	0.183	58.4334133971741	-626.023696814118
185	0.184	58.5428008237111	-566.844493981281
186	0.185	58.3709062964129	-507.696544698826
187	0.186	57.8239691683726	-448.90801124404
188	0.187	56.7613484809308	-390.924256696994
189	0.188	55.3861923329779	-334.159390567646
190	0.189	53.4328456002008	-279.058775878663
191	0.19	51.1044563972126	-226.099029157563
192	0.191	48.4635318620395	-175.623939305543
193	0.192	45.4631917257223	-127.969481789269
194	0.193	42.1503163537665	-83.4716320271305
195	0.194	38.3842648719611	-42.5132456918731
196	0.195	34.540079790712	-5.35997763814286
197	0.196	30.3521060700213	27.7772110146175
198	0.197	25.8203437596178	56.5545316518307
199	0.198	21.1635676163029	80.7375830621847
200	0.199	16.1786297055175	100.099777445489
201	0.2	10.9592906374327	114.359833339357
202	0.201	5.42741660696629	123.24428268395
203	0.202	-0.323231805659346	126.487470806998
204	0.203	-6.48017574510786	123.776862754008
205	0.204	-13.1371757763552	114.65928271567
206	0.205	-20.0442037558354	98.7596886719681
207	0.206	-27.2950202997625	75.7811723665628
208	0.207	-34.8271184437509	45.4111987171997
209	0.208	-42.5936180071272	7.39192621415426
210	0.209	-50.6726529096064	-38.5501135218189
211	0.21	-58.8141951275005	-92.6024418179787
212	0.211	-67.096378605771	-154.866632962221
213	0.212	-75.425442926668	-225.436448006047
214	0.213	-83.7076276519615	-304.311887572968
215	0.214	-92.0210667341511	-391.48513904363
216	0.215	-99.9282108171574	-486.768682096891
217	0.216	-107.42905987501	-589.756221720581
218	0.217	-114.445479995599	-700.002395933492
219	0.218	-120.789949785962	-816.929015101879
220	0.219	-126.368708396242	-939.817248470587
221	0.22	-130.978607486584	-1067.79981068961
222	0.221	-134.291484424975	-1199.74376092299
223	0.222	-136.307338917067	-1334.35207687162
224	0.223	-136.432353152397	-1470.03082718396
225	0.224	-134.885302017054	-1604.99855904629
226	0.225	-131.416157256078	-1737.45819296046
227	0.226	-125.853024798914	-1865.40168826556
228	0.227	-118.367799893443	-1986.82100488935
229	0.228	-108.819842410718	-2099.72373031904
230	0.229	-97.4279280013918	-2202.1565198027
231	0.23	-84.5358461676249	-2292.44731116481
232	0.231	-70.3154915714331	-2369.18188431195
233	0.232	-55.3138007345327	-2431.30543474254
234	0.233	-39.7651744943411	-2478.15382663458
235	0.234	-24.2009218749788	-2509.44577909685
236	0.235	-9.04296451896488	-2525.37662657142
237	0.236	5.31802927034361	-2526.54799847334
238	0.237	18.6476584757281	-2513.87405887791
239	0.238	30.6958949473253	-2488.51118644399
240	0.239	41.2595904621691	-2451.84234801685
241	0.24	49.9793287677645	-2405.53179267949
242	0.241	56.9957501010753	-2351.35315752268
243	0.242	62.1369592711679	-2291.09570711416
244	0.243	65.5123431229226	-2226.57996019472
245	0.244	66.9187531395196	-2159.67331634111
246	0.245	66.9031263613001	-2092.0712808683
247	0.246	65.1685540148382	-2025.34434495784
248	0.247	62.2150931536712	-1960.96142565119
249	0.248	58.1208778942176	-1900.10234440485
250	0.249	53.3234581855045	-1843.6890806426
251	0.25	47.932221617021	-1792.37014501894
252	0.251	42.3534643661143	-1746.53620630498
253	0.252	36.7590809052829	-1706.28883794689
254	0.253	31.4772333115228	-1671.47958511609
255	0.254	26.8673370945997	-1641.61620419064
256	0.255	22.9918991546264	-1615.99549034363
257	0.256	19.8196658294199	-1593.89861212921
258	0.257	17.7569328982577	-1574.41921704298
259	0.258	16.4442846962844	-1556.62751252332
260	0.259	16.0379888283881	-1539.69528003859
261	0.26	16.4911649888589	-1522.73960740757
262	0.261	17.6319187828939	-1504.9869697993
263	0.262	19.3664896506286	-1485.79666986015
264	0.263	21.6636241010666	-1464.5905172619
265	0.264	24.3514277632537	-1440.89189560735
266	0.265	27.2580062534368	-1414.39608287661
267	0.266	30.0864510296911	-1385.03275851265
268	0.267	32.9930297649223	-1352.80192239295
269	0.268	35.7277141800366	-1317.75045469808
270	0.269	38.2748774881897	-1280.05806314157
271	0.27	40.7439070576714	-1239.85757514625
272	0.271	42.7910139336902	-1197.39901892818
273	0.272	44.7756138017496	-1152.92460933806
274	0.273	46.5726924853477	-1106.55936047212
275	0.274	48.1353696512364	-1058.51423368143
276	0.275	49.7605539538438	-1008.8751761565
277	0.276	51.1200831700216	-957.743761872174
278	0.277	52.5889998360437	-905.198124646747
279	0.278	53.9172755825354	-851.253891215064
280	0.279	55.1517907208382	-796.028262340984
281	0.28	56.3706791166323	-739.575931699855
282	0.281	57.2457784971943	-682.076607170548
283	0.282	57.9333565934617	-623.795943902826
284	0.283	58.3396527460641	-564.96834351067
285	0.284	58.5115472732454	-505.851647778621
286	0.285	58.3552795212358	-446.727138658987
287	0.286	57.808342393381	-387.954231979285
288	0.287	56.7769752555705	-329.970477432416
289	0.288	55.3393120104575	-273.221238077008
290	0.289	53.4484723737489	-218.136250162511
291	0.29	51.1513367156543	-165.145249895416
292	0.291	48.4479050900491	-114.654533270171
293	0.292	45.4319381835324	-67.0235159109861
294	0.293	42.1346895836165	-22.549106305018
295	0.294	38.431145179354	18.4249067988609
296	0.295	34.540079790712	55.6016150062875
297	0.296	30.3052257687093	88.7153635083918
298	0.297	25.8359705256979	117.477057377989
299	0.298	21.1948211465057	141.683548936485
300	0.299	16.1630029413806	161.053556702821
301	0.3	10.9749174006663	175.313612596238
302	0.301	5.42741660696629	184.205875322448
303	0.302	-0.338858567278035	187.441250064686
304	0.303	-6.46454898416797	184.730642011357
305	0.304	-13.0902954952646	175.644315494034
306	0.305	-20.0598305157719	159.76034821091
307	0.306	-27.2793935400808	136.781831905377
308	0.307	-34.8583719629976	106.404044876231
309	0.308	-42.5779912473437	68.3769589934543
310	0.309	-50.5788923484919	22.4896129179302
311	0.31	-58.8141951275005	-31.5158350976724
312	0.311	-67.0338715587477	-93.7487727184028
313	0.312	-75.4098161637297	-164.279520857248
314	0.313	-83.7388811807039	-243.162773807071
315	0.314	-91.9898132020405	-330.33602527605
316	0.315	-99.9125840492544	-425.596128179303
317	0.316	-107.382179565416	-528.552414264245
318	0.317	-114.445479995599	-638.775148322359
319	0.318	-120.805576559855	-755.709580877692
320	0.319	-126.306201293222	-878.574374081838
321	0.32	-130.884846822273	-1006.47880241719
322	0.321	-134.197723753318	-1138.32899198259
323	0.322	-136.322965696462	-1272.89824098509
324	0.323	-136.385472814104	-1408.56136451798
325	0.324	-134.838421680528	-1543.4822160429
326	0.325	-131.416157256078	-1675.91840978881
327	0.326	-125.837398023329	-1803.85409170612
328	0.327	-118.352173120333	-1925.25778155556
329	0.328	-108.819842410718	-2038.15269359869
330	0.329	-97.4279280013918	-2140.58548308235
331	0.33	-84.6139799902879	-2230.9153413558
332	0.331	-70.4092521445829	-2307.73586170084
333	0.332	-55.282547213473	-2369.89066565747
334	0.333	-39.7495477346419	-2416.71561740914
335	0.334	-24.232175394511	-2448.01538325132
336	0.335	-9.08984480105068	-2463.98529762671
337	0.336	5.31802927034361	-2465.18010966966
338	0.337	18.6632852403319	-2452.49835669193
339	0.338	30.6333878785914	-2427.15892441008
340	0.339	41.2127101524754	-2390.54477967215
341	0.34	49.9637019953102	-2344.26547787586
342	0.341	56.9488697769523	-2290.11809626734
343	0.342	62.1057057182053	-2229.89971279737
344	0.343	65.465462789839	-2165.42303282095
345	0.344	66.8874995830863	-2098.5554559121
346	0.345	66.8718728048784	-2030.98467399572
347	0.346	65.2154343475959	-1964.24992469709
348	0.347	62.1838396006533	-1899.85919200057
349	0.348	58.1521314444177	-1839.00011075564
350	0.349	53.3703385060585	-1782.54778005801
351	0.35	48.0259822480983	-1731.15852395854
352	0.351	42.4003446767612	-1685.25426477371
353	0.352	36.7903344426863	-1644.9678294916
354	0.353	31.4928600789021	-1610.13513650841
355	0.354	26.9298441598669	-1580.23268866663
356	0.355	22.9762723891546	-1554.58853466973
357	0.356	19.8352925942519	-1532.49165645563
358	0.357	17.6944258405522	-1513.03570151583
359	0.358	16.3974044037358	-1495.2986906713
360	0.359	16.0692423566191	-1478.37427156872
361	0.36	16.5536720456653	-1461.37171864519
362	0.361	17.5537849608874	-1443.62689441952
363	0.362	19.3196093564176	-1424.49910153847
364	0.363	21.6636241010666	-1403.31638908734
365	0.364	24.3826812947814	-1379.60214066702
366	0.365	27.2267527206493	-1353.10632793691
367	0.366	30.0551974956045	-1323.77425710639
368	0.367	32.9930297649223	-1291.55904775373
369	0.368	35.6808338747595	-1256.5310202115
370	0.369	38.1967436427632	-1218.90113573034
371	0.37	40.6970267484038	-1178.76315481237
372	0.371	42.7753871633602	-1136.33585213409
373	0.372	44.7599870308524	-1091.87706931459
374	0.373	46.5570657139241	-1045.52744721981
375	0.374	48.1822499669377	-997.466693656985
376	0.375	49.713673636698	-947.827636132773
377	0.376	51.0888296244085	-896.735288779826
378	0.377	52.5264927429817	-844.236531873738
379	0.378	53.9172755825354	-790.323551988585
380	0.379	55.1674174949449	-735.090109727452
381	0.38	56.339425567629	-678.645592473771
382	0.381	57.2457784971943	-621.161894718966
383	0.382	57.9177298184331	-562.889044838758
384	0.383	58.3552795212358	-504.06144444653
385	0.384	58.4959204980205	-444.944748714508
386	0.385	58.3396527460641	-385.835866370072
387	0.386	57.7614620684379	-327.094213240428
388	0.387	56.7926020302155	-269.126085468707
389	0.388	55.261178139693	-212.40809966136
390	0.389	53.4172188266577	-157.377805455791
391	0.39	51.0575760788149	-104.449312280661
392	0.391	48.3853980021352	-54.036729517792
393	0.392	45.3850578702818	-6.46040585918988
394	0.393	42.0565557329323	37.9514966648108
395	0.394	38.3842648719611	78.8630026896511
396	0.395	34.4463191820006	115.969390439026
397	0.396	30.2270919332629	148.997191719051
398	0.397	25.8203437596178	177.712005287885
399	0.398	21.1166873210224	201.871616550599
400	0.399	16.116122648987	221.179117257997
401	0.4	10.8967835845239	235.376666097146
402	0.401	5.44304336934991	244.237675296477
403	0.402	-0.416992375342922	247.441796515874
404	0.403	-6.54268278885191	244.65305465617
405	0.404	-13.2309363385052	235.457340814885
406	0.405	-20.153591075375	219.456172830339
407	0.406	-27.3106470594439	196.415149485323
408	0.407	-34.9677592803641	165.967042037813
409	0.408	-42.656125046267	127.846195596891
410	0.409	-50.6882796697957	81.865088961253
411	0.41	-58.9079556925809	27.7580670024584
412	0.411	-67.1276321292944	-34.5686311860856
413	0.412	-75.5035767413962	-105.193139899037
414	0.413	-83.8170150026112	-184.162340048647
415	0.414	-92.0054399680941	-271.382471811606
416	0.415	-99.9125840492544	-366.650388097887
417	0.416	-107.382179565416	-469.606674182828
418	0.417	-114.476733539407	-579.845035012846
419	0.418	-120.743069464312	-696.763840792312
420	0.419	-126.337454844721	-819.613007224435
421	0.42	-130.884846822273	-947.533062335538
422	0.421	-134.182096974729	-1079.37543851165
423	0.422	-136.338592475864	-1213.94468751455
424	0.423	-136.385472814104	-1349.61562443714
425	0.424	-134.775914565242	-1484.50522240442
426	0.425	-131.306769813286	-1616.85546887129
427	0.426	-125.66550349225	-1744.65050980166
428	0.427	-118.274039254855	-1865.92918545282
429	0.428	-108.694828248791	-1978.72252348225
430	0.429	-97.302913863143	-2081.03029881582
431	0.43	-84.4420855805277	-2171.21170281526
432	0.431	-70.2061042361899	-2247.84470200123
433	0.432	-55.1262796082517	-2309.81979820106
434	0.433	-39.624533657062	-2356.50410911132
435	0.434	-24.0290275175144	-2387.63979397621
436	0.435	-8.90232367263183	-2403.41437384889
437	0.436	5.47429689412388	-2404.43729151575
438	0.437	18.8039261219012	-2391.60708428535
439	0.438	30.7427752489147	-2366.14263787755
440	0.439	41.3064707719017	-2329.42691914474
441	0.44	50.0418358576298	-2283.06167010758
442	0.441	56.9801233263624	-2228.85959479319
443	0.442	62.1682128241526	-2168.59433099554
444	0.443	65.5123431229226	-2104.06295729961
445	0.444	66.9343799177449	-2037.14850005689
446	0.445	66.8718728048784	-1969.55427797318
447	0.446	65.1685540148382	-1902.84296884093
448	0.447	62.2307199301885	-1838.45223614602
449	0.448	58.1052511191255	-1777.59315489897
450	0.449	53.3234581855045	-1721.18770452426
451	0.45	47.932221617021	-1669.86876890061
452	0.451	42.3690911363255	-1624.02701680154
453	0.452	36.7590809052829	-1583.77183505834
454	0.453	31.4772333115228	-1548.96258222754
455	0.454	26.8829638609112	-1519.09138791893
456	0.455	22.9918991546264	-1493.46286068877
457	0.456	19.8352925942519	-1471.35816909194
458	0.457	17.725679369399	-1451.88658738772
459	0.458	16.4442846962844	-1434.11050963248
460	0.459	16.0536155925022	-1417.1704637657
461	0.46	16.5536720456653	-1400.17572422422
462	0.461	17.6006652540825	-1382.40745985195
463	0.462	19.3821164153717	-1363.22497329483
464	0.463	21.7261311618906	-1341.97975378381
465	0.464	24.3670545290158	-1318.24206521596
466	0.465	27.2892597862383	-1291.72281233594
467	0.466	30.1177045637924	-1262.32823443853
468	0.467	33.0086565326699	-1230.0739581679
469	0.468	35.6964606431812	-1195.03030385759
470	0.469	38.3217577954954	-1157.33009891585
471	0.47	40.7595338274359	-1117.09835738199
472	0.471	42.8066407040246	-1074.62417439387
473	0.472	44.8224941144686	-1030.11851126223
474	0.473	46.5570657139241	-983.73763562564
475	0.474	48.1509964231321	-935.692508834718
476	0.475	49.7761807262354	-886.037824537641
477	0.476	51.1513367156543	-834.882970094302
478	0.477	52.5889998360437	-782.32170609606
479	0.478	53.9797826773835	-728.346219116952
480	0.479	55.1517907208382	-673.089336695448
481	0.48	56.3706791166323	-616.637006054319
482	0.481	57.1988981728198	-559.161121687199
483	0.482	57.9333565934617	-500.903898581665
484	0.483	58.3709062964129	-442.060671414334
485	0.484	58.4959204980205	-382.936162294724
486	0.485	58.3396527460641	-323.827279950288
487	0.486	57.7302085185022	-265.101253595611
488	0.487	56.7613484809308	-207.164379373501
489	0.488	55.3236852362943	-150.430766792494
490	0.489	53.3859652795865	-95.3848458121604
491	0.49	51.1044563972126	-42.4485392513671
492	0.491	48.4166515460827	8.00311044267415
493	0.492	45.4006846413608	55.6028742587895
494	0.493	42.0721825030604	100.030403553394
495	0.494	38.3530113337199	140.934096194178
496	0.495	34.477572718222	178.040483942542
497	0.496	30.3052257687093	211.122978908402
498	0.497	25.789090227468	239.861232628884
499	0.498	21.1479408512063	264.020843890615
500	0.499	16.116122648987	283.343971363105
501	0.5	10.9436638742017	297.564960347093
502	0.501	5.41178984458491	306.43378292888
503	0.502	-0.510752944958077	309.575397101087
504	0.503	-6.63644335442166	306.692894673791
505	0.504	-13.1840560574354	297.473740690256
506	0.505	-20.1223375555103	281.511639606176
507	0.506	-27.3419005788057	258.470616261412
508	0.507	-34.95213252074	228.014695434033
509	0.508	-42.6873785658402	189.886035613136
510	0.509	-50.7195331901774	143.873675457521
511	0.51	-58.9079556925809	89.7510267385357
512	0.511	-67.1276321292944	27.4243285499918
513	0.512	-75.5192035043492	27.4243285499918
514	0.513	-83.7857614738394	-49.4978875961819
515	0.514	-92.130454096646	-134.725729038504
516	0.515	-99.9750911208896	-228.048235304351
517	0.516	-107.42905987501	-329.02004445938
518	0.517	-114.55486739901	-437.281741753469
519	0.518	-120.789949785962	-552.223884003035
520	0.519	-126.38433517201	-673.0807601391
521	0.52	-130.962980709185	-799.024151736777
522	0.521	-134.24460408912	-928.897677793008
523	0.522	-136.41672637296	-1061.49807668113
524	0.523	-136.447979931841	-1195.20016349061
525	0.524	-134.916555574768	-1328.15216490099
526	0.525	-131.400530478519	-1458.58044158471
527	0.526	-125.774890921043	-1584.43788594157
528	0.527	-118.367799893443	-1703.7789650059
529	0.528	-108.710455019016	-1814.5878261192
530	0.529	-97.3497941649583	-1914.88768436827
531	0.53	-84.4420855805277	-2003.05335789809
532	0.531	-70.1904774740209	-2077.63937308245
533	0.532	-55.1887866503249	-2137.5987388017
534	0.533	-39.6870406958489	-2182.30638613187
535	0.534	-24.1071613163697	-2211.47322079506
536	0.535	-8.96483071546056	-2225.27895046805
537	0.536	5.47429689412388	-2224.2939510358
538	0.537	18.7882993572703	-2209.43238656718
539	0.538	30.8052823177524	-2181.90532938675
540	0.539	41.2595904621691	-2143.14262665387
541	0.54	50.0262090851562	-2094.76946053728
542	0.541	57.0582571999793	-2038.49696105179
543	0.542	62.1838396006533	-1976.14564630856
544	0.543	65.5435966783404	-1909.55166182614
545	0.544	66.9656334742131	-1840.56678040694
546	0.545	66.8874995830863	-1770.90994753537
547	0.546	65.1841807924184	-1702.1438410047
548	0.547	62.1682128241526	-1635.73737785349
549	0.548	58.1677582195257	-1572.83912598873
550	0.549	53.3547117325355	-1514.34762466978
551	0.55	47.932221617021	-1460.97389165208
552	0.551	42.3534643661143	-1413.10078231759
553	0.552	36.7747076739826	-1370.80642995463
554	0.553	31.4616065441473	-1333.95800650264
555	0.554	26.8985906272263	-1302.04764157403
556	0.555	23.0075259201015	-1274.36431695745
557	0.556	19.8821728887661	-1250.18920121009
558	0.557	17.7881864271282	-1228.62375520923
559	0.558	16.4911649888589	-1208.75381315831
560	0.559	16.1317494131153	-1189.7120896144
561	0.56	16.5536720456653	-1170.63911254209
562	0.561	17.6631723117172	-1150.80042402048
563	0.562	19.413369944867	-1129.53188654927
564	0.563	21.7261311618906	-1106.23186965297
565	0.564	24.4764418894446	-1080.40031678438
566	0.565	27.2892597862383	-1051.78719960362
567	0.566	30.1020777967399	-1020.36126446921
568	0.567	33.0711636036987	-986.044377426068
569	0.568	35.6964606431812	-948.930298959707
570	0.569	38.3373845646056	-909.183110012893
571	0.57	40.7282802879113	-866.920011243714
572	0.571	42.8691477854062	-822.391030864135
573	0.572	44.838120885384	-775.807130185819
574	0.573	46.5726924853477	-727.371457157532
575	0.574	48.2447570546057	-677.232466044635
576	0.575	49.7449271814571	-625.507357583683
577	0.576	51.166963488478	-572.321145905794
578	0.577	52.6202533826046	-517.697271127332
579	0.578	53.9797826773835	-461.666986754418
580	0.579	55.261178139693	-404.316240002959
581	0.58	56.4019326656564	-345.754418257363
582	0.581	57.2457784971943	-286.200296333017
583	0.582	57.9489833684956	-225.872649057252
584	0.583	58.4177866219758	-164.958997719095
585	0.584	58.5428008237111	-103.748437653331
586	0.585	58.3552795212358	-42.5691311379371
587	0.586	57.7927156183947	18.2351327747989
588	0.587	56.7926020302155	78.2580579420246
589	0.588	55.3705655587993	137.069908079453
590	0.589	53.4797259208603	194.225320162203
591	0.59	51.0575760788149	249.224237504961
592	0.591	48.4791586340345	301.722871204307
593	0.592	45.4788184968241	351.432126112657
594	0.593	42.1034360433297	397.953519725654
595	0.594	38.4467719484933	440.958890064487
596	0.595	34.540079790712	480.18258227701
597	0.596	30.2895990016126	515.327688016093
598	0.597	25.8203437596178	546.112925739629
599	0.598	21.1948211465057	572.350774535611
600	0.599	16.1473761772465	593.752139540408
601	0.6	10.9280371109732	610.020112527439
602	0.601	5.41178984458491	620.920292348138
603	0.602	-0.495126183360294	626.108890521671
604	0.603	-6.57393631071466	625.304625617555
605	0.604	-13.1996828177931	618.148082396221
606	0.605	-20.153591075375	604.201711792558
607	0.606	-27.3419005788057	583.184232308388
608	0.607	-34.9208790014921	554.78310886116
609	0.608	-42.656125046267	518.724873180201
610	0.609	-50.6882796697957	474.78293716509
611	0.61	-58.9235824534328	422.707272446397
612	0.611	-67.1588856528257	362.396304736188
613	0.612	-75.5035767413962	293.795339881998
614	0.613	-83.8482685313947	216.849683588523
615	0.614	-92.0835737984134	131.61402876654
616	0.615	-99.9282108171574	38.3384028016751
617	0.616	-107.382179565416	-62.586526046691
618	0.617	-114.570494170945	-170.832596571951
619	0.618	-120.86808365548	-285.821619142243
620	0.619	-126.462469050934	-406.756629152529
621	0.62	-130.978607486584	-532.746901078367
622	0.621	-134.307111203605	-662.659494080541
623	0.622	-136.510487049674	-795.33802686426
624	0.623	-136.46360671129	-929.094807401821
625	0.624	-134.947809132505	-1062.0702489808
626	0.625	-131.47866436637	-1192.55321938731
627	0.626	-125.899905125701	-1318.51223779043
628	0.627	-118.46156053221	-1437.96270427646
629	0.628	-108.819842410718	-1548.87313940501
630	0.629	-97.4748083032967	-1649.29019841909
631	0.63	-84.6296067548295	-1737.61213960524
632	0.631	-70.3154915714331	-1812.35442242545
633	0.632	-55.2669204529451	-1872.41536209472
634	0.633	-39.7339209749431	-1917.18551646574
635	0.634	-24.1540415956766	-1946.39923140813
636	0.635	-9.02733775826682	-1960.25965474218
637	0.636	5.44304336934991	-1959.32153559372
638	0.637	18.725792298777	-1944.50685141673
639	0.638	30.7271484817145	-1917.05011468357
640	0.639	41.2752172320756	-1878.31866548375
641	0.64	50.0105823126875	-1829.94549936845
642	0.641	57.0738839747184	-1773.67299988183
643	0.642	62.1838396006533	-1711.31387175122
644	0.643	65.5279699006286	-1644.72770065766
645	0.644	66.9656334742131	-1575.75063262732
646	0.645	66.8562460266763	-1506.10942653395
647	0.646	65.2466879027962	-1437.32769322629
648	0.647	62.1838396006533	-1370.88216313165
649	0.648	58.1208778942176	-1307.99953804129
650	0.649	53.3859652795865	-1249.51585011147
651	0.65	47.9791019325384	-1196.10305016249
652	0.651	42.3847179065412	-1148.19087390003
653	0.652	36.7903344426863	-1105.87308138249
654	0.653	31.4772333115228	-1069.00903116247
655	0.654	26.9142173935448	-1037.08303946701
656	0.655	22.9762723891546	-1009.40752823274
657	0.656	19.9134264184576	-985.232412486015
658	0.657	17.7881864271282	-963.651339720301
659	0.658	16.4442846962844	-943.804837815674
660	0.659	16.1473761772465	-924.778741035988
661	0.66	16.5692988098742	-905.690137199507
662	0.661	17.6319187828939	-885.859262060202
663	0.662	19.3977431801178	-864.614164735776
664	0.663	21.7417579271046	-841.314147839244
665	0.664	24.4451883578768	-815.490408353833
666	0.665	27.2580062534368	-786.908544705255
667	0.666	30.1489580979085	-755.474796186662
668	0.667	33.0399100681766	-721.150095760699
669	0.668	35.7120874116069	-684.043830677886
670	0.669	38.2905042572875	-644.312268500518
671	0.67	40.7282802879113	-602.072609884998
672	0.671	42.8378942447066	-557.559256275769
673	0.672	44.8537476563039	-510.983168982343
674	0.673	46.6039460282088	-462.524055797166
675	0.674	48.2135035107623	-412.38506468476
676	0.675	49.807434271033	-360.644329450941
677	0.676	51.1982170341401	-307.411237455434
678	0.677	52.6827604757861	-252.74048235755
679	0.678	53.9641559036639	-196.686757824905
680	0.679	55.261178139693	-139.343824460305
681	0.68	56.3863058911418	-80.7898161019674
682	0.681	57.2770320468036	-21.2278807900741
683	0.682	57.9489833684956	39.1153932604962
684	0.683	58.4802937228009	100.060298149065
685	0.684	58.5271740484756	161.294298377624
686	0.685	58.4490401723777	222.512671830971
687	0.686	57.7927156183947	283.363816069278
688	0.687	56.7926020302155	343.386741236504
689	0.688	55.4018191071617	402.214218148113
690	0.689	53.4484723737489	459.369630231489
691	0.69	51.166963488478	514.407614505523
692	0.691	48.5104121780389	566.976568681702
693	0.692	45.5100720390414	616.717077133163
694	0.693	42.119062813471	663.26191090234
695	0.694	38.4467719484933	706.275094626243
696	0.695	34.5557065588443	745.506600222832
697	0.696	30.3208525358096	780.67514611308
698	0.697	25.8203437596178	811.476010603714
699	0.698	21.1479408512063	837.690419252047
700	0.699	16.2098832338	859.099597637471
701	0.7	10.9280371109732	875.398824152778
702	0.701	5.48992365651423	886.338070879442
703	0.702	-0.323231805659346	891.651683147791
704	0.703	-6.52705602791822	890.956805573922
705	0.704	-13.1371757763552	883.854956014706
706	0.705	-20.1067107955768	869.963279071661
707	0.706	-27.326273819125	848.977053107231
708	0.707	-34.9677592803641	820.560302900407
709	0.708	-42.656125046267	784.478627080012
710	0.709	-50.6882796697957	740.536691064901
711	0.71	-58.9079556925809	688.468839726634
712	0.711	-67.1120053675317	628.189125539498
713	0.712	-75.5035767413962	559.611600827955
714	0.713	-83.8013882382239	482.689384681066
715	0.714	-92.0523202662754	397.492796771737
716	0.715	-99.959464352975	304.217170805032
717	0.716	-107.42905987501	203.253175033961
718	0.717	-114.523613855155	95.0071045117989
719	0.718	-120.852456881566	-19.9506645136411
720	0.719	-126.38433517201	-140.838794197509
721	0.72	-130.994234263989	-266.797812572587
722	0.721	-134.24460408912	-396.686965406221
723	0.722	-136.432353152397	-529.29517768406
724	0.723	-136.447979931841	-663.005077883258
725	0.724	-134.947809132505	-795.97270607251
726	0.725	-131.447410811213	-926.440049701448
727	0.726	-125.8842783501	-1052.37562793918
728	0.727	-118.414680212804	-1171.79484087771
729	0.728	-108.819842410718	-1282.68183584656
730	0.729	-97.4435547686897	-1383.08326809334
731	0.73	-84.5358461676249	-1471.34270221858
732	0.731	-70.3311183336193	-1546.04591812628
733	0.732	-55.2512936924185	-1606.10685779637
734	0.733	-39.7651744943411	-1650.88482554683
735	0.734	-24.1696683554445	-1680.12198062881
736	0.735	-9.07421804035681	-1694.01365748379
737	0.736	5.41178984458491	-1693.11460523875
738	0.737	18.6632852403319	-1678.34680135337
739	0.738	30.6646414129509	-1650.95257168381
740	0.739	41.2595904621691	-1612.26018940333
741	0.74	49.9949555402236	-1563.90265005921
742	0.741	57.0113768757934	-1507.66921750828
743	0.742	62.1682128241526	-1445.34915631539
744	0.743	65.5123431229226	-1378.77861199893
745	0.744	66.9500066959761	-1309.81717074656
746	0.745	66.8562460266763	-1240.18377804231
747	0.746	65.1841807924184	-1171.43329828985
748	0.747	62.1682128241526	-1105.02683513864
749	0.748	58.1521314444177	-1042.13639666143
750	0.749	53.4172188266577	-983.621455182976
751	0.75	47.9791019325384	-930.193028460457
752	0.751	42.3534643661143	-882.29647896821
753	0.752	36.7590809052829	-840.009939989591
754	0.753	31.4772333115228	-803.161516538267
755	0.754	26.8829638609112	-771.25115160913
756	0.755	22.8981385618443	-743.630334054831
757	0.756	19.8352925942519	-719.533352133862
758	0.757	17.7881864271282	-697.991346280252
759	0.758	16.3974044037358	-678.168284521899
760	0.759	16.1004958848615	-659.18906803468
761	0.76	16.5380452814594	-640.139531108599
762	0.761	17.5850384896812	-620.347722880108
763	0.762	19.3508628858885	-599.149505849402
764	0.763	21.6792508662678	-575.904182630403
765	0.764	24.4139348263224	-550.127323441187
766	0.765	27.2111259542609	-521.584526707975
767	0.766	30.0864510296911	-490.205471873078
768	0.767	33.0242833004213	-455.919838365102
769	0.768	35.6808338747595	-418.83701343459
770	0.769	38.2748774881897	-379.128891410195
771	0.77	40.6813999786565	-336.920486333851
772	0.771	42.7910139336902	-292.454013034757
773	0.772	44.8224941144686	-245.916992667757
774	0.773	46.5258121710908	-197.512573182057
775	0.774	48.1978767388476	-147.420462384167
776	0.775	49.7293004090751	-95.7266074672849
777	0.776	51.1200831700216	-42.5716493348159
778	0.777	52.5889998360437	12.0131585111375
779	0.778	53.8860220351417	67.9809357896508
780	0.779	55.1986710431737	125.253548671729
781	0.78	56.3081720186464	183.73723654556
782	0.781	57.2301517223976	243.236664759003
783	0.782	57.9489833684956	303.55649864737
784	0.783	58.4021598467829	364.46233659793
785	0.784	58.5115472732454	425.649456500865
786	0.785	58.3865330715952	486.828763016205
787	0.786	57.7145817435423	547.609586766695
788	0.787	56.8082288048656	607.60125838382
789	0.788	55.2924316879834	666.381854973165
790	0.789	53.4328456002008	723.474759960177
791	0.79	51.0888296244085	778.465863915403
792	0.791	48.4322783180635	830.95668422956
793	0.792	45.4475649546251	880.626872208824
794	0.793	41.9784218823572	927.070131970236
795	0.794	38.3998916410879	969.98955507488
796	0.795	34.540079790712	1009.1898071337
797	0.796	30.2739722345197	1044.32709948924
798	0.797	25.8203437596178	1075.10452382923
799	0.798	21.0854337908511	1101.28767894738
800	0.799	16.0692423566191	1122.59528336404
801	0.8	10.8967835845239	1138.80856267753
802	0.801	5.3649095574542	1149.66967559144
803	0.802	-0.432619136950194	1154.86608714461
804	0.803	-6.58956307164373	1154.08526238324
805	0.804	-13.2309363385052	1146.90527902108
806	0.805	-20.1067107955768	1132.96672179696
807	0.806	-27.3419005788057	1111.97268245269
808	0.807	-34.95213252074	1083.55593224584
809	0.808	-42.6404982864813	1047.48988318515
810	0.809	-50.7351599503697	1003.53232040964
811	0.81	-58.8923289317304	951.448842311514
812	0.811	-67.143258891059	891.16131474304
813	0.812	-75.5035767413962	822.568163269733
814	0.813	-83.8326417670015	745.630320358455
815	0.814	-92.0992005644875	660.394665535631
816	0.815	-99.959464352975	567.09559941982
817	0.816	-107.42905987501	466.131603648749
818	0.817	-114.507987083234	357.893346512547
819	0.818	-120.821203333754	242.959017646974
820	0.819	-126.38433517201	122.086514737013
821	0.82	-130.931727154403	-3.84125008327299
822	0.821	-134.228977310514	-133.691335972811
823	0.822	-136.322965696462	-266.237041133378
824	0.823	-136.338592475864	-399.83755387662
825	0.824	-134.838421680528	-532.695794611895
826	0.825	-131.244262703244	-663.00687046086
827	0.826	-125.634249941214	-788.715860440169
828	0.827	-118.211532162561	-907.908485149136
829	0.828	-108.585440857334	-1018.57670531616
830	0.829	-97.2091532596128	-1118.74373603172
831	0.83	-84.3483249935378	-1206.79220881537
832	0.831	-70.0654633767465	-1281.26883665759
833	0.832	-55.0950260872228	-1341.11881504666
834	0.833	-39.5307730988928	-1385.70144829679
835	0.834	-24.0134007577417	-1414.74326888219
836	0.835	-8.87107015120902	-1428.45523799374
837	0.836	5.55243070609806	-1427.38429137338
838	0.837	18.8664331804548	-1412.44459308718
839	0.838	30.8209090849711	-1384.87065561155
840	0.839	41.3533510816732	-1346.05325918531
841	0.84	50.0105823126875	-1297.6410261452
842	0.841	56.9801233263624	-1241.41540698276
843	0.842	62.1369592711679	-1179.12659934107
844	0.843	65.4810895675278	-1112.5873085788
845	0.844	66.8874995830863	-1043.67274766058
846	0.845	66.7624853575855	-974.11748884732
847	0.846	65.1060469045745	-905.452956373319
848	0.847	62.1213324946839	-839.10900033077
849	0.848	58.0739975689571	-776.281068956028
850	0.849	53.2609510915029	-717.883328282878
851	0.85	47.8540877579193	-664.595542515246
852	0.851	42.2909572853131	-616.792753650709
853	0.852	36.6809470618454	-574.576535134209
854	0.853	31.4147262420433	-537.798432139344
855	0.854	26.8517103282916	-505.934947511256
856	0.855	22.8512582654972	-478.353196871441
857	0.856	19.8509193590869	-454.271841716228
858	0.857	17.7413061338269	-432.745462626851
859	0.858	16.4286579320987	-412.930214250967
860	0.859	16.0692423566191	-393.950997763688
861	0.86	16.5224185172564	-374.924900983829
862	0.861	17.5850384896812	-355.14090613744
863	0.862	19.3821164153717	-333.927062341993
864	0.863	21.7261311618906	-310.642672210441
865	0.864	24.4451883578768	-284.826746107636
866	0.865	27.2736330198358	-256.237069075859
867	0.866	30.1020777967399	-224.818947324651
868	0.867	33.0555368359357	-190.509873665392
869	0.868	35.6964606431812	-153.403608582913
870	0.869	38.3217577954954	-113.664233020654
871	0.87	40.7282802879113	-71.4089476360304
872	0.871	42.8066407040246	-26.9112207971418
873	0.872	44.838120885384	19.6414263404831
874	0.873	46.5726924853477	68.0770993687697
875	0.874	48.2291302826816	118.208277095705
876	0.875	49.7449271814571	169.925572170695
877	0.876	51.1357099428355	223.096157075762
878	0.877	52.6515069291854	277.720031854693
879	0.878	53.9485291299493	333.750316227181
880	0.879	55.1830442690567	391.046369269605
881	0.88	56.4019326656564	449.569124079882
882	0.881	57.1988981728198	509.099805842041
883	0.882	57.9489833684956	569.404012955619
884	0.883	58.4021598467829	630.309850906179
885	0.884	58.5115472732454	691.496970809114
886	0.885	58.3552795212358	752.660650549275
887	0.886	57.7614620684379	813.449287687033
888	0.887	56.7926020302155	873.45658607928
889	0.888	55.3549387846259	932.260622829621
890	0.889	53.4328456002008	989.384781364955
891	0.89	51.1357099428355	1044.39932547939
892	0.891	48.4322783180635	1096.91358595276
893	0.892	45.3850578702818	1146.55252038986
894	0.893	42.1034360433297	1193.02703368958
895	0.894	38.4467719484933	1236.03240402842
896	0.895	34.540079790712	1275.25609624094
897	0.896	30.2739722345197	1310.39338859648
898	0.897	25.8047169935412	1341.16299955343
899	0.898	21.0854337908511	1367.33834128854
900	0.899	16.1004958848615	1388.66157246932
901	0.9	10.9280371109732	1404.90610531016
902	0.901	5.45867013173578	1415.82972527443
903	0.902	-0.46387266015904	1421.05739035314
904	0.903	-6.57393631071466	1420.26875221063
905	0.904	-13.2309363385052	1413.09658222894
906	0.905	-20.1067107955768	1399.15802500482
907	0.906	-27.3887808578458	1378.14054552103
908	0.907	-34.936505761116	1349.70816855447
909	0.908	-42.7030053256277	1313.61867935402
910	0.909	-50.782040230953	1269.60642291865
911	0.91	-58.9079556925809	1217.4916912998
912	0.911	-67.1120053675317	1157.21197711266
913	0.912	-75.5035767413962	1088.63445240112
914	0.913	-83.8482685313947	1011.68879610765
915	0.914	-92.0992005644875	926.445327902626
916	0.915	-99.959464352975	833.146261786815
917	0.916	-107.507193724418	732.143199091039
918	0.917	-114.523613855155	623.858061644173
919	0.918	-120.86808365548	508.892479231776
920	0.919	-126.446842275138	387.965282609388
921	0.92	-130.947353931791	261.998450848844
922	0.921	-134.275857646351	132.117111402694
923	0.922	-136.369846034684	-0.475474094903283
924	0.923	-136.447979931841	-134.154120735245
925	0.924	-134.885302017054	-267.090495366772
926	0.925	-131.353650145877	-397.479705105316
927	0.926	-125.759264145485	-523.305895908076
928	0.927	-118.336546347227	-642.623534811512
929	0.928	-108.663574708353	-753.393328996381
930	0.929	-97.3497941649583	-853.669747090116
931	0.93	-84.426458816022	-941.827607237685
932	0.931	-70.1279704253665	-1016.37455551546
933	0.932	-55.1106528477366	-1076.26360080909
934	0.933	-39.5932801376708	-1120.88530095887
935	0.934	-24.0290275175144	-1149.96618844354
936	0.935	-8.83981662978057	-1163.67034417427
937	0.936	5.55243070609806	-1162.58377079319
938	0.937	18.8664331804548	-1147.64407250699
939	0.938	30.8521626194197	-1120.05450826414
940	0.939	41.3533510816732	-1081.22148507067
941	0.94	50.1043429475723	-1032.76237171313
942	0.941	57.0426304252454	-976.458618683797
943	0.942	62.2150931536712	-914.099490551418
944	0.943	65.6529841224831	-847.43518557042
945	0.944	66.9187531395196	-778.419050596498
946	0.945	66.8093656921047	-708.824724837766
947	0.946	65.1685540148382	-640.105498641373
948	0.947	62.1838396006533	-573.699035490707
949	0.948	58.0583707938809	-510.847663950519
950	0.949	53.3078314119966	-452.43429650466
951	0.95	47.8853413015459	-399.107443804968
952	0.951	42.2440769747581	-351.312468323895
953	0.952	36.6496935244988	-309.135316731346
954	0.953	31.3990994746828	-272.380653888835
955	0.954	26.8517103282916	-240.524982644427
956	0.955	22.8512582654972	-212.943232004612
957	0.956	19.8040390645911	-188.885316996647
958	0.957	17.6944258405522	-167.405818201154
959	0.958	16.3661508753844	-147.645263500265
960	0.959	16.0848691207389	-128.689487159283
961	0.96	16.4755382246646	-109.679017143661
962	0.961	17.6006652540825	-89.9106490613665
963	0.962	19.3664896506286	-68.6968052660903
964	0.963	21.7261311618906	-45.42022851691
965	0.964	24.4764418894446	-19.5886756483217
966	0.965	27.2267527206493	8.99318799964592
967	0.966	30.0708242626459	40.3722428342142
968	0.967	33.1024171392361	74.6891298780759
969	0.968	35.6652071063418	111.803208343786
970	0.969	38.3061310263894	151.519143753072
971	0.97	40.6813999786565	193.743175598515
972	0.971	42.8222674743634	238.225275667946
973	0.972	44.7912405726514	284.762296034374
974	0.973	46.5414389425052	333.158902134873
975	0.974	48.2603838265345	383.290079862314
976	0.975	49.7918074986318	435.046441867817
977	0.976	51.1982170341401	488.271720477124
978	0.977	52.6515069291854	542.926848801707
979	0.978	53.9641559036639	598.964946561053
980	0.979	55.2299245914231	656.292253151517
981	0.98	56.4019326656564	714.838448122977
982	0.981	57.1832713980387	774.361316497746
983	0.982	57.9802369185792	834.673336998975
984	0.983	58.4021598467829	895.594801724577
985	0.984	58.5740543741981	956.813175177988
986	0.985	58.3709062964129	1018.01592185621
987	0.986	57.7927156183947	1078.82799915654
988	0.987	56.7613484809308	1138.83529754912
989	0.988	55.3236852362943	1197.60808075066
990	0.989	53.4172188266577	1254.70879912505
991	0.99	51.1044563972126	1309.69990307991
992	0.991	48.3541444582066	1362.15946985054
993	0.992	45.3694310992074	1411.75152397217
994	0.993	42.0878092731929	1458.21041050129
995	0.994	38.3998916410879	1501.18452730135
996	0.995	34.5244530225836	1540.3769659761
997	0.996	30.2114651661846	1575.47519141341
998	0.997	25.789090227468	1606.20573545316
999	0.998	21.0541802606924	1632.35763704016
1000	0.999	16.0848691207389	1653.65742807379
