0	265.39725716089663
0.0008	-18.142306721637055
0.0016	-293.8707256546519
0.0024000000000000002	-419.1591832013691
0.0032	-558.6636407616729
0.004	-500.5498043543577
0.0048000000000000004	-329.1764526666143
0.0056	-55.16646989349601
0.0064	231.65369715394075
0.007200000000000001	463.32828400043934
0.008	577.369092733706
0.0088	549.4056584441848
0.009600000000000001	388.34256449224654
0.010400000000000001	127.29862864672161
0.0112	-162.021003748228
0.012	-443.3732843373205
0.0128	-565.0686601552734
0.013600000000000001	-566.9432999701372
0.014400000000000001	-438.0618041471722
0.0152	-197.7953976799241
0.016	92.3053172050588
0.016800000000000002	358.66072091020396
0.0176	538.4702377704923
0.0184	582.5243629677228
0.019200000000000002	484.2617998308826
0.02	266.49079849893604
0.020800000000000003	-17.986086618742746
0.0216	-294.65182582814913
0.0224	-534.449542682729
0.023200000000000002	-581.6279784013628
0.024	-518.3588836270382
0.024800000000000003	-328.86401261191645
0.0256	-54.69780961513837
0.0264	232.12235769272786
0.027200000000000002	463.17206373715703
0.028	577.5253130427917
0.028800000000000003	549.4056584441848
0.0296	387.8739037879521
0.0304	127.76728908424597
0.031200000000000002	-161.86478368302775
0.032	-446.4976844338518
0.0328	-558.9760807330347
0.033600000000000005	-566.7870799856971
0.0344	-438.6866841712504
0.0352	-197.6391776233638
0.036000000000000004	91.68043666540927
0.0368	358.03584001489895
0.0376	537.689136305692
0.038400000000000004	581.5870411017438
0.0392	483.63691874542656
0.04	224.93622948305568
0.0408	-17.829866515804945
0.041600000000000005	-300.90062718590883
0.0424	-549.4466615626876
0.0432	-581.7841983835528
0.044000000000000004	-519.1399835874395
0.0448	-329.33267269391456
0.0456	-54.854029707966426
0.046400000000000004	231.96613751307976
0.0472	463.17206373715703
0.048	577.369092733706
0.0488	549.7180990394386
0.049600000000000005	382.56241584235687
0.0504	124.95532646566652
0.0512	-162.021003748228
0.052000000000000005	-444.7792643821601
0.0528	-558.819860747366
0.0536	-566.6308600012329
0.054400000000000004	-438.6866841712504
0.055200000000000006	-198.26405784938245
0.056	91.36799639586891
0.0568	358.50450068629243
0.057600000000000005	537.689136305692
0.0584	581.2746004802694
0.0592	483.9493592880318
0.060000000000000005	266.17835811637104
0.0608	-18.29852682448788
0.0616	-294.18316572415176
0.062400000000000004	-498.9876044019649
0.0632	-582.4090783120793
0.064	-519.1399835874395
0.0648	-329.1764526666143
0.0656	-55.16646989349601
0.0664	231.02881643629124
0.06720000000000001	463.32828400043934
0.068	577.212872424685
0.0688	549.5618787417799
0.06960000000000001	388.0301240226589
0.0704	126.98618835528201
0.0712	-161.86478368302775
0.07200000000000001	-433.2189839450583
0.0728	-567.7243998919789
0.0736	-8.769100470808313
0.07440000000000001	-438.8429041771987
0.0752	-198.42027790579442
0.076	91.36799639586891
0.07680000000000001	358.50450068629243
0.0776	537.2204754275713
0.0784	581.1183801696296
0.0792	483.63691874542656
0.08	265.39725716089663
0.08080000000000001	-18.610967030059086
0.0816	-294.49560579351703
0.0824	-418.84674318217054
0.08320000000000001	-564.4437802162173
0.084	-494.613444521221
0.0848	-329.1764526666143
0.08560000000000001	-54.854029707966426
0.0864	231.34125679501125
0.0872	463.48450426378224
0.08800000000000001	577.212872424685
0.0888	549.7180990394386
0.0896	388.0301240226589
0.09040000000000001	126.67374806403707
0.0912	-161.55234355251216
0.092	-444.15438436251463
0.09280000000000001	-564.7562201857934
0.0936	-566.6308600012329
0.0944	-438.2180241532346
0.0952	-197.9516177364473
0.096	91.68043666540927
0.09680000000000001	358.81694113417245
0.0976	538.3140174774057
0.0984	581.8994817234774
0.09920000000000001	484.1055795594265
0.1	266.6470186902989
0.1008	-17.986086618742746
0.10160000000000001	-293.8707256546519
0.1024	-504.76774421269187
0.1032	-581.9404183657197
0.10400000000000001	-519.1399835874395
0.1048	-329.0202326392816
0.1056	-55.010249800752305
0.10640000000000001	231.34125679501125
0.1072	463.17206373715703
0.108	577.5253130427917
0.10880000000000001	550.3429802307106
0.1096	388.18634425742374
0.11040000000000001	127.92350923018473
0.11120000000000001	-161.55234355251216
0.112	-456.18332466152435
0.11280000000000001	-559.9134006465388
0.1136	-566.7870799856971
0.1144	-438.2180241532346
0.11520000000000001	-197.6391776233638
0.116	91.5242165306154
0.1168	358.81694113417245
0.11760000000000001	538.1577971843824
0.1184	581.8994817234774
0.1192	483.9493592880318
0.12000000000000001	268.053000414979
0.1208	-17.673646412823647
0.1216	-301.05684721916623
0.12240000000000001	-548.6655616266552
0.1232	-582.2528583299827
0.124	-519.6086435633725
0.12480000000000001	-329.33267269391456
0.12560000000000002	-55.32268998619754
0.1264	231.96613751307976
0.1272	463.17206373715703
0.128	577.5253130427917
0.1288	549.7180990394386
0.1296	387.8739037879521
0.13040000000000002	127.29862864672161
0.1312	-161.7085636177891
0.132	-381.5101600337958
0.1328	-557.7263208470056
0.1336	-566.6308600012329
0.13440000000000002	-438.37424415926836
0.13520000000000001	-198.10783779293342
0.136	91.5242165306154
0.1368	358.19206023863995
0.1376	537.689136305692
0.1384	581.4308207909742
0.13920000000000002	483.1682579319786
0.14	266.95945907318566
0.1408	-18.29852682448788
0.1416	-300.90062718590883
0.1424	-551.9461813538672
0.1432	-581.6279784013628
0.14400000000000002	-519.1399835874395
0.1448	-329.645112748418
0.1456	-55.32268998619754
0.1464	231.65369715394075
0.1472	463.0158434739354
0.14800000000000002	576.900431806837
0.14880000000000002	549.7180990394386
0.1496	387.5614633187121
0.1504	126.82996820963523
0.1512	-162.021003748228
0.152	-462.4321247514317
0.15280000000000002	-562.412920411628
0.15360000000000001	-566.6308600012329
0.1544	-438.37424415926836
0.1552	-198.26405784938245
0.156	91.68043666540927
0.1568	358.50450068629243
0.15760000000000002	537.8453565985257
0.1584	581.2746004802694
0.1592	484.1055795594265
0.16	266.0221379251689
0.1608	-18.29852682448788
0.16160000000000002	-293.55828558501736
0.16240000000000002	-485.70890469961387
0.1632	-566.7870799856971
0.164	-500.5498043543577
0.1648	-329.48889272118254
0.1656	-55.47891007885692
0.16640000000000002	231.65369715394075
0.16720000000000002	463.17206373715703
0.168	577.369092733706
0.1688	549.7180990394386
0.1696	388.18634425742374
0.1704	127.14240850097748
0.17120000000000002	-161.55234355251216
0.17200000000000001	-430.71946382995793
0.1728	-566.9432999701372
0.1736	-273.24968076776224
0.1744	-438.2180241532346
0.1752	-197.7953976799241
0.17600000000000002	91.36799639586891
0.1768	358.50450068629243
0.1776	538.4702377704923
0.1784	581.2746004802694
0.1792	484.2617998308826
0.18000000000000002	266.17835811637104
0.18080000000000002	-17.986086618742746
0.1816	-293.40206555014953
0.1824	-496.95674445991193
0.1832	-576.3164989929257
0.184	-518.5151036191698
0.18480000000000002	-329.1764526666143
0.18560000000000001	-54.854029707966426
0.1864	232.27857787242837
0.1872	463.953165054175
0.188	577.212872424685
0.1888	550.1867599327971
0.18960000000000002	387.8739037879521
0.1904	127.29862864672161
0.1912	-161.55234355251216
0.192	-456.33954466431436
0.1928	-560.6945005737934
0.19360000000000002	-566.474640016745
0.19440000000000002	-437.74936413496187
0.1952	-197.7953976799241
0.196	92.4615373400897
0.1968	358.81694113417245
0.1976	538.1577971843824
0.19840000000000002	581.1183801696296
0.19920000000000002	483.9493592880318
0.2	266.80323888171546
0.2008	-17.986086618742746
0.2016	-297.46378644578056
0.2024	-550.6964214590622
0.20320000000000002	-581.7841983835528
0.20400000000000001	-518.9837635954106
0.2048	-329.33267269391456
0.2056	-54.854029707966426
0.2064	231.18503661562505
0.20720000000000002	463.17206373715703
0.20800000000000002	577.212872424685
0.2088	550.499200528688
0.2096	382.71863607509675
0.2104	124.95532646566652
0.2112	-162.021003748228
0.21200000000000002	-344.486015188864
0.21280000000000002	-558.5074207759556
0.2136	-567.411959923314
0.2144	-438.6866841712504
0.2152	-198.26405784938245
0.216	91.68043666540927
0.21680000000000002	358.81694113417245
0.21760000000000002	538.0015768914224
0.2184	580.9621598590545
0.2192	483.7931390166985
0.22	126.20508762753447
0.22080000000000002	-17.986086618742746
0.22160000000000002	-302.93148761565084
0.22240000000000001	-538.5112624020225
0.2232	-582.2528583299827
0.224	-519.9210835471997
0.2248	-329.8013327756211
0.22560000000000002	-55.94757035658212
0.22640000000000002	231.34125679501125
0.2272	462.3909624216547
0.228	576.5879911892478
0.2288	550.0305396349472
0.2296	388.18634425742374
0.23040000000000002	126.67374806403707
0.23120000000000002	-162.021003748228
0.232	-448.3723244863466
0.2328	-560.0696206320381
0.2336	-567.0995199545536
0.23440000000000003	-438.6866841712504
0.23520000000000002	-198.26405784938245
0.23600000000000002	90.89933599191374
0.2368	358.50450068629243
0.2376	538.0015768914224
0.2384	581.2746004802694
0.23920000000000002	483.48069847421584
0.24000000000000002	266.17835811637104
0.24080000000000001	-17.986086618742746
0.2416	-295.12048593184375
0.2424	-534.2933226931872
0.2432	-582.2528583299827
0.24400000000000002	-518.9837635954106
0.24480000000000002	-329.48889272118254
0.2456	-54.854029707966426
0.2464	231.65369715394075
0.2472	462.54718268463404
0.248	576.5879911892478
0.24880000000000002	550.0305396349472
0.24960000000000002	387.8739037879521
0.2504	127.14240850097748
0.25120000000000003	-161.86478368302775
0.252	-446.81012444288297
0.2528	-564.9124401705453
0.2536	-566.474640016745
0.2544	-438.2180241532346
0.25520000000000004	-197.48295756676643
0.256	91.68043666540927
0.25680000000000003	359.1293815822802
0.2576	537.8453565985257
0.2584	581.7432614125781
0.2592	484.57424037397885
0.26	266.6470186902989
0.26080000000000003	-17.986086618742746
0.2616	-293.55828558501736
0.2624	-504.76774421269187
0.2632	-582.2528583299827
0.264	-518.8275436033559
0.26480000000000004	-329.0202326392816
0.2656	-54.385369429355706
0.2664	231.8099173334841
0.2672	463.48450426378224
0.268	577.5253130427917
0.26880000000000004	550.6554208267289
0.2696	387.8739037879521
0.27040000000000003	127.29862864672161
0.2712	-161.239903421843
0.272	-411.03574266410646
0.2728	-559.1323007186794
0.2736	-566.7870799856971
0.27440000000000003	-437.59314412881383
0.2752	-198.42027790579442
0.276	91.68043666540927
0.2768	358.9731613581979
0.2776	537.689136305692
0.27840000000000004	581.5870411017438
0.2792	484.57424037397885
0.28	267.42811964791804
0.2808	-17.829866515804945
0.2816	-296.9951263435975
0.28240000000000004	-520.7021835063192
0.2832	-581.9404183657197
0.28400000000000003	-519.1399835874395
0.2848	-329.48889272118254
0.2856	-55.16646989349601
0.2864	231.49747697444982
0.2872	462.54718268463404
0.28800000000000003	576.74421149801
0.2888	550.0305396349472
0.2896	386.62414191238236
0.2904	124.79910632065169
0.2912	-161.7085636177891
0.29200000000000004	-414.31636289063516
0.2928	-558.3512007902142
0.2936	-566.6308600012329
0.2944	-438.5304641652737
0.2952	-197.7953976799241
0.29600000000000004	91.36799639586891
0.2968	358.81694113417245
0.29760000000000003	537.3766957202149
0.2984	580.9621598590545
0.2992	483.7931390166985
0.3	104.4904878803069
0.3008	-18.610967030059086
0.30160000000000003	-303.0877076484743
0.3024	-530.700262926783
0.3032	-581.9404183657197
0.304	-519.2962035794428
0.3048	-329.645112748418
0.30560000000000004	-55.32268998619754
0.3064	231.34125679501125
0.30720000000000003	463.0158434739354
0.308	577.0566521157286
0.3088	549.7180990394386
0.30960000000000004	387.8739037879521
0.3104	119.17518113242613
0.31120000000000003	-162.021003748228
0.312	-322.3027714332343
0.3128	-558.0387608186585
0.3136	-566.7870799856971
0.3144	-438.8429041771987
0.31520000000000004	-198.26405784938245
0.316	91.36799639586891
0.3168	358.50450068629243
0.3176	537.3766957202149
0.3184	581.2746004802694
0.31920000000000004	482.8558173899867
0.32	266.6470186902989
0.32080000000000003	-18.29852682448788
0.3216	-297.93244654766175
0.3224	-551.633741380313
0.32320000000000004	-582.0966383478628
0.324	-519.1399835874395
0.32480000000000003	-329.48889272118254
0.3256	-55.16646989349601
0.3264	231.8099173334841
0.3272	462.8596232107743
0.328	576.900431806837
0.32880000000000004	550.0305396349472
0.3296	387.405243084179
0.3304	126.98618835528201
0.3312	-161.86478368302775
0.332	-457.5893046856315
0.33280000000000004	-564.2875602313933
0.3336	-566.6308600012329
0.33440000000000003	-437.4369241226373
0.3352	-198.26405784938245
0.336	91.68043666540927
0.33680000000000004	358.66072091020396
0.3376	537.8453565985257
0.33840000000000003	581.2746004802694
0.3392	483.9493592880318
0.34	266.80323888171546
0.3408	-18.610967030059086
0.3416	-294.65182582814913
0.34240000000000004	-527.2634231377317
0.3432	-567.411959923314
0.34400000000000003	-516.9529036966978
0.3448	-329.33267269391456
0.3456	-54.854029707966426
0.34640000000000004	231.65369715394075
0.3472	463.48450426378224
0.34800000000000003	577.5253130427917
0.3488	550.0305396349472
0.3496	388.0301240226589
0.3504	126.98618835528201
0.3512	-161.86478368302775
0.35200000000000004	-450.09074453090346
0.3528	-562.5691403967407
0.3536	-565.849760078553
0.3544	-437.74936413496187
0.3552	-197.6391776233638
0.35600000000000004	91.68043666540927
0.3568	358.81694113417245
0.35760000000000003	537.8453565985257
0.3584	581.5870411017438
0.3592	484.1055795594265
0.36000000000000004	267.2718994562869
0.3608	-17.673646412823647
0.36160000000000003	-293.7145056198514
0.3624	-526.1698832022805
0.3632	-582.0966383478628
0.364	-519.1399835874395
0.3648	-329.0202326392816
0.36560000000000004	-54.69780961513837
0.3664	231.96613751307976
0.3672	463.17206373715703
0.368	577.5253130427917
0.3688	550.1867599327971
0.36960000000000004	387.405243084179
0.3704	127.14240850097748
0.37120000000000003	-161.86478368302775
0.372	-423.8457834753524
0.3728	-558.1949808044484
0.37360000000000004	-566.6308600012329
0.3744	-438.2180241532346
0.37520000000000003	-197.9516177364473
0.376	91.36799639586891
0.3768	358.50450068629243
0.3776	537.2204754275713
0.3784	580.9621598590545
0.37920000000000004	483.9493592880318
0.38	65.90411506152448
0.3808	-18.45474692729522
0.3816	-302.93148761565084
0.3824	-527.2634231377317
0.38320000000000004	-581.6279784013628
0.384	-519.4524235714204
0.38480000000000003	-328.86401261191645
0.3856	-55.32268998619754
0.3864	231.49747697444982
0.38720000000000004	462.07852189587794
0.388	577.369092733706
0.38880000000000003	549.7180990394386
0.3896	387.2490228497038
0.3904	117.92541998801026
0.3912	-162.021003748228
0.392	-256.8465764530279
0.39280000000000004	-557.7263208470056
0.3936	-566.474640016745
0.39440000000000003	-438.99912418311845
0.3952	-198.26405784938245
0.396	87.15005277560712
0.39680000000000004	358.34828046243774
0.3976	537.2204754275713
0.39840000000000003	581.2746004802694
0.3992	483.7931390166985
0.4	125.4239869010025
0.40080000000000005	-18.45474692729522
0.4016	-302.15038745103305
0.40240000000000004	-543.8227420095021
0.4032	-582.4090783120793
0.404	-519.4524235714204
0.4048	-329.8013327756211
0.4056	-55.63513017147413
0.40640000000000004	231.18503661562505
0.4072	461.92230163308045
0.40800000000000003	577.0566521157286
0.4088	548.9369975517818
0.4096	387.8739037879521
0.41040000000000004	126.67374806403707
0.4112	-162.021003748228
0.41200000000000003	-452.43404458618346
0.4128	-560.2258406175132
0.4136	-566.9432999701372
0.41440000000000005	-438.37424415926836
0.4152	-198.26405784938245
0.41600000000000004	91.0555561265181
0.4168	358.19206023863995
0.4176	537.8453565985257
0.4184	581.1183801696296
0.4192	483.9493592880318
0.42000000000000004	266.6470186902989
0.4208	-18.610967030059086
0.42160000000000003	-293.8707256546519
0.4224	-516.7966837043092
0.4232	-582.2528583299827
0.42400000000000004	-519.4524235714204
0.4248	-329.48889272118254
0.42560000000000003	-55.32268998619754
0.4264	231.49747697444982
0.4272	462.8596232107743
0.42800000000000005	577.6815333519421
0.4288	550.3429802307106
0.42960000000000004	388.0301240226589
0.4304	127.29862864672161
0.4312	-162.021003748228
0.432	-452.1216045791775
0.4328	-564.2875602313933
0.43360000000000004	-493.9885645365631
0.4344	-437.90558414108125
0.43520000000000003	-198.26405784938245
0.436	91.83665680025055
0.4368	358.81694113417245
0.43760000000000004	537.8453565985257
0.4384	581.5870411017438
0.43920000000000003	484.1055795594265
0.44	266.80323888171546
0.4408	-17.673646412823647
0.44160000000000005	-293.55828558501736
0.4424	-516.4842437194548
0.44320000000000004	-582.0966383478628
0.444	-519.1399835874395
0.44480000000000003	-328.86401261191645
0.4456	-55.010249800752305
0.4464	231.49747697444982
0.44720000000000004	463.48450426378224
0.448	578.7750755178067
0.44880000000000003	550.1867599327971
0.4496	387.5614633187121
0.4504	127.76728908424597
0.45120000000000005	-161.39612348719677
0.452	-441.6548642793983
0.45280000000000004	-558.1949808044484
0.4536	-566.0059800631369
0.4544	-437.90558414108125
0.45520000000000005	-197.6391776233638
0.456	91.68043666540927
0.45680000000000004	359.1293815822802
0.4576	537.8453565985257
0.45840000000000003	581.5870411017438
0.4592	484.2617998308826
0.46	130.26681142511237
0.46080000000000004	-17.829866515804945
0.4616	-301.21306725239026
0.46240000000000003	-543.0416420690266
0.4632	-581.7841983835528
0.464	-519.4524235714204
0.46480000000000005	-329.0202326392816
0.4656	-54.54158952226813
0.46640000000000004	231.96613751307976
0.4672	463.0158434739354
0.468	577.8377536611572
0.46880000000000005	549.5618787417799
0.4696	388.4987847271273
0.47040000000000004	121.67470343054875
0.4712	-161.55234355251216
0.47200000000000003	-241.06835193877217
0.4728	-557.5701008611427
0.4736	-566.6308600012329
0.47440000000000004	-438.99912418311845
0.4752	-198.42027790579442
0.47600000000000003	91.68043666540927
0.4768	358.34828046243774
0.4776	537.8453565985257
0.47840000000000005	580.9621598590545
0.4792	483.48069847421584
0.48000000000000004	120.11250199276962
0.4808	-19.235847440679922
0.48160000000000003	-302.93148761565084
0.4824	-524.4514633011993
0.4832	-581.9404183657197
0.48400000000000004	-519.9210835471997
0.4848	-329.8013327756211
0.48560000000000003	-55.32268998619754
0.4864	230.7163760777806
0.4872	462.54718268463404
0.48800000000000004	577.0566521157286
0.4888	549.0932178491859
0.48960000000000004	387.0928026152866
0.4904	126.82996820963523
0.4912	-162.17722381338987
0.49200000000000005	-424.15822349268694
0.4928	-558.5074207759556
0.49360000000000004	-567.2557399389457
0.4944	-438.6866841712504
0.49520000000000003	-198.88893807480795
0.496	91.0555561265181
0.4968	358.19206023863995
0.49760000000000004	536.9080348424737
0.4984	580.6497192380988
0.49920000000000003	483.1682579319786
0.5	266.33457830762677
0.5008	-19.0796273380899
0.5016	-296.05780613832525
0.5024000000000001	-538.5112624020225
0.5032	-582.0966383478628
0.504	-519.6086435633725
0.5048	-329.1764526666143
0.5056	-54.854029707966426
0.5064000000000001	231.02881643629124
0.5072	462.3909624216547
0.508	577.212872424685
0.5088	549.4056584441848
0.5096	387.2490228497038
0.5104000000000001	126.67374806403707
0.5112	-162.3334438785134
0.512	-460.24504472501775
0.5128	-565.3811001246572
0.5136000000000001	-566.6308600012329
0.5144000000000001	-438.37424415926836
0.5152	-198.26405784938245
0.516	91.36799639586891
0.5168	358.50450068629243
0.5176000000000001	537.5329160129219
0.5184	581.4308207909742
0.5192	484.1055795594265
0.52	267.11567926470946
0.5208	-17.986086618742746
0.5216000000000001	-294.18316572415176
0.5224	-510.23544400068374
0.5232	-582.5652982941523
0.524	-519.2962035794428
0.5248	-329.1764526666143
0.5256000000000001	-54.69780961513837
0.5264	231.49747697444982
0.5272	463.17206373715703
0.528	577.8377536611572
0.5288	549.8743193371611
0.5296000000000001	387.8739037879521
0.5304	127.45484879251437
0.5312	-161.239903421843
0.532	-459.9326047208008
0.5328	-562.8815803668942
0.5336000000000001	-566.162200047697
0.5344	-438.0618041471722
0.5352	-198.10783779293342
0.536	91.0555561265181
0.5368	358.81694113417245
0.5376000000000001	538.0015768914224
0.5384	581.7432614125781
0.5392	484.57424037397885
0.54	267.11567926470946
0.5408000000000001	-17.673646412823647
0.5416000000000001	-297.93244654766175
0.5424	-549.7591015369286
0.5432	-582.0966383478628
0.544	-519.4524235714204
0.5448000000000001	-328.55157255708895
0.5456	-54.854029707966426
0.5464	231.18503661562505
0.5472	463.17206373715703
0.548	577.6815333519421
0.5488000000000001	549.8743193371611
0.5496	388.4987847271273
0.5504	119.48762141901372
0.5512	-161.55234355251216
0.552	-335.8939138113334
0.5528000000000001	-557.2576608893442
0.5536	-566.6308600012329
0.5544	-438.5304641652737
0.5552	-198.57649796216933
0.556	91.68043666540927
0.5568000000000001	357.87961979121496
0.5576	537.8453565985257
0.5584	580.9621598590545
0.5592	483.7931390166985
0.56	141.51466211384297
0.5608000000000001	-19.548287645729637
0.5616	-302.46282751698027
0.5624	-504.14286423488545
0.5632	-582.0966383478628
0.5640000000000001	-519.7648635552988
0.5648000000000001	-328.86401261191645
0.5656	-55.16646989349601
0.5664	231.49747697444982
0.5672	462.2347421587361
0.5680000000000001	577.212872424685
0.5688	549.2494381466535
0.5696	385.21815980679554
0.5704	117.14431927432126
0.5712	-162.021003748228
0.5720000000000001	-384.7907803792531
0.5728	-557.5701008611427
0.5736	-566.7870799856971
0.5744	-438.8429041771987
0.5752	-199.04515813107167
0.5760000000000001	91.21177626116982
0.5768	358.19206023863995
0.5776	537.2204754275713
0.5784	581.2746004802694
0.5792	483.63691874542656
0.5800000000000001	267.42811964791804
0.5808	-18.610967030059086
0.5816	-298.55732668303403
0.5824	-550.2277614981058
0.5832	-583.0339582402312
0.5840000000000001	-519.6086435633725
0.5848	-329.8013327756211
0.5856	-54.385369429355706
0.5864	230.7163760777806
0.5872	462.8596232107743
0.5880000000000001	577.5253130427917
0.5888	549.2494381466535
0.5896	386.93658238092735
0.5904	127.29862864672161
0.5912000000000001	-162.021003748228
0.5920000000000001	-457.9017446906822
0.5928	-561.6318204857016
0.5936	-566.6308600012329
0.5944	-438.5304641652737
0.5952000000000001	-198.42027790579442
0.596	91.0555561265181
0.5968	358.34828046243774
0.5976	537.5329160129219
0.5984	581.7432614125781
0.5992000000000001	484.730460645619
0.6	267.11567926470946
0.6008	-18.29852682448788
0.6016	-294.18316572415176
0.6024	-521.483283464799
0.6032000000000001	-582.2528583299827
0.604	-519.2962035794428
0.6048	-329.1764526666143
0.6056	-55.16646989349601
0.6064	231.34125679501125
0.6072000000000001	464.10938531776037
0.608	577.5253130427917
0.6088	550.3429802307106
0.6096	388.18634425742374
0.6104	127.76728908424597
0.6112000000000001	-161.39612348719677
0.612	-453.21514460320805
0.6128	-564.7562201857934
0.6136	-296.9951263435975
0.6144000000000001	-438.5304641652737
0.6152000000000001	-198.57649796216933
0.616	91.36799639586891
0.6168	357.87961979121496
0.6176	537.689136305692
0.6184000000000001	581.5870411017438
0.6192000000000001	484.41802010239996
0.62	266.49079849893604
0.6208	-17.986086618742746
0.6216	-294.9642658973125
0.6224000000000001	-542.729202092663
0.6232	-582.721518276202
0.624	-519.1399835874395
0.6248	-329.1764526666143
0.6256	-54.854029707966426
0.6264000000000001	231.49747697444982
0.6272	463.48450426378224
0.628	577.369092733706
0.6288	549.5618787417799
0.6296	385.686820508137
0.6304000000000001	123.70556530690776
0.6312	-161.55234355251216
0.632	-339.3307543739724
0.6328	-556.9452209174485
0.6336	-566.9432999701372
0.6344000000000001	-438.5304641652737
0.6352	-198.10783779293342
0.636	91.68043666540927
0.6368	358.50450068629243
0.6376000000000001	537.5329160129219
0.6384000000000001	581.2746004802694
0.6392	484.2617998308826
0.64	110.4268531863715
0.6408	-19.235847440679922
0.6416000000000001	-301.36928728558087
0.6424000000000001	-501.64334431946685
0.6432	-581.9404183657197
0.644	-519.1399835874395
0.6448	-329.48889272118254
0.6456000000000001	-54.854029707966426
0.6464000000000001	231.8099173334841
0.6472	463.17206373715703
0.648	577.0566521157286
0.6488	549.5618787417799
0.6496000000000001	390.0609870791237
0.6504	121.8309235745931
0.6512	-161.55234355251216
0.652	-297.30756641175316
0.6528	-557.8825408328441
0.6536000000000001	-566.7870799856971
0.6544	-439.4677842007068
0.6552	-198.88893807480795
0.656	91.21177626116982
0.6568	358.34828046243774
0.6576000000000001	537.3766957202149
0.6584	581.1183801696296
0.6592	484.1055795594265
0.66	159.94864018364092
0.6608	-17.829866515804945
0.6616000000000001	-302.93148761565084
0.6624	-539.2923623461031
0.6632	-582.2528583299827
0.664	-519.4524235714204
0.6648000000000001	-329.0202326392816
0.6656000000000001	-55.7913502640492
0.6664	231.49747697444982
0.6672	462.8596232107743
0.668	576.900431806837
0.6688000000000001	549.0932178491859
0.6696000000000001	384.4370586390499
0.6704	123.23690487317423
0.6712	-162.17722381338987
0.672	-435.87472405930055
0.6728000000000001	-558.5074207759556
0.6736000000000001	-567.411959923314
0.6744	-438.8429041771987
0.6752	-198.57649796216933
0.676	91.5242165306154
0.6768000000000001	358.34828046243774
0.6776	537.3766957202149
0.6784	581.2746004802694
0.6792	484.1055795594265
0.68	266.95945907318566
0.6808000000000001	-18.29852682448788
0.6816	-295.74536606963255
0.6824	-534.1371027036203
0.6832	-582.4090783120793
0.684	-519.2962035794428
0.6848000000000001	-329.48889272118254
0.6856	-55.32268998619754
0.6864	231.34125679501125
0.6872	463.0158434739354
0.6880000000000001	576.900431806837
0.6888000000000001	549.7180990394386
0.6896	387.5614633187121
0.6904	127.29862864672161
0.6912	-161.7085636177891
0.6920000000000001	-441.6548642793983
0.6928000000000001	-561.4756005004439
0.6936	-566.3184200322329
0.6944	-438.37424415926836
0.6952	-198.26405784938245
0.6960000000000001	91.99287693513922
0.6968000000000001	358.50450068629243
0.6976	537.8453565985257
0.6984	581.5870411017438
0.6992	484.730460645619
0.7000000000000001	266.95945907318566
0.7008	-18.29852682448788
0.7016	-293.08962548031286
0.7024	-498.05028442926414
0.7032	-582.2528583299827
0.7040000000000001	-518.8275436033559
0.7048	-329.33267269391456
0.7056	-54.854029707966426
0.7064	231.18503661562505
0.7072	462.8596232107743
0.7080000000000001	577.212872424685
0.7088	549.4056584441848
0.7096	388.0301240226589
0.7104	126.98618835528201
0.7112	-161.55234355251216
0.7120000000000001	-450.7156245462624
0.7128	-559.1323007186794
0.7136	-566.3184200322329
0.7144	-438.8429041771987
0.7152000000000001	-197.7953976799241
0.7160000000000001	91.99287693513922
0.7168	358.81694113417245
0.7176	537.689136305692
0.7184	581.7432614125781
0.7192000000000001	485.3553417327939
0.7200000000000001	267.8967802231333
0.7208	-17.986086618742746
0.7216	-298.86976675051915
0.7224	-541.0107822208876
0.7232000000000001	-581.3155384369123
0.7240000000000001	-518.9837635954106
0.7248	-329.0202326392816
0.7256	-55.63513017147413
0.7264	231.65369715394075
0.7272000000000001	463.17206373715703
0.728	577.212872424685
0.7288	549.5618787417799
0.7296	389.7485466082604
0.7304	121.36226314260539
0.7312000000000001	-161.7085636177891
0.732	-336.67501394057115
0.7328	-557.2576608893442
0.7336	-566.6308600012329
0.7344	-438.5304641652737
0.7352000000000001	-198.42027790579442
0.736	91.68043666540927
0.7368	358.81694113417245
0.7376	538.1577971843824
0.7384000000000001	581.7432614125781
0.7392000000000001	484.2617998308826
0.74	114.17613657331015
0.7408	-18.142306721637055
0.7416	-302.30660748402335
0.7424000000000001	-525.2325632566176
0.7432000000000001	-583.0339582402312
0.744	-519.4524235714204
0.7448	-329.48889272118254
0.7456	-55.47891007885692
0.7464000000000001	231.8099173334841
0.7472000000000001	463.17206373715703
0.748	577.5253130427917
0.7488	549.4056584441848
0.7496	385.06193957313076
0.7504000000000001	121.36226314260539
0.7512000000000001	-162.17722381338987
0.752	-402.4436420090361
0.7528	-558.1949808044484
0.7536	-567.411959923314
0.7544000000000001	-439.1553441890097
0.7552	-198.57649796216933
0.756	91.68043666540927
0.7568	358.19206023863995
0.7576	537.5329160129219
0.7584000000000001	581.2746004802694
0.7592	484.41802010239996
0.76	235.5592016582521
0.7608	-18.610967030059086
0.7616	-296.9951263435975
0.7624000000000001	-534.1371027036203
0.7632	-583.0339582402312
0.764	-519.7648635552988
0.7648	-329.8013327756211
0.7656000000000001	-55.16646989349601
0.7664000000000001	231.18503661562505
0.7672	463.17206373715703
0.768	576.900431806837
0.7688	549.8743193371611
0.7696000000000001	387.71768355330306
0.7704000000000001	127.61106893835581
0.7712	-162.17722381338987
0.772	-422.75224341376634
0.7728	-560.2258406175132
0.7736000000000001	-567.5681799076585
0.7744000000000001	-439.4677842007068
0.7752	-198.73271801850717
0.776	91.0555561265181
0.7768	358.50450068629243
0.7776000000000001	537.0642551349908
0.7784000000000001	581.2746004802694
0.7792	484.2617998308826
0.78	267.11567926470946
0.7808	-18.29852682448788
0.7816000000000001	-295.12048593184375
0.7824	-523.3579233625442
0.7832	-582.8777382582283
0.784	-519.6086435633725
0.7848	-329.1764526666143
0.7856000000000001	-55.47891007885692
0.7864	231.34125679501125
0.7872	463.64072452718585
0.788	577.212872424685
0.7888000000000001	549.5618787417799
0.7896000000000001	387.5614633187121
0.7904	127.76728908424597
0.7912	-162.021003748228
0.792	-442.7484043166551
0.7928000000000001	-560.2258406175132
0.7936000000000001	-566.9432999701372
0.7944	-438.37424415926836
0.7952	-199.04515813107167
0.796	91.21177626116982
0.7968000000000001	358.34828046243774
0.7976000000000001	537.689136305692
0.7984	581.8994817234774
0.7992	484.57424037397885
0.8	267.42811964791804
0.8008000000000001	-18.29852682448788
0.8016000000000001	-297.1513463776921
0.8024	-550.2277614981058
0.8032	-582.2528583299827
0.804	-519.2962035794428
0.8048000000000001	-328.86401261191645
0.8056000000000001	-55.010249800752305
0.8064	231.96613751307976
0.8072	463.0158434739354
0.808	577.369092733706
0.8088000000000001	549.5618787417799
0.8096	387.71768355330306
0.8104	127.45484879251437
0.8112	-161.7085636177891
0.812	-410.09842259699695
0.8128000000000001	-557.7263208470056
0.8136	-566.3184200322329
0.8144	-438.6866841712504
0.8152	-197.7953976799241
0.8160000000000001	91.68043666540927
0.8168000000000001	358.19206023863995
0.8176	537.8453565985257
0.8184	582.2119223454704
0.8192	484.2617998308826
0.8200000000000001	213.21971633406432
0.8208000000000001	-17.829866515804945
0.8216	-296.83890630946945
0.8224	-519.4524235714204
0.8232	-582.4090783120793
0.8240000000000001	-519.1399835874395
0.8248000000000001	-329.0202326392816
0.8256	-55.16646989349601
0.8264	232.12235769272786
0.8272	463.17206373715703
0.8280000000000001	577.0566521157286
0.8288000000000001	550.1867599327971
0.8296	387.5614633187121
0.8304	127.92350923018473
0.8312	-161.239903421843
0.8320000000000001	-411.03574266410646
0.8328	-559.6009606754677
0.8336	-566.3184200322329
0.8344	-438.8429041771987
0.8352	-198.57649796216933
0.8360000000000001	90.74311585735677
0.8368	358.66072091020396
0.8376	537.8453565985257
0.8384	581.8994817234774
0.8392000000000001	484.730460645619
0.8400000000000001	267.58433983960276
0.8408	-17.986086618742746
0.8416	-295.74536606963255
0.8424	-501.9557843092614
0.8432000000000001	-582.4090783120793
0.8440000000000001	-519.1399835874395
0.8448	-329.1764526666143
0.8456	-55.32268998619754
0.8464	231.65369715394075
0.8472000000000001	463.32828400043934
0.8480000000000001	576.900431806837
0.8488	549.8743193371611
0.8496	387.8739037879521
0.8504	127.45484879251437
0.8512000000000001	-161.55234355251216
0.8520000000000001	-411.6606227082561
0.8528	-559.4447406898958
0.8536	-566.3184200322329
0.8544	-439.3115641948725
0.8552000000000001	-198.57649796216933
0.8560000000000001	91.21177626116982
0.8568	358.19206023863995
0.8576	537.689136305692
0.8584	582.0557020344415
0.8592000000000001	484.730460645619
0.86	267.11567926470946
0.8608	-17.048766000463377
0.8616	-295.74536606963255
0.8624	-502.2682242989511
0.8632000000000001	-575.691619060731
0.864	-525.5450032386069
0.8648	-329.645112748418
0.8656	-55.32268998619754
0.8664000000000001	231.49747697444982
0.8672000000000001	462.54718268463404
0.868	576.5879911892478
0.8688	549.2494381466535
0.8696	387.5614633187121
0.8704000000000001	127.29862864672161
0.8712000000000001	-162.021003748228
0.872	-411.1919626751881
0.8728	-560.3820606029641
0.8736	-53.29182877778691
0.8744000000000001	-439.4677842007068
0.8752000000000001	-198.57649796216933
0.876	91.5242165306154
0.8768	358.19206023863995
0.8776	537.2204754275713
0.8784000000000001	582.0557020344415
0.8792000000000001	484.1055795594265
0.88	266.95945907318566
0.8808	-18.29852682448788
0.8816	-294.65182582814913
0.8824000000000001	-483.9904847240349
0.8832000000000001	-557.5701008611427
0.884	-506.3299441553778
0.8848	-329.33267269391456
0.8856	-55.7913502640492
0.8864000000000001	231.18503661562505
0.8872	462.8596232107743
0.888	577.212872424685
0.8888	549.4056584441848
0.8896000000000001	387.8739037879521
0.8904000000000001	126.67374806403707
0.8912	-161.86478368302775
0.892	-446.1852444247076
0.8928	-562.2567004264907
0.8936000000000001	-341.04917464947107
0.8944000000000001	-438.8429041771987
0.8952	-198.42027790579442
0.896	91.0555561265181
0.8968	358.66072091020396
0.8976000000000001	537.2204754275713
0.8984000000000001	581.5870411017438
0.8992	483.9493592880318
0.9	266.49079849893604
0.9008	-17.986086618742746
0.9016000000000001	-294.49560579351703
0.9024000000000001	-541.0107822208876
0.9032	-582.5652982941523
0.904	-519.6086435633725
0.9048	-329.0202326392816
0.9056000000000001	-55.47891007885692
0.9064000000000001	232.12235769272786
0.9072	462.8596232107743
0.908	577.5253130427917
0.9088	549.4056584441848
0.9096000000000001	387.71768355330306
0.9104000000000001	127.14240850097748
0.9112	-161.86478368302775
0.912	-457.74552468817075
0.9128000000000001	-560.8507205591719
0.9136000000000001	-567.0995199545536
0.9144	-439.1553441890097
0.9152	-198.57649796216933
0.916	91.0555561265181
0.9168000000000001	358.19206023863995
0.9176000000000001	537.8453565985257
0.9184	581.7432614125781
0.9192	483.9493592880318
0.92	266.6470186902989
0.9208000000000001	-18.29852682448788
0.9216000000000001	-294.49560579351703
0.9224	-525.0763432655848
0.9232	-582.2528583299827
0.924	-519.6086435633725
0.9248000000000001	-329.1764526666143
0.9256000000000001	-55.32268998619754
0.9264	231.65369715394075
0.9272	462.8596232107743
0.928	577.212872424685
0.9288000000000001	549.5618787417799
0.9296000000000001	387.8739037879521
0.9304	127.29862864672161
0.9312	-161.7085636177891
0.932	-431.3443438594233
0.9328000000000001	-560.3820606029641
0.9336000000000001	-512.8911838862169
0.9344	-438.2180241532346
0.9352	-198.57649796216933
0.936	91.0555561265181
0.9368000000000001	358.50450068629243
0.9376000000000001	537.5329160129219
0.9384	581.7432614125781
0.9392	484.1055795594265
0.9400000000000001	267.2718994562869
0.9408000000000001	-17.986086618742746
0.9416	-295.74536606963255
0.9424	-502.1120043041194
0.9432	-582.2528583299827
0.9440000000000001	-519.1399835874395
0.9448000000000001	-329.645112748418
0.9456	-55.47891007885692
0.9464	231.96613751307976
0.9472	463.0158434739354
0.9480000000000001	577.0566521157286
0.9488000000000001	550.1867599327971
0.9496	387.71768355330306
0.9504	127.61106893835581
0.9512	-161.08368335645085
0.9520000000000001	-434.4687439998512
0.9528000000000001	-559.4447406898958
0.9536	-566.6308600012329
0.9544	-438.6866841712504
0.9552	-197.9516177364473
0.9560000000000001	91.5242165306154
0.9568000000000001	358.19206023863995
0.9576	537.8453565985257
0.9584	581.5870411017438
0.9592	483.9493592880318
0.9600000000000001	175.57065603977637
0.9608000000000001	-17.986086618742746
0.9616	-298.4011066492412
0.9624	-536.9490625119885
0.9632000000000001	-581.9404183657197
0.9640000000000001	-519.2962035794428
0.9648	-329.1764526666143
0.9656	-55.47891007885692
0.9664	231.96613751307976
0.9672000000000001	462.3909624216547
0.9680000000000001	576.900431806837
0.9688	549.8743193371611
0.9696	387.405243084179
0.9704	127.76728908424597
0.9712000000000001	-162.48966394359863
0.9720000000000001	-405.4118222454789
0.9728	-557.5701008611427
0.9736	-566.9432999701372
0.9744	-438.99912418311845
0.9752000000000001	-198.57649796216933
0.9760000000000001	91.36799639586891
0.9768	358.66072091020396
0.9776	537.8453565985257
0.9784	581.8994817234774
0.9792000000000001	484.1055795594265
0.9800000000000001	174.7895552350499
0.9808	-18.29852682448788
0.9816	-301.8379473849523
0.9824	-537.1052825011043
0.9832000000000001	-582.0966383478628
0.9840000000000001	-518.9837635954106
0.9848	-328.86401261191645
0.9856	-55.7913502640492
0.9864	231.49747697444982
0.9872000000000001	462.3909624216547
0.9880000000000001	577.212872424685
0.9888	549.7180990394386
0.9896	389.904766843663
0.9904000000000001	121.8309235745931
0.9912000000000001	-161.7085636177891
0.992	-361.5139976349501
0.9928	-557.2576608893442
0.9936	-567.2557399389457
0.9944000000000001	-439.1553441890097
0.9952000000000001	-198.57649796216933
0.996	91.36799639586891
0.9968	357.87961979121496
0.9976	537.5329160129219
0.9984000000000001	581.2746004802694
0.9992000000000001	483.9493592880318
