0	-317.72837058470515
0.0008	-32.78296501143266
0.0016	252.31880665471078
0.0024000000000000002	471.33957574336483
0.0032	557.1045168600779
0.004	-58.55928186818155
0.0048000000000000004	328.3980481547317
0.0056	57.51226361911131
0.0064	-233.2133265596163
0.007200000000000001	-473.01106965224307
0.008	6.272062812145041
0.0088	-27.783921604797612
0.009600000000000001	-435.3620477938485
0.010400000000000001	-181.03582641796194
0.0112	113.43907394490755
0.012	373.858135183318
0.0128	535.8585551620042
0.013600000000000001	-109.9556920151798
0.014400000000000001	432.5969491249618
0.0152	200.6099250181889
0.016	-89.17842037502642
0.016800000000000002	-363.5008394218278
0.0176	-536.4363891221137
0.0184	-22.316217827157686
0.019200000000000002	-566.8992873256832
0.02	-317.72837058470515
0.020800000000000003	-33.407845434100885
0.0216	252.1625864596886
0.0224	472.27689740185156
0.023200000000000002	548.1999592384626
0.024	-17.317174325911523
0.024800000000000003	328.5542683767687
0.0256	57.51226361911131
0.0264	-233.36954661366715
0.027200000000000002	-473.16728965649077
0.028	-19.035595534584303
0.028800000000000003	-26.534160746101012
0.0296	-434.112287703188
0.0304	-180.87960635129974
0.031200000000000002	113.28285379569446
0.032	374.4830161387746
0.0328	534.9212333497921
0.033600000000000005	-7.162867073829908
0.0344	423.3799538266192
0.0352	200.4537048407364
0.036000000000000004	-89.80330073583671
0.0368	-363.18839937100006
0.0376	-540.1856689533707
0.038400000000000004	-18.566935205478696
0.0392	-570.492347050733
0.04	-318.1970306896117
0.0408	-33.56406553965835
0.041600000000000005	252.31880665471078
0.0424	471.65201629594645
0.0432	554.91743251248
0.044000000000000004	42.98379154303845
0.0448	329.4915897101817
0.0456	57.668483751165724
0.046400000000000004	-233.52576666768132
0.0472	-473.01106965224307
0.048	-18.098274875973853
0.0488	-19.97291619159843
0.049600000000000005	-435.0496077713606
0.0504	-181.19204648458555
0.0512	113.12663364653041
0.052000000000000005	374.1705756609296
0.0528	534.6087927462341
0.0536	-9.66238887644677
0.054400000000000004	416.1938220442841
0.055200000000000006	201.0785855508593
0.056	-89.80330073583671
0.0568	-362.8759593200439
0.057600000000000005	-541.2792089013527
0.0584	-19.191815644197483
0.0592	-567.2117273022951
0.060000000000000005	-317.8845906197077
0.0608	-33.25162532849959
0.0616	252.1625864596886
0.062400000000000004	471.33957574336483
0.0632	550.0746029308165
0.064	-67.77626761073158
0.0648	329.02292904321985
0.0656	57.668483751165724
0.0664	-233.52576666768132
0.06720000000000001	-473.6359496690649
0.068	-116.2044953731569
0.0688	-26.846600961039503
0.06960000000000001	-435.98692783847014
0.0704	-180.723386284599
0.0712	113.28285379569446
0.07200000000000001	374.4830161387746
0.0728	536.3272160689755
0.0736	-31.845644376114617
0.07440000000000001	423.22373356913135
0.0752	200.4537048407364
0.076	-89.9595208259347
0.07680000000000001	-363.6570594471936
0.0776	-540.9667689163438
0.0784	-19.504255863290833
0.0792	-567.0555073140016
0.08	-318.3532507245132
0.08080000000000001	-33.25162532849959
0.0816	252.4750268497869
0.0824	471.65201629594645
0.08320000000000001	539.2954018265332
0.084	-24.971959668763137
0.0848	329.3353694878043
0.08560000000000001	57.51226361911131
0.0864	-233.68198672165875
0.0872	-473.16728965649077
0.08800000000000001	-106.98751039712302
0.0888	-14.505212336490601
0.0896	-435.20582778261934
0.09040000000000001	-181.34826655117058
0.0912	113.90773439284125
0.092	373.858135183318
0.09280000000000001	536.0147754642638
0.0936	57.19982335514368
0.0944	423.0675133117036
0.0952	200.4537048407364
0.096	-89.64708064569689
0.09680000000000001	-363.81327947252737
0.0976	-541.2792089013527
0.0984	-19.035595534584303
0.09920000000000001	-566.430627360579
0.1	-318.3532507245132
0.1008	-33.407845434100885
0.10160000000000001	252.63124704491707
0.1024	471.65201629594645
0.1032	541.9511469976828
0.10400000000000001	-60.90258334227525
0.1048	329.4915897101817
0.1056	57.668483751165724
0.10640000000000001	-233.52576666768132
0.1072	-473.7921696731999
0.108	-106.36263005458505
0.10880000000000001	-39.96908982984484
0.1096	-438.64266802285107
0.11040000000000001	-180.87960635129974
0.11120000000000001	113.12663364653041
0.112	374.795456616853
0.11280000000000001	535.3898942556099
0.1136	-8.256407863883545
0.1144	417.1311435739182
0.11520000000000001	200.7661451956935
0.116	-89.64708064569689
0.1168	-363.5008394218278
0.11760000000000001	-545.6533686806829
0.1184	-17.16095421576587
0.1192	-565.4933074296997
0.12000000000000001	-318.1970306896117
0.1208	-33.25162532849959
0.1216	252.7874672401012
0.12240000000000001	471.65201629594645
0.1232	539.6078424339399
0.124	-91.83416190385059
0.12480000000000001	329.4915897101817
0.12560000000000002	58.29336427985419
0.1264	-232.90088645140435
0.1272	-473.4797296649017
0.128	-170.41286179676985
0.1288	-34.345166066788416
0.1296	-436.61180788261976
0.13040000000000002	-181.03582641796194
0.1312	112.97041349741544
0.132	374.1705756609296
0.1328	536.7958769765238
0.1336	136.09099610292353
0.13440000000000002	423.22373356913135
0.13520000000000001	200.92236537325033
0.136	-89.49086055551523
0.1368	-363.18839937100006
0.1376	-540.0294489606988
0.1384	-19.191815644197483
0.13920000000000002	-570.492347050733
0.14	-317.8845906197077
0.1408	-33.56406553965835
0.1416	253.25612782597784
0.1424	472.1206771252826
0.1432	540.5451642577017
0.14400000000000002	-57.3095210780494
0.1448	329.96025037765423
0.1456	57.980924015415795
0.1464	-232.90088645140435
0.1472	-473.16728965649077
0.14800000000000002	-243.9925102032938
0.14880000000000002	-39.50042951841844
0.1496	-437.86156796950456
0.1504	-180.5671662178597
0.1512	113.59529409416969
0.152	374.3267958998229
0.15280000000000002	536.0147754642638
0.15360000000000001	-49.186075875014744
0.1544	418.84956638384637
0.1552	200.7661451956935
0.156	-89.17842037502642
0.1568	-363.34461939642995
0.15760000000000002	-550.8086283948583
0.1584	-18.098274875973853
0.1592	-566.1181873837188
0.16	-318.04081065467653
0.1608	-33.407845434100885
0.16160000000000002	253.41234802137808
0.16240000000000002	471.49579601962466
0.1632	539.6078424339399
0.164	-38.56310889438792
0.1648	330.7413514912439
0.1656	57.51226361911131
0.16640000000000002	-233.2133265596163
0.16720000000000002	-472.38618963497055
0.168	-306.4805279755906
0.1688	-34.813826382540846
0.1696	-436.9242479045177
0.1704	-181.03582641796194
0.17120000000000002	112.81419334834946
0.17200000000000001	373.858135183318
0.1728	536.3272160689755
0.1736	125.62424573512011
0.1744	417.9122448502598
0.1752	200.4537048407364
0.17600000000000002	-89.80330073583671
0.1768	-363.96949949782896
0.1776	-544.8722687215634
0.1784	-17.785834656082088
0.1792	-567.3679472905637
0.18000000000000002	-318.3532507245132
0.18080000000000002	-33.56406553965835
0.1816	252.4750268497869
0.1824	471.1833554671666
0.1832	549.4497216989987
0.184	-51.21693718671154
0.18480000000000002	329.8040301551066
0.18560000000000001	57.824703883267205
0.1864	-233.2133265596163
0.1872	-473.3235096607103
0.188	-160.1023371392624
0.1888	-34.188945961450024
0.18960000000000002	-437.39290793714366
0.1904	-181.19204648458555
0.1912	113.43907394490755
0.192	374.0143554220947
0.1928	536.0147754642638
0.19360000000000002	85.3194478714867
0.19440000000000002	414.63161949968037
0.1952	200.6099250181889
0.196	-89.64708064569689
0.1968	-363.18839937100006
0.1976	-556.1201080714334
0.19840000000000002	-20.910236847017423
0.19920000000000002	-571.1172270015794
0.2	-318.6656907942151
0.2008	-33.87650575064182
0.2016	252.31880665471078
0.2024	471.1833554671666
0.20320000000000002	543.5133500482165
0.20400000000000001	-15.442533001231443
0.2048	329.02292904321985
0.2056	57.824703883267205
0.2064	-233.05710650552865
0.20720000000000002	-473.7921696731999
0.20800000000000002	-238.83724848235957
0.2088	-29.9710031007376
0.2096	-436.61180788261976
0.2104	-180.723386284599
0.2112	113.28285379569446
0.21200000000000002	374.3267958998229
0.21280000000000002	536.6396566739436
0.2136	407.9141486259373
0.2144	416.66248280883184
0.2152	200.14126448598793
0.216	-89.64708064569689
0.21680000000000002	-363.34461939642995
0.21760000000000002	-550.1837484309813
0.2184	-113.86119412160014
0.2192	-567.5241672788075
0.22	-318.1970306896117
0.22080000000000002	-33.720285645172
0.22160000000000002	252.0063662647205
0.22240000000000001	471.02713519103037
0.2232	539.6078424339399
0.224	-61.996124026884914
0.2248	329.96025037765423
0.22560000000000002	57.980924015415795
0.22640000000000002	-233.52576666768132
0.2272	-473.4797296649017
0.228	-223.52768313653303
0.2288	-40.75019034801697
0.2296	-440.0486481170226
0.23040000000000002	-181.03582641796194
0.23120000000000002	112.34553290144582
0.232	374.1705756609296
0.2328	536.0147754642638
0.2336	129.21730926908893
0.23440000000000003	415.4127207712346
0.23520000000000002	201.0785855508593
0.23600000000000002	-89.49086055551523
0.2368	-363.34461939642995
0.2376	-555.8076680912676
0.2384	-19.97291619159843
0.23920000000000002	-568.1490472315351
0.24000000000000002	-318.1970306896117
0.24080000000000001	-34.03272585606782
0.2416	252.31880665471078
0.2424	471.33957574336483
0.2432	562.5722277847198
0.24400000000000002	3.1476604833500836
0.24480000000000002	330.1164706002586
0.2456	57.980924015415795
0.2464	-233.83820677559953
0.2472	-472.8548496479672
0.248	-226.65208425625545
0.24880000000000002	-33.09540522285446
0.24960000000000002	-436.45558787162656
0.2504	-181.03582641796194
0.25120000000000003	113.28285379569446
0.252	373.7019149445997
0.2528	536.3272160689755
0.2536	539.9202830416035
0.2544	417.9122448502598
0.25520000000000004	200.7661451956935
0.256	-89.49086055551523
0.25680000000000003	-363.6570594471936
0.2576	-549.8713084488903
0.2584	-19.191815644197483
0.2592	-564.5559874979244
0.26	-317.72837058470515
0.26080000000000003	-33.407845434100885
0.2616	252.7874672401012
0.2624	471.49579601962466
0.2632	565.6966340631344
0.264	20.80053387948485
0.26480000000000004	330.58513126841245
0.2656	57.980924015415795
0.2664	-233.2133265596163
0.2672	-473.16728965649077
0.268	-221.02816223008347
0.26880000000000004	-22.003777609658457
0.2696	-435.20582778261934
0.27040000000000003	-180.723386284599
0.2712	113.28285379569446
0.272	374.1705756609296
0.2728	536.3272160689755
0.2736	541.9511469976828
0.27440000000000003	416.1938220442841
0.2752	200.7661451956935
0.276	-89.49086055551523
0.2768	-363.6570594471936
0.2776	-549.402648475563
0.27840000000000004	-18.723155315224915
0.2792	-570.3361270629596
0.28	-318.3532507245132
0.2808	-33.56406553965835
0.2816	252.4750268497869
0.28240000000000004	471.49579601962466
0.2832	559.7602621563948
0.28400000000000003	-43.71837230714317
0.2848	330.2726908229198
0.2856	58.13714414761145
0.2864	-233.05710650552865
0.2872	-472.8548496479672
0.28800000000000003	-149.0107119376363
0.2888	-22.78487815307484
0.2896	-434.89338776007236
0.2904	-181.03582641796194
0.2912	112.81419334834946
0.29200000000000004	373.7019149445997
0.2928	537.1083175818766
0.2936	173.42761492167858
0.2944	416.5062625539228
0.2952	200.14126448598793
0.29600000000000004	-90.1157409159909
0.2968	-363.96949949782896
0.29760000000000003	-543.7787287777196
0.2984	-118.39157653297694
0.2992	-568.1490472315351
0.3	-318.50947075938103
0.3008	-33.720285645172
0.30160000000000003	252.0063662647205
0.3024	471.1833554671666
0.3032	551.3243653975535
0.304	-32.62674490565598
0.3048	330.42891104563773
0.30560000000000004	57.980924015415795
0.3064	-233.52576666768132
0.30720000000000003	-473.3235096607103
0.308	-219.6221817160276
0.3088	-32.93918511716548
0.30960000000000004	-436.45558787162656
0.3104	-181.19204648458555
0.31120000000000003	113.12663364653041
0.312	373.858135183318
0.3128	536.3272160689755
0.3136	135.9347759465388
0.3144	416.0376017895545
0.31520000000000004	200.14126448598793
0.316	-89.80330073583671
0.3168	-364.12571952309855
0.3176	-554.7141281598921
0.3184	-20.285356410248603
0.31920000000000004	-570.3361270629596
0.32	-318.04081065467653
0.32080000000000003	-33.407845434100885
0.3216	252.1625864596886
0.3224	471.65201629594645
0.32320000000000004	541.3262657792706
0.324	-101.05114711633973
0.32480000000000003	329.8040301551066
0.3256	57.980924015415795
0.3264	-233.52576666768132
0.3272	-473.4797296649017
0.328	-219.30974160138388
0.32880000000000004	-17.785834656082088
0.3296	-434.58094773740726
0.3304	-180.25472608426523
0.3312	113.12663364653041
0.332	374.4830161387746
0.33280000000000004	537.1083175818766
0.3336	176.55201830165342
0.33440000000000003	416.0376017895545
0.3352	200.7661451956935
0.336	-89.17842037502642
0.33680000000000004	-363.5008394218278
0.3376	-553.9330282081515
0.33840000000000003	-68.55736809055522
0.3392	-567.9928272433903
0.34	-317.8845906197077
0.3408	-33.09540522285446
0.3416	252.1625864596886
0.34240000000000004	471.96445684877534
0.3432	561.322465280642
0.34400000000000003	-49.81095627939203
0.3448	330.42891104563773
0.3456	57.668483751165724
0.34640000000000004	-233.2133265596163
0.3472	-473.3235096607103
0.34800000000000003	-217.59132096818166
0.3488	-21.535117283077835
0.3496	-435.3620477938485
0.3504	-181.03582641796194
0.3512	113.43907394490755
0.35200000000000004	374.63923637778464
0.3528	537.2645378846493
0.3536	191.23671446316885
0.3544	414.9440600081227
0.3552	201.0785855508593
0.35600000000000004	-89.80330073583671
0.3568	-363.5008394218278
0.35760000000000003	-555.1827881306332
0.3584	-21.378897174129122
0.3592	-563.7748875540931
0.36000000000000004	-318.97813086378227
0.3608	-33.25162532849959
0.36160000000000003	252.4750268497869
0.3624	471.1833554671666
0.3632	565.3841934341208
0.364	-25.909280315695078
0.3648	329.64780993261576
0.36560000000000004	57.668483751165724
0.3664	-233.52576666768132
0.3672	-473.4797296649017
0.368	-220.24706194486865
0.3688	-11.068369885391228
0.36960000000000004	-434.7371677487546
0.3704	-181.50448661771705
0.37120000000000003	112.97041349741544
0.372	374.1705756609296
0.3728	536.7958769765238
0.37360000000000004	542.2635876072748
0.3744	421.81775125444375
0.37520000000000003	200.7661451956935
0.376	-89.9595208259347
0.3768	-364.12571952309855
0.3776	-548.77776851077
0.3784	-18.879375424926785
0.37920000000000004	-562.3689076536248
0.38	-318.3532507245132
0.3808	-33.56406553965835
0.3816	252.0063662647205
0.3824	471.1833554671666
0.38320000000000004	565.3841934341208
0.384	-71.52554990418285
0.38480000000000003	329.1791492654837
0.3856	57.668483751165724
0.3864	-233.2133265596163
0.38720000000000004	-473.16728965649077
0.388	-215.40424015576426
0.38880000000000003	-21.691337391982287
0.3896	-435.0496077713606
0.3904	-180.723386284599
0.3912	112.65797319933255
0.392	374.795456616853
0.39280000000000004	537.576978490387
0.3936	240.28985179559885
0.39440000000000003	420.5679892010264
0.3952	201.70346626181706
0.396	-89.33464046529174
0.39680000000000004	-363.5008394218278
0.3976	-547.8404485628162
0.39840000000000003	-223.52768313653303
0.3992	-569.3988071358001
0.4	-318.04081065467653
0.40080000000000005	-33.720285645172
0.4016	252.63124704491707
0.40240000000000004	471.1833554671666
0.4032	539.9202830416035
0.404	-33.56406553965835
0.4048	329.8040301551066
0.4056	57.668483751165724
0.40640000000000004	-233.05710650552865
0.4072	-473.4797296649017
0.40800000000000003	-279.9231211098393
0.4088	-30.439663420174845
0.4096	-437.23668792629786
0.41040000000000004	-181.03582641796194
0.4112	113.43907394490755
0.41200000000000003	374.795456616853
0.4128	537.4207581874861
0.4136	182.6446049516726
0.41440000000000005	416.1938220442841
0.4152	201.23480572852046
0.41600000000000004	-89.49086055551523
0.4168	-363.18839937100006
0.4176	-555.8076680912676
0.4184	-107.76861082436825
0.4192	-559.2445078675509
0.42000000000000004	-318.50947075938103
0.4208	-33.56406553965835
0.42160000000000003	252.1625864596886
0.4224	471.65201629594645
0.4232	546.0128749424618
0.42400000000000004	-8.412627976569397
0.4248	330.42891104563773
0.42560000000000003	57.668483751165724
0.4264	-233.52576666768132
0.4272	-473.6359496690649
0.42800000000000005	-299.29440621621774
0.4288	-27.315261283116772
0.42960000000000004	-436.61180788261976
0.4304	-180.723386284599
0.4312	112.65797319933255
0.432	374.1705756609296
0.4328	536.1709957665877
0.43360000000000004	537.8894190963813
0.4344	415.1002802624335
0.43520000000000003	201.0785855508593
0.436	-89.64708064569689
0.4368	-363.18839937100006
0.43760000000000004	-560.8067077618404
0.4384	-165.57003963038215
0.43920000000000003	-561.5878077080454
0.44	-318.1970306896117
0.4408	-33.407845434100885
0.44160000000000005	252.4750268497869
0.4424	472.1206771252826
0.44320000000000004	565.3841934341208
0.444	-27.47148139038776
0.44480000000000003	330.2726908229198
0.4456	57.980924015415795
0.4464	-233.83820677559953
0.44720000000000004	-473.3235096607103
0.448	-317.57215054966883
0.44880000000000003	-17.317174325911523
0.4496	-435.0496077713606
0.4504	-181.66070668422498
0.45120000000000005	112.50175305036466
0.452	374.1705756609296
0.45280000000000004	536.6396566739436
0.4536	539.4516221302043
0.4544	415.2565005168042
0.45520000000000005	201.0785855508593
0.456	-89.9595208259347
0.45680000000000004	-363.5008394218278
0.4576	-557.6823079707503
0.45840000000000003	-48.40497536856954
0.4592	-570.1799070751615
0.46	-318.6656907942151
0.46080000000000004	-33.87650575064182
0.4616	252.1625864596886
0.46240000000000003	471.33957574336483
0.4632	565.0717528053679
0.464	19.550772911960618
0.46480000000000005	329.8040301551066
0.4656	57.980924015415795
0.46640000000000004	-233.05710650552865
0.4672	-473.16728965649077
0.468	-280.39178123970026
0.46880000000000005	-28.40880203308899
0.4696	-435.98692783847014
0.47040000000000004	-180.723386284599
0.4712	112.65797319933255
0.47200000000000003	373.858135183318
0.4728	536.7958769765238
0.4736	385.2622127676676
0.47440000000000004	419.0057866396538
0.4752	200.7661451956935
0.47600000000000003	-89.9595208259347
0.4768	-363.34461939642995
0.4776	-559.2445078675509
0.47840000000000005	-115.89205520681455
0.4792	-568.3052672196549
0.48000000000000004	-318.50947075938103
0.4808	-33.407845434100885
0.48160000000000003	252.1625864596886
0.4824	471.02713519103037
0.4832	561.322465280642
0.48400000000000004	-48.71741557127747
0.4848	330.1164706002586
0.48560000000000003	57.980924015415795
0.4864	-233.2133265596163
0.4872	-473.16728965649077
0.48800000000000004	-265.0822168336077
0.4888	-27.00282106844265
0.48960000000000004	-437.54912794796013
0.4904	-181.34826655117058
0.4912	112.65797319933255
0.49200000000000005	374.4830161387746
0.4928	536.6396566739436
0.49360000000000004	539.7640627377396
0.4944	416.5062625539228
0.49520000000000003	201.23480572852046
0.496	-89.33464046529174
0.4968	-363.81327947252737
0.49760000000000004	-564.2435475204668
0.4984	-165.57003963038215
0.49920000000000003	-559.8693878255676
0.5	-318.82191082901556
0.5008	-33.25162532849959
0.5016	252.31880665471078
0.5024000000000001	471.02713519103037
0.5032	565.3841934341208
0.504	-9.506168764118524
0.5048	331.05379193707734
0.5056	57.668483751165724
0.5064000000000001	-233.05710650552865
0.5072	-472.8548496479672
0.508	-410.9917256816867
0.5088	-29.50234278090478
0.5096	-437.23668792629786
0.5104000000000001	-180.723386284599
0.5112	112.97041349741544
0.512	374.4830161387746
0.5128	536.6396566739436
0.5136000000000001	539.4516221302043
0.5144000000000001	416.0376017895545
0.5152	200.7661451956935
0.516	-89.64708064569689
0.5168	-363.18839937100006
0.5176000000000001	-560.1818278044256
0.5184	-145.73009036085224
0.5192	-570.3361270629596
0.52	-317.8845906197077
0.5208	-33.56406553965835
0.5216000000000001	252.4750268497869
0.5224	471.65201629594645
0.5232	565.0717528053679
0.524	-15.130092779829106
0.5248	330.89757171413225
0.5256000000000001	58.29336427985419
0.5264	-232.43222628881102
0.5272	-472.8548496479672
0.528	-330.38219331119274
0.5288	-31.689424270074706
0.5296000000000001	-438.64266802285107
0.5304	-181.03582641796194
0.5312	113.28285379569446
0.532	374.795456616853
0.5328	537.4207581874861
0.5336000000000001	542.5760282171242
0.5344	413.8505182296208
0.5352	201.3910259062338
0.536	-89.49086055551523
0.5368	-363.032179345538
0.5376000000000001	-562.056467675468
0.5384	-227.12074442293795
0.5392	-569.8674670994913
0.54	-318.6656907942151
0.5408000000000001	-33.87650575064182
0.5416000000000001	252.0063662647205
0.5424	471.33957574336483
0.5432	565.6966340631344
0.544	19.23833267053683
0.5448000000000001	329.1791492654837
0.5456	57.824703883267205
0.5464	-233.05710650552865
0.5472	-473.16728965649077
0.548	-120.89109784869329
0.5488000000000001	-4.663345259753154
0.5496	-434.58094773740726
0.5504	-181.34826655117058
0.5512	112.50175305036466
0.552	374.3267958998229
0.5528000000000001	536.6396566739436
0.5536	393.54188573038715
0.5544	416.9749233188296
0.5552	200.7661451956935
0.556	-89.64708064569689
0.5568000000000001	-363.5008394218278
0.5576	-555.8076680912676
0.5584	-215.71668027227173
0.5592	-561.7440276972113
0.56	-319.13435089851544
0.5608000000000001	-34.03272585606782
0.5616	252.0063662647205
0.5624	471.33957574336483
0.5632	565.8528543777389
0.5640000000000001	74.22781801699186
0.5648000000000001	329.8040301551066
0.5656	57.35604348710396
0.5664	-233.68198672165875
0.5672	-473.4797296649017
0.5680000000000001	-400.2125445128336
0.5688	-24.659519452766165
0.5696	-435.98692783847014
0.5704	-181.66070668422498
0.5712	112.81419334834946
0.5720000000000001	373.7019149445997
0.5728	535.8585551620042
0.5736	541.9511469976828
0.5744	413.8505182296208
0.5752	200.4537048407364
0.5760000000000001	-89.80330073583671
0.5768	-363.5008394218278
0.5776	-560.1818278044256
0.5784	-266.33197720602755
0.5792	-570.8047870262055
0.5800000000000001	-318.82191082901556
0.5808	-34.188945961450024
0.5816	251.69392587494622
0.5824	471.1833554671666
0.5832	565.3841934341208
0.5840000000000001	-40.43775014087886
0.5848	329.8040301551066
0.5856	57.980924015415795
0.5864	-233.2133265596163
0.5872	-472.8548496479672
0.5880000000000001	-505.19238994037283
0.5888	-29.50234278090478
0.5896	-436.61180788261976
0.5904	-181.03582641796194
0.5912000000000001	112.97041349741544
0.5920000000000001	374.3267958998229
0.5928	536.1709957665877
0.5936	544.138231270232
0.5944	416.9749233188296
0.5952000000000001	200.4537048407364
0.596	-89.9595208259347
0.5968	-363.34461939642995
0.5976	-561.2753677296384
0.5984	-181.66070668422498
0.5992000000000001	-570.6485670384817
0.6	-318.1970306896117
0.6008	-33.407845434100885
0.6016	252.31880665471078
0.6024	471.49579601962466
0.6032000000000001	555.0736528226014
0.604	35.79766571902806
0.6048	330.42891104563773
0.6056	57.980924015415795
0.6064	-233.2133265596163
0.6072000000000001	-473.16728965649077
0.608	-299.29440621621774
0.6088	-29.9710031007376
0.6096	-437.39290793714366
0.6104	-180.87960635129974
0.6112000000000001	113.28285379569446
0.612	374.4830161387746
0.6128	536.952097279168
0.6136	538.8267409159048
0.6144000000000001	415.4127207712346
0.6152000000000001	201.23480572852046
0.616	-89.64708064569689
0.6168	-363.34461939642995
0.6176	-557.9947479503115
0.6184000000000001	-212.27983898246478
0.6192000000000001	-570.6485670384817
0.62	-318.82191082901556
0.6208	-33.407845434100885
0.6216	252.31880665471078
0.6224000000000001	471.33957574336483
0.6232	566.0090746924088
0.624	1.273019094741361
0.6248	329.4915897101817
0.6256	58.13714414761145
0.6264000000000001	-232.43222628881102
0.6272	-472.69862964366314
0.628	-267.26929748384964
0.6288	-4.194684918336108
0.6296	-434.4247277260304
0.6304000000000001	-181.03582641796194
0.6312	113.28285379569446
0.632	374.63923637778464
0.6328	536.3272160689755
0.6336	548.0437389311861
0.6344000000000001	416.66248280883184
0.6352	201.23480572852046
0.636	-89.17842037502642
0.6368	-362.40729924336887
0.6376000000000001	-552.683268284051
0.6384000000000001	-98.86406589256858
0.6392	-560.025607815009
0.64	-318.50947075938103
0.6408	-33.407845434100885
0.6416000000000001	252.1625864596886
0.6424000000000001	471.33957574336483
0.6432	566.0090746924088
0.644	4.241201296372527
0.6448	329.64780993261576
0.6456000000000001	57.668483751165724
0.6464000000000001	-233.05710650552865
0.6472	-473.16728965649077
0.648	-284.45350235196867
0.6488	-14.66143244739197
0.6496000000000001	-435.20582778261934
0.6504	-180.5671662178597
0.6512	112.97041349741544
0.652	374.3267958998229
0.6528	535.7023348598087
0.6536000000000001	543.6695703536238
0.6544	416.3500422990735
0.6552	201.3910259062338
0.656	-89.80330073583671
0.6568	-363.34461939642995
0.6576000000000001	-561.5878077080454
0.6584	-39.187989310582786
0.6592	-567.8366072552209
0.66	-318.6656907942151
0.6608	-33.25162532849959
0.6616000000000001	252.0063662647205
0.6624	471.33957574336483
0.6632	565.5404137485951
0.664	64.85460987664565
0.6648000000000001	328.8667088210127
0.6656000000000001	58.13714414761145
0.6664	-233.36954661366715
0.6672	-473.4797296649017
0.668	-266.644417298777
0.6688000000000001	0.3356984028711274
0.6696000000000001	-435.0496077713606
0.6704	-180.41094615108173
0.6712	112.97041349741544
0.672	374.3267958998229
0.6728000000000001	536.0147754642638
0.6736000000000001	543.2009094375949
0.6744	416.3500422990735
0.6752	200.7661451956935
0.676	-89.9595208259347
0.6768000000000001	-363.5008394218278
0.6776	-554.5579081695945
0.6784	-69.18224847364765
0.6792	-568.1490472315351
0.68	-319.13435089851544
0.6808000000000001	-33.720285645172
0.6816	252.1625864596886
0.6824	471.1833554671666
0.6832	566.0090746924088
0.684	33.610583965971884
0.6848000000000001	329.8040301551066
0.6856	57.824703883267205
0.6864	-233.52576666768132
0.6872	-473.6359496690649
0.6880000000000001	-424.4266469361982
0.6888000000000001	-29.189902567463058
0.6896	-437.70534795874715
0.6904	-181.34826655117058
0.6912	112.97041349741544
0.6920000000000001	374.0143554220947
0.6928000000000001	535.8585551620042
0.6936	466.65296748428
0.6944	414.47539924554894
0.6952	200.7661451956935
0.6960000000000001	-89.49086055551523
0.6968000000000001	-363.032179345538
0.6976	-563.1500075985791
0.6984	-264.6135566933633
0.6992	-567.6803872670266
0.7000000000000001	-318.50947075938103
0.7008	-34.03272585606782
0.7016	251.69392587494622
0.7024	471.1833554671666
0.7032	566.1652950071436
0.7040000000000001	-44.187032615043606
0.7048	330.2726908229198
0.7056	57.668483751165724
0.7064	-233.05710650552865
0.7072	-473.4797296649017
0.7080000000000001	-230.87002574444398
0.7088	-17.785834656082088
0.7096	-435.51826780504814
0.7104	-181.03582641796194
0.7112	112.97041349741544
0.7120000000000001	374.4830161387746
0.7128	535.8585551620042
0.7136	547.8875186239741
0.7144	422.2864120254658
0.7152000000000001	200.7661451956935
0.7160000000000001	-89.80330073583671
0.7168	-363.34461939642995
0.7176	-558.6196279091322
0.7184	-161.82075792736472
0.7192000000000001	-570.6485670384817
0.7200000000000001	-318.1970306896117
0.7208	-33.407845434100885
0.7216	252.1625864596886
0.7224	471.65201629594645
0.7232000000000001	566.1652950071436
0.7240000000000001	14.23928883258964
0.7248	330.2726908229198
0.7256	57.980924015415795
0.7264	-232.7446663972433
0.7272000000000001	-473.7921696731999
0.728	-266.01953711313587
0.7288	-22.316217827157686
0.7296	-435.830707827359
0.7304	-180.5671662178597
0.7312000000000001	113.12663364653041
0.732	375.1078970951649
0.7328	536.3272160689755
0.7336	543.3571297428734
0.7344	417.2873638290668
0.7352000000000001	201.23480572852046
0.736	-89.80330073583671
0.7368	-363.18839937100006
0.7376	-558.3071879297722
0.7384000000000001	-104.95664928146192
0.7392000000000001	-567.6803872670266
0.74	-318.50947075938103
0.7408	-33.56406553965835
0.7416	252.4750268497869
0.7424000000000001	471.65201629594645
0.7432000000000001	566.3215153219437
0.744	-7.006646960786085
0.7448	329.8040301551066
0.7456	57.824703883267205
0.7464000000000001	-233.2133265596163
0.7472000000000001	-473.6359496690649
0.748	-345.0668762019229
0.7488	1.7416794412847842
0.7496	-434.7371677487546
0.7504000000000001	-181.34826655117058
0.7512000000000001	113.28285379569446
0.752	374.0143554220947
0.7528	536.0147754642638
0.7536	547.7312983168266
0.7544000000000001	415.4127207712346
0.7552	200.7661451956935
0.756	-89.64708064569689
0.7568	-362.71973929451764
0.7576	-560.3380477938169
0.7584000000000001	-127.92100149333662
0.7592	-555.963888081363
0.76	-318.50947075938103
0.7608	-33.407845434100885
0.7616	252.1625864596886
0.7624000000000001	471.65201629594645
0.7632	566.6339559517394
0.764	5.490962228251416
0.7648	330.42891104563773
0.7656000000000001	57.980924015415795
0.7664000000000001	-232.5884463430455
0.7672	-473.9483896773068
0.768	-367.0938999971364
0.7688	-16.53607377473911
0.7696000000000001	-435.6744878162183
0.7704000000000001	-181.66070668422498
0.7712	112.97041349741544
0.772	374.3267958998229
0.7728	536.0147754642638
0.7736000000000001	539.6078424339399
0.7744000000000001	418.2246853612157
0.7752	200.7661451956935
0.776	-89.9595208259347
0.7768	-363.18839937100006
0.7776000000000001	-561.5878077080454
0.7784000000000001	-199.15735389045435
0.7792	-557.0574280113259
0.78	-318.50947075938103
0.7808	-34.345166066788416
0.7816000000000001	251.85014606980639
0.7824	471.02713519103037
0.7832	566.0090746924088
0.784	-16.69229388506243
0.7848	329.64780993261576
0.7856000000000001	57.668483751165724
0.7864	-233.36954661366715
0.7872	-473.01106965224307
0.788	-402.0871847265846
0.7888000000000001	-16.37985366437135
0.7896000000000001	-435.6744878162183
0.7904	-181.03582641796194
0.7912	112.65797319933255
0.792	373.7019149445997
0.7928000000000001	535.8585551620042
0.7936000000000001	487.5864848064508
0.7944	421.97397151139097
0.7952	200.6099250181889
0.796	-89.49086055551523
0.7968000000000001	-363.34461939642995
0.7976000000000001	-555.3390081208296
0.7984	-229.46404525136734
0.7992	-571.585886964455
0.8	-317.8845906197077
0.8008000000000001	-33.720285645172
0.8016000000000001	251.38148548538788
0.8024	471.49579601962466
0.8032	565.3841934341208
0.804	-10.599709549478241
0.8048000000000001	329.8040301551066
0.8056000000000001	57.668483751165724
0.8064	-232.90088645140435
0.8072	-473.16728965649077
0.808	-292.7331645463427
0.8088000000000001	-15.286312890552509
0.8096	-435.3620477938485
0.8104	-180.87960635129974
0.8112	112.97041349741544
0.812	373.858135183318
0.8128000000000001	536.1709957665877
0.8136	552.4179075593423
0.8144	421.3490904839621
0.8152	201.0785855508593
0.8160000000000001	-89.64708064569689
0.8168000000000001	-363.18839937100006
0.8176	-557.6823079707503
0.8184	-145.26143013416464
0.8192	-565.805747406759
0.8200000000000001	-318.82191082901556
0.8208000000000001	-33.56406553965835
0.8216	251.85014606980639
0.8224	471.65201629594645
0.8232	560.5413637177061
0.8240000000000001	-56.215980384427425
0.8248000000000001	329.64780993261576
0.8256	58.13714414761145
0.8264	-232.90088645140435
0.8272	-473.3235096607103
0.8280000000000001	-343.19223584909554
0.8288000000000001	-25.128179776695422
0.8296	-436.76802789358345
0.8304	-181.34826655117058
0.8312	113.12663364653041
0.8320000000000001	373.858135183318
0.8328	536.4834363714275
0.8336	543.5133500482165
0.8344	422.2864120254658
0.8352	201.23480572852046
0.8360000000000001	-89.80330073583671
0.8368	-362.8759593200439
0.8376	-559.0882878779839
0.8384	-149.7918123104777
0.8392000000000001	-566.1181873837188
0.8400000000000001	-318.04081065467653
0.8408	-33.407845434100885
0.8416	252.0063662647205
0.8424	471.33957574336483
0.8432000000000001	560.5413637177061
0.8440000000000001	0.49191851807022147
0.8448	330.1164706002586
0.8456	57.824703883267205
0.8464	-233.2133265596163
0.8472000000000001	-473.01106965224307
0.8480000000000001	-389.7458032376851
0.8488	-16.848513995341328
0.8496	-435.6744878162183
0.8504	-180.723386284599
0.8512000000000001	112.18931275257599
0.8520000000000001	373.858135183318
0.8528	535.8585551620042
0.8536	545.8566546360884
0.8544	416.1938220442841
0.8552000000000001	201.5472460839993
0.8560000000000001	-89.49086055551523
0.8568	-362.71973929451764
0.8576	-563.1500075985791
0.8584	-163.8516188526346
0.8592000000000001	-554.5579081695945
0.86	-318.1970306896117
0.8608	-33.87650575064182
0.8616	252.0063662647205
0.8624	471.49579601962466
0.8632000000000001	565.6966340631344
0.864	0.8043587486035264
0.8648	330.42891104563773
0.8656	57.668483751165724
0.8664000000000001	-232.5884463430455
0.8672000000000001	-473.3235096607103
0.868	-430.8316674561947
0.8688	-28.877462353845413
0.8696	-436.45558787162656
0.8704000000000001	-181.03582641796194
0.8712000000000001	112.65797319933255
0.872	374.0143554220947
0.8728	535.7023348598087
0.8736	457.90463221562305
0.8744000000000001	415.88138153488484
0.8752000000000001	201.0785855508593
0.876	-90.1157409159909
0.8768	-363.032179345538
0.8776	-557.526087980932
0.8784000000000001	-156.66549554877727
0.8792000000000001	-571.1172270015794
0.88	-318.50947075938103
0.8808	-33.87650575064182
0.8816	252.1625864596886
0.8824000000000001	471.8082365723301
0.8832000000000001	559.1353809085148
0.884	103.75342478624553
0.8848	329.3353694878043
0.8856	58.13714414761145
0.8864000000000001	-232.90088645140435
0.8872	-473.3235096607103
0.888	-274.7678596605142
0.8888	-16.223633553959157
0.8896000000000001	-434.89338776007236
0.8904000000000001	-181.34826655117058
0.8912	113.12663364653041
0.892	374.1705756609296
0.8928	536.3272160689755
0.8936000000000001	303.8714739947492
0.8944000000000001	416.0376017895545
0.8952	200.7661451956935
0.896	-89.80330073583671
0.8968	-363.34461939642995
0.8976000000000001	-562.5251276426656
0.8984000000000001	-323.66473189115703
0.8992	-570.6485670384817
0.9	-318.50947075938103
0.9008	-33.56406553965835
0.9016000000000001	252.0063662647205
0.9024000000000001	471.33957574336483
0.9032	566.0090746924088
0.904	40.01560912555961
0.9048	329.3353694878043
0.9056000000000001	57.980924015415795
0.9064000000000001	-232.7446663972433
0.9072	-473.16728965649077
0.908	-410.05440558581665
0.9088	-15.911193333001435
0.9096000000000001	-435.20582778261934
0.9104000000000001	-181.19204648458555
0.9112	112.97041349741544
0.912	374.4830161387746
0.9128000000000001	536.3272160689755
0.9136000000000001	547.4188577027254
0.9144	421.03664997060775
0.9152	201.0785855508593
0.916	-89.80330073583671
0.9168000000000001	-362.40729924336887
0.9176000000000001	-558.7758478987745
0.9184	-191.815010924799
0.9192	-565.180867452541
0.92	-318.1970306896117
0.9208000000000001	-33.87650575064182
0.9216000000000001	251.38148548538788
0.9224	472.4331176784824
0.9232	565.8528543777389
0.924	35.9538858445934
0.9248000000000001	329.4915897101817
0.9256000000000001	58.29336427985419
0.9264	-233.05710650552865
0.9272	-473.01106965224307
0.928	-349.7534770633899
0.9288000000000001	-4.819565373469121
0.9296000000000001	-434.4247277260304
0.9304	-181.50448661771705
0.9312	112.81419334834946
0.932	373.5456947059397
0.9328000000000001	535.8585551620042
0.9336000000000001	546.6377561686008
0.9344	421.03664997060775
0.9352	201.0785855508593
0.936	-89.80330073583671
0.9368000000000001	-362.8759593200439
0.9376000000000001	-556.2763280614785
0.9384	-201.03199463419298
0.9392	-565.0246474639241
0.9400000000000001	-318.1970306896117
0.9408000000000001	-34.03272585606782
0.9416	251.38148548538788
0.9424	471.49579601962466
0.9432	565.8528543777389
0.9440000000000001	-9.506168764118524
0.9448000000000001	329.4915897101817
0.9456	58.762024676865025
0.9464	-233.52576666768132
0.9472	-473.01106965224307
0.9480000000000001	-343.50467590822785
0.9488000000000001	-27.00282106844265
0.9496	-436.2993678606039
0.9504	-181.8169267506943
0.9512	113.12663364653041
0.9520000000000001	374.0143554220947
0.9528000000000001	535.8585551620042
0.9536	544.7631124932778
0.9544	414.47539924554894
0.9552	201.0785855508593
0.9560000000000001	-89.49086055551523
0.9568000000000001	-363.032179345538
0.9576	-560.9629277511316
0.9584	-284.60972239427656
0.9592	-570.9610070139047
0.9600000000000001	-319.13435089851544
0.9608000000000001	-34.345166066788416
0.9616	252.0063662647205
0.9624	471.65201629594645
0.9632000000000001	565.6966340631344
0.9640000000000001	-61.05880344020514
0.9648	329.8040301551066
0.9656	57.980924015415795
0.9664	-233.2133265596163
0.9672000000000001	-472.07374962616507
0.9680000000000001	-448.79696864971606
0.9688	-26.69038085359229
0.9696	-436.76802789358345
0.9704	-181.50448661771705
0.9712000000000001	112.81419334834946
0.9720000000000001	373.858135183318
0.9728	536.0147754642638
0.9736	546.3253155554024
0.9744	415.4127207712346
0.9752000000000001	201.5472460839993
0.9760000000000001	-89.49086055551523
0.9768	-363.032179345538
0.9776	-554.7141281598921
0.9784	-225.71476392189265
0.9792000000000001	-569.555027123722
0.9800000000000001	-318.97813086378227
0.9808	-34.345166066788416
0.9816	251.85014606980639
0.9824	472.4331176784824
0.9832000000000001	565.5404137485951
0.9840000000000001	41.7340305231066
0.9848	330.42891104563773
0.9856	57.980924015415795
0.9864	-233.2133265596163
0.9872000000000001	-472.8548496479672
0.9880000000000001	-570.1799070751615
0.9888	-36.68846764161179
0.9896	-438.64266802285107
0.9904000000000001	-180.87960635129974
0.9912000000000001	112.97041349741544
0.992	374.4830161387746
0.9928	536.1709957665877
0.9936	542.5760282171242
0.9944000000000001	414.1629587374653
0.9952000000000001	200.7661451956935
0.996	-89.02220028471923
0.9968	-363.5008394218278
0.9976	-554.5579081695945
0.9984000000000001	-284.45350235196867
0.9992000000000001	-556.2763280614785
