0	610.0129925660017
0.0008	603.4517390597882
0.0016	442.23240255216615
0.0024000000000000002	175.0958487284154
0.0032	-132.97021813746827
0.004	-409.6359099898161
0.0048000000000000004	-586.3207254031668
0.0056	-616.9398413555703
0.0064	-495.71313198189324
0.007200000000000001	-252.47856253412394
0.008	55.11877942725713
0.0088	349.43758120695406
0.009600000000000001	556.7418662304055
0.010400000000000001	624.6977032158733
0.0112	539.0889726450075
0.012	319.75574026656705
0.0128	21.062793467615954
0.013600000000000001	-280.1295097838098
0.014400000000000001	-513.2097713725296
0.0152	-621.470220683291
0.016	-574.4480067343341
0.016800000000000002	-386.6715679797804
0.0176	-102.03864298860893
0.0184	208.21452402736094
0.019200000000000002	467.696304985058
0.02	609.7005519202171
0.020800000000000003	603.4517390597882
0.0216	442.07618229677803
0.0224	175.56450921200704
0.023200000000000002	-133.59509842743486
0.024	-410.1045700241241
0.024800000000000003	-586.4769453847498
0.0256	-616.4711814240537
0.0264	-495.24447199367836
0.027200000000000002	-252.32234249006464
0.028	55.27499955134379
0.028800000000000003	349.75002164870494
0.0296	556.8980865312562
0.0304	625.0101438743558
0.031200000000000002	539.0889726450075
0.032	320.06818068701017
0.0328	21.687673924544473
0.033600000000000005	-280.44194985955085
0.0344	-513.2097713725296
0.0352	-620.8453407771236
0.036000000000000004	-573.9793467840875
0.0368	-387.140228027305
0.0376	-102.03864298860893
0.038400000000000004	207.90208368360615
0.0392	467.696304985058
0.04	609.5443315974235
0.0408	603.1392984195267
0.041600000000000005	441.9199620414499
0.0424	175.72072937330506
0.0432	-133.751318499828
0.044000000000000004	-409.94835001271764
0.0448	-586.9456053293594
0.0456	-616.6274014012481
0.046400000000000004	-495.24447199367836
0.0472	-252.32234249006464
0.048	55.11877942725713
0.0488	349.12514076542953
0.049600000000000005	556.5856459296187
0.0504	624.8539235450813
0.0512	539.2451929386641
0.052000000000000005	320.06818068701017
0.0528	21.687673924544473
0.0536	-280.59816989737004
0.054400000000000004	-513.0535513794184
0.055200000000000006	-621.0015607536985
0.056	-574.1355667675267
0.0568	-386.9840080114938
0.057600000000000005	-101.56998274697258
0.0584	207.90208368360615
0.0592	467.2276441895649
0.060000000000000005	610.0129925660017
0.0608	602.8268577795275
0.0616	441.7637417861815
0.062400000000000004	175.0958487284154
0.0632	-133.59509842743486
0.064	-410.1045700241241
0.0648	-586.6331653663096
0.0656	-617.0960613326981
0.0664	-495.71313198189324
0.06720000000000001	-251.69746231347557
0.068	55.43121967547658
0.0688	349.2813609861635
0.06960000000000001	556.7418662304055
0.0704	625.0101438743558
0.0712	539.401413232384
0.07200000000000001	320.3806211076756
0.0728	21.37523369599038
0.0736	-280.28572982169743
0.07440000000000001	-512.7411113931184
0.0752	-621.1577807302515
0.076	-574.1355667675267
0.07680000000000001	-386.6715679797804
0.0776	-101.56998274697258
0.0784	208.05830385545775
0.0792	467.54008471983286
0.08	609.7005519202171
0.08080000000000001	602.8268577795275
0.0816	441.7637417861815
0.0824	175.72072937330506
0.08320000000000001	-133.90753857218172
0.084	-409.79213000128163
0.0848	-586.9456053293594
0.08560000000000001	-616.6274014012481
0.0864	-495.71313198189324
0.0872	-252.00990240184046
0.08800000000000001	55.58743979965548
0.0888	350.0624620906823
0.0896	556.5856459296187
0.09040000000000001	624.8539235450813
0.0912	539.401413232384
0.092	319.75574026656705
0.09280000000000001	21.531453810244965
0.0936	-280.1295097838098
0.0944	-512.8973313862814
0.0952	-621.3140007067823
0.096	-574.4480067343341
0.09680000000000001	-387.140228027305
0.0976	-102.03864298860893
0.0984	207.7458635118061
0.09920000000000001	467.696304985058
0.1	609.3881112746958
0.1008	602.5144171397909
0.10160000000000001	441.60752153097314
0.1024	175.4082890507594
0.1032	-133.90753857218172
0.10400000000000001	-410.1045700241241
0.1048	-586.4769453847498
0.1056	-616.9398413555703
0.10640000000000001	-495.4006919897765
0.1072	-251.69746231347557
0.108	54.96255930321661
0.10880000000000001	349.12514076542953
0.1096	556.273205328237
0.11040000000000001	625.1663642036967
0.11120000000000001	539.0889726450075
0.112	319.75574026656705
0.11280000000000001	21.531453810244965
0.1136	-279.81706970793215
0.1144	-512.8973313862814
0.11520000000000001	-621.7826606362424
0.116	-574.2917867509423
0.1168	-387.2964480430858
0.11760000000000001	-102.50730322988055
0.1184	207.7458635118061
0.1192	466.91520365954005
0.12000000000000001	609.8567722430764
0.1208	602.5144171397909
0.1216	441.9199620414499
0.12240000000000001	175.0958487284154
0.1232	-133.43887835500234
0.124	-410.1045700241241
0.12480000000000001	-586.4769453847498
0.12560000000000002	-616.9398413555703
0.1264	-495.55691198584816
0.1272	-251.8536823576756
0.128	55.11877942725713
0.1288	349.90624186966534
0.1296	557.054306832171
0.13040000000000002	625.1663642036967
0.1312	538.7765320578843
0.132	319.59952005642873
0.1328	21.531453810244965
0.1336	-279.9732897458881
0.13440000000000002	-512.8973313862814
0.13520000000000001	-621.6264406597778
0.136	-574.2917867509423
0.1368	-386.8277879956523
0.1376	-101.72620282755857
0.1384	208.05830385545775
0.13920000000000002	467.0714239245221
0.14	609.8567722430764
0.1408	603.4517390597882
0.1416	441.9199620414499
0.1424	175.72072937330506
0.1432	-134.21997871677107
0.14400000000000002	-410.2607900355009
0.1448	-586.9456053293594
0.1456	-616.7836213784203
0.1464	-495.55691198584816
0.1472	-252.00990240184046
0.14800000000000002	55.11877942725713
0.14880000000000002	349.43758120695406
0.1496	556.7418662304055
0.1504	625.4788048625777
0.1512	539.401413232384
0.152	320.06818068701017
0.15280000000000002	21.687673924544473
0.15360000000000001	-279.9732897458881
0.1544	-512.4286714067148
0.1552	-621.0015607536985
0.156	-574.4480067343341
0.1568	-386.8277879956523
0.15760000000000002	-101.257542585679
0.1584	208.21452402736094
0.1592	467.3838644546684
0.16	610.4816535351729
0.1608	602.5144171397909
0.16160000000000002	442.23240255216615
0.16240000000000002	175.72072937330506
0.1632	-133.43887835500234
0.164	-410.2607900355009
0.1648	-586.0082854399309
0.1656	-617.2522813098037
0.16640000000000002	-495.8693519779119
0.16720000000000002	-252.16612244597013
0.168	55.27499955134379
0.1688	349.2813609861635
0.1696	556.5856459296187
0.1704	624.8539235450813
0.17120000000000002	539.401413232384
0.17200000000000001	320.5368413180916
0.1728	21.37523369599038
0.1736	-280.1295097838098
0.1744	-513.5222113586743
0.1752	-621.1577807302515
0.17600000000000002	-574.2917867509423
0.1768	-386.9840080114938
0.1776	-101.56998274697258
0.1784	208.21452402736094
0.1792	467.3838644546684
0.18000000000000002	609.8567722430764
0.18080000000000002	602.8268577795275
0.1816	442.23240255216615
0.1824	176.18938985750157
0.1832	-133.751318499828
0.184	-410.2607900355009
0.18480000000000002	-586.6331653663096
0.18560000000000001	-616.6274014012481
0.1864	-496.02557197390405
0.1872	-252.32234249006464
0.188	54.80633917922217
0.1888	349.12514076542953
0.18960000000000002	556.4294256288958
0.1904	625.3225845331041
0.1912	539.2451929386641
0.192	319.9119604767609
0.1928	21.8438940388889
0.19360000000000002	-280.59816989737004
0.19440000000000002	-513.3659913656151
0.1952	-621.470220683291
0.196	-574.7604467010466
0.1968	-387.2964480430858
0.1976	-102.03864298860893
0.19840000000000002	207.4334231683606
0.19920000000000002	467.54008471983286
0.2	610.0129925660017
0.2008	602.6706374596264
0.2016	441.7637417861815
0.2024	175.4082890507594
0.20320000000000002	-133.751318499828
0.20400000000000001	-410.2607900355009
0.2048	-586.0082854399309
0.2056	-616.7836213784203
0.2064	-495.8693519779119
0.20720000000000002	-252.32234249006464
0.20800000000000002	55.11877942725713
0.2088	349.2813609861635
0.2096	556.8980865312562
0.2104	625.0101438743558
0.2112	538.9327523514143
0.21200000000000002	320.3806211076756
0.21280000000000002	21.687673924544473
0.2136	-280.44194985955085
0.2144	-513.0535513794184
0.2152	-620.6891208005267
0.216	-574.2917867509423
0.21680000000000002	-387.2964480430858
0.21760000000000002	-101.72620282755857
0.2184	208.21452402736094
0.2192	467.852525250344
0.22	609.3881112746958
0.22080000000000002	601.8895358611048
0.22160000000000002	441.9199620414499
0.22240000000000001	175.0958487284154
0.2232	-133.59509842743486
0.224	-410.2607900355009
0.2248	-586.4769453847498
0.22560000000000002	-617.2522813098037
0.22640000000000002	-495.71313198189324
0.2272	-252.16612244597013
0.228	55.58743979965548
0.2288	348.65648010356705
0.2296	556.8980865312562
0.23040000000000002	625.0101438743558
0.23120000000000002	539.713853820014
0.232	319.75574026656705
0.2328	21.37523369599038
0.2336	-280.44194985955085
0.23440000000000003	-512.8973313862814
0.23520000000000002	-621.470220683291
0.23600000000000002	-574.2917867509423
0.2368	-386.6715679797804
0.2376	-102.03864298860893
0.2384	207.90208368360615
0.23920000000000002	467.3838644546684
0.24000000000000002	610.0129925660017
0.24080000000000001	602.5144171397909
0.2416	441.60752153097314
0.2424	175.4082890507594
0.2432	-133.43887835500234
0.24400000000000002	-410.41701004684825
0.24480000000000002	-586.0082854399309
0.2456	-616.6274014012481
0.2464	-495.08825199755364
0.2472	-252.47856253412394
0.248	55.11877942725713
0.24880000000000002	348.96892054475205
0.24960000000000002	556.7418662304055
0.2504	625.1663642036967
0.25120000000000003	539.2451929386641
0.252	319.59952005642873
0.2528	21.687673924544473
0.2536	-280.1295097838098
0.2544	-512.4286714067148
0.25520000000000004	-621.0015607536985
0.256	-574.1355667675267
0.25680000000000003	-386.9840080114938
0.2576	-101.72620282755857
0.2584	208.05830385545775
0.2592	467.3838644546684
0.26	609.8567722430764
0.26080000000000003	602.2019765003167
0.2616	441.60752153097314
0.2624	175.56450921200704
0.2632	-133.43887835500234
0.264	-409.79213000128163
0.26480000000000004	-586.1645054215605
0.2656	-616.3149614468371
0.2664	-496.02557197390405
0.2672	-252.16612244597013
0.268	55.74365992388051
0.26880000000000004	349.43758120695406
0.2696	557.2105271331498
0.27040000000000003	625.3225845331041
0.2712	539.8700741139239
0.272	320.3806211076756
0.2728	21.8438940388889
0.2736	-280.1295097838098
0.27440000000000003	-512.8973313862814
0.2752	-621.0015607536985
0.276	-574.6042267177021
0.2768	-386.515347963878
0.2776	-101.72620282755857
0.27840000000000004	208.37074419931574
0.2792	467.54008471983286
0.28	610.0129925660017
0.2808	602.358196820021
0.2816	441.7637417861815
0.28240000000000004	176.03316969605228
0.2832	-133.12643821001905
0.28400000000000003	-410.1045700241241
0.2848	-586.3207254031668
0.2856	-617.0960613326981
0.2864	-495.55691198584816
0.2872	-252.16612244597013
0.28800000000000003	55.74365992388051
0.2888	349.43758120695406
0.2896	557.054306832171
0.2904	625.0101438743558
0.2912	539.0889726450075
0.29200000000000004	320.5368413180916
0.2928	21.8438940388889
0.2936	-279.9732897458881
0.2944	-512.8973313862814
0.2952	-621.470220683291
0.29600000000000004	-574.4480067343341
0.2968	-387.140228027305
0.29760000000000003	-101.56998274697258
0.2984	207.7458635118061
0.2992	467.696304985058
0.3	610.32543321205
0.3008	602.8268577795275
0.30160000000000003	441.60752153097314
0.3024	175.4082890507594
0.3032	-133.751318499828
0.304	-409.6359099898161
0.3048	-586.4769453847498
0.30560000000000004	-616.3149614468371
0.3064	-495.71313198189324
0.30720000000000003	-252.00990240184046
0.308	54.65011905527385
0.3088	349.2813609861635
0.30960000000000004	556.8980865312562
0.3104	625.0101438743558
0.31120000000000003	539.713853820014
0.312	319.9119604767609
0.3128	21.37523369599038
0.3136	-280.91060997290606
0.3144	-512.7411113931184
0.31520000000000004	-621.470220683291
0.316	-574.6042267177021
0.3168	-386.515347963878
0.3176	-101.72620282755857
0.3184	207.90208368360615
0.31920000000000004	467.852525250344
0.32	610.4816535351729
0.32080000000000003	603.1392984195267
0.3216	441.7637417861815
0.3224	176.03316969605228
0.32320000000000004	-133.28265828253038
0.324	-410.41701004684825
0.32480000000000003	-586.3207254031668
0.3256	-616.7836213784203
0.3264	-495.8693519779119
0.3272	-252.79100262213709
0.328	54.96255930321661
0.32880000000000004	349.2813609861635
0.3296	556.5856459296187
0.3304	625.3225845331041
0.3312	539.713853820014
0.332	320.3806211076756
0.33280000000000004	21.37523369599038
0.3336	-280.59816989737004
0.33440000000000003	-512.7411113931184
0.3352	-621.3140007067823
0.336	-574.1355667675267
0.33680000000000004	-386.515347963878
0.3376	-101.56998274697258
0.33840000000000003	207.90208368360615
0.3392	467.696304985058
0.34	609.7005519202171
0.3408	602.358196820021
0.3416	442.23240255216615
0.34240000000000004	175.72072937330506
0.3432	-133.43887835500234
0.34400000000000003	-409.79213000128163
0.3448	-586.6331653663096
0.3456	-616.9398413555703
0.34640000000000004	-495.55691198584816
0.3472	-252.47856253412394
0.34800000000000003	54.80633917922217
0.3488	349.43758120695406
0.3496	556.273205328237
0.3504	624.8539235450813
0.3512	540.4949552901978
0.35200000000000004	319.9119604767609
0.3528	22.000114153278265
0.3536	-280.1295097838098
0.3544	-513.0535513794184
0.3552	-621.9388806126854
0.35600000000000004	-574.2917867509423
0.3568	-386.35912794794535
0.35760000000000003	-102.03864298860893
0.3584	208.21452402736094
0.3592	467.696304985058
0.36000000000000004	609.3881112746958
0.3608	602.2019765003167
0.36160000000000003	441.60752153097314
0.3624	175.87694953465348
0.3632	-134.21997871677107
0.364	-409.94835001271764
0.3648	-586.4769453847498
0.36560000000000004	-616.9398413555703
0.3664	-496.02557197390405
0.3672	-252.63478257814808
0.368	54.80633917922217
0.3688	349.75002164870494
0.36960000000000004	556.7418662304055
0.3704	625.1663642036967
0.37120000000000003	540.0262944078974
0.372	320.06818068701017
0.3728	21.219013581780715
0.37360000000000004	-279.81706970793215
0.3744	-512.7411113931184
0.37520000000000003	-621.9388806126854
0.376	-574.6042267177021
0.3768	-386.8277879956523
0.3776	-102.03864298860893
0.3784	207.58964334005756
0.37920000000000004	467.3838644546684
0.38	609.7005519202171
0.3808	602.2019765003167
0.3816	441.60752153097314
0.3824	176.03316969605228
0.38320000000000004	-133.751318499828
0.384	-410.2607900355009
0.38480000000000003	-586.4769453847498
0.3856	-617.0960613326981
0.3864	-495.8693519779119
0.38720000000000004	-252.47856253412394
0.388	54.80633917922217
0.38880000000000003	349.12514076542953
0.3896	556.8980865312562
0.3904	625.0101438743558
0.3912	539.713853820014
0.392	319.9119604767609
0.39280000000000004	21.37523369599038
0.3936	-280.1295097838098
0.39440000000000003	-512.7411113931184
0.3952	-621.470220683291
0.396	-574.7604467010466
0.39680000000000004	-387.140228027305
0.3976	-101.88242290810399
0.39840000000000003	207.90208368360615
0.3992	467.54008471983286
0.4	609.7005519202171
0.40080000000000005	602.5144171397909
0.4016	441.60752153097314
0.40240000000000004	175.56450921200704
0.4032	-134.06375864449606
0.404	-409.79213000128163
0.4048	-586.1645054215605
0.4056	-616.9398413555703
0.40640000000000004	-495.55691198584816
0.4072	-252.47856253412394
0.40800000000000003	55.11877942725713
0.4088	349.59380142780117
0.4096	556.5856459296187
0.41040000000000004	625.1663642036967
0.4112	540.1825147019342
0.41200000000000003	320.5368413180916
0.4128	22.156334267712566
0.4136	-279.81706970793215
0.41440000000000005	-512.8973313862814
0.4152	-621.470220683291
0.41600000000000004	-573.8231268006246
0.4168	-387.140228027305
0.4176	-101.56998274697258
0.4184	207.58964334005756
0.4192	467.54008471983286
0.42000000000000004	609.2318909520338
0.4208	602.5144171397909
0.42160000000000003	441.9199620414499
0.4224	176.03316969605228
0.4232	-133.90753857218172
0.42400000000000004	-409.79213000128163
0.4248	-586.0082854399309
0.42560000000000003	-616.1587414695983
0.4264	-495.24447199367836
0.4272	-252.79100262213709
0.42800000000000005	54.80633917922217
0.4288	349.59380142780117
0.42960000000000004	557.2105271331498
0.4304	624.6977032158733
0.4312	540.0262944078974
0.432	320.22440089731515
0.4328	21.687673924544473
0.43360000000000004	-279.9732897458881
0.4344	-512.1162314202074
0.43520000000000003	-622.2513205655047
0.436	-574.2917867509423
0.4368	-386.515347963878
0.43760000000000004	-101.72620282755857
0.4384	207.90208368360615
0.43920000000000003	467.852525250344
0.44	610.0129925660017
0.4408	602.6706374596264
0.44160000000000005	442.07618229677803
0.4424	176.03316969605228
0.44320000000000004	-133.751318499828
0.444	-409.94835001271764
0.44480000000000003	-585.8520654582779
0.4456	-616.9398413555703
0.4464	-495.71313198189324
0.44720000000000004	-252.47856253412394
0.448	55.27499955134379
0.44880000000000003	348.96892054475205
0.4496	556.7418662304055
0.4504	625.7912455217245
0.45120000000000005	539.5576335261674
0.452	319.59952005642873
0.45280000000000004	21.687673924544473
0.4536	-280.1295097838098
0.4544	-512.8973313862814
0.45520000000000005	-621.7826606362424
0.456	-574.1355667675267
0.45680000000000004	-387.4526680588363
0.4576	-102.03864298860893
0.45840000000000003	207.58964334005756
0.4592	467.54008471983286
0.46	610.0129925660017
0.46080000000000004	602.358196820021
0.4616	441.7637417861815
0.46240000000000003	175.4082890507594
0.4632	-133.751318499828
0.464	-409.6359099898161
0.46480000000000005	-586.6331653663096
0.4656	-616.9398413555703
0.46640000000000004	-496.1817919698697
0.4672	-252.16612244597013
0.468	54.493898931371625
0.46880000000000005	348.8127003241313
0.4696	556.273205328237
0.47040000000000004	624.8539235450813
0.4712	539.5576335261674
0.47200000000000003	319.59952005642873
0.4728	21.687673924544473
0.4736	-280.28572982169743
0.47440000000000004	-513.0535513794184
0.4752	-621.7826606362424
0.47600000000000003	-574.4480067343341
0.4768	-386.6715679797804
0.4776	-101.88242290810399
0.47840000000000005	207.7458635118061
0.4792	468.00874551569075
0.48000000000000004	609.3881112746958
0.4808	602.358196820021
0.48160000000000003	441.45130127582456
0.4824	175.87694953465348
0.4832	-133.90753857218172
0.48400000000000004	-410.1045700241241
0.4848	-586.3207254031668
0.48560000000000003	-617.4085012868873
0.4864	-496.02557197390405
0.4872	-252.47856253412394
0.48800000000000004	54.96255930321661
0.4888	349.12514076542953
0.48960000000000004	556.273205328237
0.4904	625.0101438743558
0.4912	539.713853820014
0.49200000000000005	319.9119604767609
0.4928	21.687673924544473
0.49360000000000004	-280.1295097838098
0.4944	-512.8973313862814
0.49520000000000003	-621.7826606362424
0.496	-574.1355667675267
0.4968	-386.8277879956523
0.49760000000000004	-102.1948630690733
0.4984	207.90208368360615
0.49920000000000003	467.54008471983286
0.5	609.3881112746958
0.5008	602.2019765003167
0.5016	441.45130127582456
0.5024000000000001	175.72072937330506
0.5032	-133.751318499828
0.504	-410.2607900355009
0.5048	-586.4769453847498
0.5056	-617.2522813098037
0.5064000000000001	-495.55691198584816
0.5072	-252.63478257814808
0.508	54.65011905527385
0.5088	348.96892054475205
0.5096	556.4294256288958
0.5104000000000001	625.1663642036967
0.5112	539.8700741139239
0.512	319.9119604767609
0.5128	22.000114153278265
0.5136000000000001	-279.81706970793215
0.5144000000000001	-513.2097713725296
0.5152	-621.6264406597778
0.516	-574.7604467010466
0.5168	-386.515347963878
0.5176000000000001	-101.56998274697258
0.5184	207.58964334005756
0.5192	467.852525250344
0.52	609.2318909520338
0.5208	602.2019765003167
0.5216000000000001	442.07618229677803
0.5224	175.87694953465348
0.5232	-133.751318499828
0.524	-409.479689978321
0.5248	-586.1645054215605
0.5256000000000001	-616.7836213784203
0.5264	-495.8693519779119
0.5272	-252.32234249006464
0.528	54.65011905527385
0.5288	349.2813609861635
0.5296000000000001	556.8980865312562
0.5304	625.3225845331041
0.5312	539.8700741139239
0.532	319.75574026656705
0.5328	22.000114153278265
0.5336000000000001	-279.19218955576645
0.5344	-512.4286714067148
0.5352	-621.1577807302515
0.536	-573.6669068171379
0.5368	-386.6715679797804
0.5376000000000001	-102.1948630690733
0.5384	208.68318454337995
0.5392	467.852525250344
0.54	609.5443315974235
0.5408000000000001	602.8268577795275
0.5416000000000001	441.60752153097314
0.5424	176.34561001900127
0.5432	-133.751318499828
0.544	-409.479689978321
0.5448000000000001	-585.8520654582779
0.5456	-617.0960613326981
0.5464	-495.8693519779119
0.5472	-252.47856253412394
0.548	55.27499955134379
0.5488000000000001	349.12514076542953
0.5496	556.7418662304055
0.5504	625.7912455217245
0.5512	539.713853820014
0.552	320.5368413180916
0.5528000000000001	21.8438940388889
0.5536	-279.660849669942
0.5544	-512.8973313862814
0.5552	-621.6264406597778
0.556	-573.9793467840875
0.5568000000000001	-386.8277879956523
0.5576	-102.03864298860893
0.5584	207.90208368360615
0.5592	467.2276441895649
0.56	609.7005519202171
0.5608000000000001	602.5144171397909
0.5616	441.9199620414499
0.5624	176.18938985750157
0.5632	-133.90753857218172
0.5640000000000001	-409.6359099898161
0.5648000000000001	-586.1645054215605
0.5656	-617.0960613326981
0.5664	-496.33801196580885
0.5672	-252.63478257814808
0.5680000000000001	55.27499955134379
0.5688	348.65648010356705
0.5696	556.5856459296187
0.5704	625.7912455217245
0.5712	539.2451929386641
0.5720000000000001	320.3806211076756
0.5728	21.8438940388889
0.5736	-279.81706970793215
0.5744	-513.2097713725296
0.5752	-621.0015607536985
0.5760000000000001	-574.1355667675267
0.5768	-386.8277879956523
0.5776	-102.1948630690733
0.5784	207.90208368360615
0.5792	467.54008471983286
0.5800000000000001	609.2318909520338
0.5808	602.2019765003167
0.5816	441.7637417861815
0.5824	175.72072937330506
0.5832	-133.751318499828
0.5840000000000001	-409.479689978321
0.5848	-586.3207254031668
0.5856	-616.9398413555703
0.5864	-496.1817919698697
0.5872	-252.47856253412394
0.5880000000000001	54.65011905527385
0.5888	348.5002598830594
0.5896	556.8980865312562
0.5904	625.635025192118
0.5912000000000001	539.5576335261674
0.5920000000000001	320.06818068701017
0.5928	21.8438940388889
0.5936	-280.1295097838098
0.5944	-512.8973313862814
0.5952000000000001	-621.3140007067823
0.596	-574.1355667675267
0.5968	-386.8277879956523
0.5976	-102.35108314949719
0.5984	207.90208368360615
0.5992000000000001	467.2276441895649
0.6	610.0129925660017
0.6008	602.6706374596264
0.6016	441.9199620414499
0.6024	175.87694953465348
0.6032000000000001	-133.751318499828
0.604	-409.3234699667963
0.6048	-586.4769453847498
0.6056	-617.2522813098037
0.6064	-496.33801196580885
0.6072000000000001	-252.16612244597013
0.608	55.11877942725713
0.6088	348.8127003241313
0.6096	556.7418662304055
0.6104	625.635025192118
0.6112000000000001	539.401413232384
0.612	319.75574026656705
0.6128	21.687673924544473
0.6136	-280.1295097838098
0.6144000000000001	-513.0535513794184
0.6152000000000001	-621.6264406597778
0.616	-574.6042267177021
0.6168	-387.76510809024614
0.6176	-102.1948630690733
0.6184000000000001	208.05830385545775
0.6192000000000001	466.91520365954005
0.62	609.5443315974235
0.6208	602.5144171397909
0.6216	441.9199620414499
0.6224000000000001	176.03316969605228
0.6232	-133.43887835500234
0.624	-409.79213000128163
0.6248	-585.5396254949022
0.6256	-617.2522813098037
0.6264000000000001	-496.49423196172154
0.6272	-252.63478257814808
0.628	54.96255930321661
0.6288	349.43758120695406
0.6296	557.054306832171
0.6304000000000001	625.7912455217245
0.6312	540.0262944078974
0.632	320.06818068701017
0.6328	22.000114153278265
0.6336	-280.28572982169743
0.6344000000000001	-513.0535513794184
0.6352	-620.8453407771236
0.636	-574.1355667675267
0.6368	-386.8277879956523
0.6376000000000001	-102.1948630690733
0.6384000000000001	207.90208368360615
0.6392	467.0714239245221
0.64	609.5443315974235
0.6408	602.5144171397909
0.6416000000000001	442.23240255216615
0.6424000000000001	176.03316969605228
0.6432	-133.28265828253038
0.644	-408.8548099320447
0.6448	-586.3207254031668
0.6456000000000001	-617.2522813098037
0.6464000000000001	-496.33801196580885
0.6472	-252.32234249006464
0.648	54.65011905527385
0.6488	348.5002598830594
0.6496000000000001	557.2105271331498
0.6504	625.0101438743558
0.6512	539.2451929386641
0.652	319.75574026656705
0.6528	21.531453810244965
0.6536000000000001	-280.28572982169743
0.6544	-512.5848913999296
0.6552	-620.8453407771236
0.656	-574.1355667675267
0.6568	-386.6715679797804
0.6576000000000001	-102.1948630690733
0.6584	207.58964334005756
0.6592	466.75898339461884
0.66	609.3881112746958
0.6608	602.6706374596264
0.6616000000000001	441.9199620414499
0.6624	175.56450921200704
0.6632	-133.59509842743486
0.664	-409.79213000128163
0.6648000000000001	-585.8520654582779
0.6656000000000001	-616.9398413555703
0.6664	-496.1817919698697
0.6672	-252.16612244597013
0.668	54.96255930321661
0.6688000000000001	349.59380142780117
0.6696000000000001	557.054306832171
0.6704	625.3225845331041
0.6712	540.0262944078974
0.672	320.22440089731515
0.6728000000000001	22.000114153278265
0.6736000000000001	-279.9732897458881
0.6744	-512.5848913999296
0.6752	-621.0015607536985
0.676	-574.1355667675267
0.6768000000000001	-386.0466879159886
0.6776	-101.88242290810399
0.6784	208.05830385545775
0.6792	467.0714239245221
0.68	609.8567722430764
0.6808000000000001	602.358196820021
0.6816	442.544843063122
0.6824	176.18938985750157
0.6832	-133.59509842743486
0.684	-409.167249955242
0.6848000000000001	-585.8520654582779
0.6856	-616.9398413555703
0.6864	-496.49423196172154
0.6872	-252.9472226660909
0.6880000000000001	54.493898931371625
0.6888000000000001	348.96892054475205
0.6896	557.5229677352991
0.6904	625.0101438743558
0.6912	539.5576335261674
0.6920000000000001	320.22440089731515
0.6928000000000001	21.687673924544473
0.6936	-280.28572982169743
0.6944	-513.2097713725296
0.6952	-621.470220683291
0.6960000000000001	-574.4480067343341
0.6968000000000001	-386.9840080114938
0.6976	-101.88242290810399
0.6984	207.90208368360615
0.6992	467.2276441895649
0.7000000000000001	608.9194503069078
0.7008	602.8268577795275
0.7016	441.9199620414499
0.7024	175.56450921200704
0.7032	-133.90753857218172
0.7040000000000001	-409.79213000128163
0.7048	-586.3207254031668
0.7056	-617.8771612180045
0.7064	-496.33801196580885
0.7072	-252.63478257814808
0.7080000000000001	54.493898931371625
0.7088	348.96892054475205
0.7096	557.054306832171
0.7104	625.4788048625777
0.7112	539.5576335261674
0.7120000000000001	319.75574026656705
0.7128	22.000114153278265
0.7136	-279.9732897458881
0.7144	-512.7411113931184
0.7152000000000001	-620.8453407771236
0.7160000000000001	-574.1355667675267
0.7168	-386.35912794794535
0.7176	-101.88242290810399
0.7184	207.90208368360615
0.7192000000000001	467.54008471983286
0.7200000000000001	609.8567722430764
0.7208	602.2019765003167
0.7216	441.9199620414499
0.7224	176.34561001900127
0.7232000000000001	-133.751318499828
0.7240000000000001	-409.79213000128163
0.7248	-586.1645054215605
0.7256	-617.2522813098037
0.7264	-496.02557197390405
0.7272000000000001	-252.79100262213709
0.728	54.96255930321661
0.7288	349.12514076542953
0.7296	556.7418662304055
0.7304	625.4788048625777
0.7312000000000001	539.5576335261674
0.732	320.22440089731515
0.7328	21.531453810244965
0.7336	-280.28572982169743
0.7344	-512.8973313862814
0.7352000000000001	-621.6264406597778
0.736	-574.6042267177021
0.7368	-387.2964480430858
0.7376	-102.50730322988055
0.7384000000000001	208.05830385545775
0.7392000000000001	467.0714239245221
0.74	609.7005519202171
0.7408	602.5144171397909
0.7416	441.60752153097314
0.7424000000000001	175.87694953465348
0.7432000000000001	-133.59509842743486
0.744	-409.479689978321
0.7448	-586.4769453847498
0.7456	-617.8771612180045
0.7464000000000001	-496.33801196580885
0.7472000000000001	-252.63478257814808
0.748	54.493898931371625
0.7488	348.96892054475205
0.7496	556.8980865312562
0.7504000000000001	625.3225845331041
0.7512000000000001	539.0889726450075
0.752	320.06818068701017
0.7528	21.531453810244965
0.7536	-280.28572982169743
0.7544000000000001	-512.5848913999296
0.7552	-621.470220683291
0.756	-574.4480067343341
0.7568	-386.6715679797804
0.7576	-101.72620282755857
0.7584000000000001	207.7458635118061
0.7592	467.3838644546684
0.76	609.5443315974235
0.7608	602.2019765003167
0.7616	442.07618229677803
0.7624000000000001	176.03316969605228
0.7632	-133.28265828253038
0.764	-410.1045700241241
0.7648	-586.4769453847498
0.7656000000000001	-617.4085012868873
0.7664000000000001	-496.1817919698697
0.7672	-252.63478257814808
0.768	54.80633917922217
0.7688	349.2813609861635
0.7696000000000001	557.054306832171
0.7704000000000001	625.0101438743558
0.7712	539.401413232384
0.772	319.75574026656705
0.7728	21.687673924544473
0.7736000000000001	-280.28572982169743
0.7744000000000001	-512.8973313862814
0.7752	-621.1577807302515
0.776	-574.1355667675267
0.7768	-387.140228027305
0.7776000000000001	-101.88242290810399
0.7784000000000001	207.90208368360615
0.7792	467.0714239245221
0.78	609.3881112746958
0.7808	602.8268577795275
0.7816000000000001	442.8572835743175
0.7824	176.03316969605228
0.7832	-133.28265828253038
0.784	-409.94835001271764
0.7848	-586.6331653663096
0.7856000000000001	-617.5647212639485
0.7864	-495.8693519779119
0.7872	-252.16612244597013
0.788	54.337678807515495
0.7888000000000001	348.65648010356705
0.7896000000000001	556.5856459296187
0.7904	625.1663642036967
0.7912	539.5576335261674
0.792	319.9119604767609
0.7928000000000001	22.156334267712566
0.7936000000000001	-280.28572982169743
0.7944	-512.8973313862814
0.7952	-621.3140007067823
0.796	-574.1355667675267
0.7968000000000001	-386.8277879956523
0.7976000000000001	-101.88242290810399
0.7984	208.05830385545775
0.7992	467.2276441895649
0.8	609.3881112746958
0.8008000000000001	602.5144171397909
0.8016000000000001	442.23240255216615
0.8024	176.03316969605228
0.8032	-133.43887835500234
0.804	-409.79213000128163
0.8048000000000001	-586.3207254031668
0.8056000000000001	-617.2522813098037
0.8064	-495.71313198189324
0.8072	-252.47856253412394
0.808	54.80633917922217
0.8088000000000001	348.8127003241313
0.8096	557.5229677352991
0.8104	625.1663642036967
0.8112	539.2451929386641
0.812	320.06818068701017
0.8128000000000001	21.8438940388889
0.8136	-280.1295097838098
0.8144	-512.1162314202074
0.8152	-621.3140007067823
0.8160000000000001	-574.1355667675267
0.8168000000000001	-386.9840080114938
0.8176	-101.88242290810399
0.8184	208.21452402736094
0.8192	467.2276441895649
0.8200000000000001	609.7005519202171
0.8208000000000001	603.1392984195267
0.8216	442.07618229677803
0.8224	176.03316969605228
0.8232	-133.28265828253038
0.8240000000000001	-409.3234699667963
0.8248000000000001	-586.6331653663096
0.8256	-617.5647212639485
0.8264	-496.33801196580885
0.8272	-252.16612244597013
0.8280000000000001	54.80633917922217
0.8288000000000001	349.43758120695406
0.8296	557.054306832171
0.8304	625.0101438743558
0.8312	539.2451929386641
0.8320000000000001	320.3806211076756
0.8328	21.531453810244965
0.8336	-279.9732897458881
0.8344	-512.7411113931184
0.8352	-621.3140007067823
0.8360000000000001	-574.1355667675267
0.8368	-387.2964480430858
0.8376	-102.35108314949719
0.8384	207.4334231683606
0.8392000000000001	467.3838644546684
0.8400000000000001	610.0129925660017
0.8408	602.5144171397909
0.8416	441.7637417861815
0.8424	176.18938985750157
0.8432000000000001	-133.90753857218172
0.8440000000000001	-409.79213000128163
0.8448	-586.4769453847498
0.8456	-617.4085012868873
0.8464	-495.8693519779119
0.8472000000000001	-252.9472226660909
0.8480000000000001	54.493898931371625
0.8488	348.96892054475205
0.8496	557.054306832171
0.8504	625.0101438743558
0.8512000000000001	539.5576335261674
0.8520000000000001	319.75574026656705
0.8528	21.8438940388889
0.8536	-280.44194985955085
0.8544	-512.4286714067148
0.8552000000000001	-621.0015607536985
0.8560000000000001	-574.1355667675267
0.8568	-387.76510809024614
0.8576	-102.35108314949719
0.8584	207.12098282512127
0.8592000000000001	467.0714239245221
0.86	609.2318909520338
0.8608	602.8268577795275
0.8616	442.23240255216615
0.8624	176.18938985750157
0.8632000000000001	-133.59509842743486
0.864	-409.479689978321
0.8648	-586.3207254031668
0.8656	-617.5647212639485
0.8664000000000001	-496.33801196580885
0.8672000000000001	-252.79100262213709
0.868	54.337678807515495
0.8688	348.96892054475205
0.8696	556.7418662304055
0.8704000000000001	624.6977032158733
0.8712000000000001	539.0889726450075
0.872	320.06818068701017
0.8728	21.062793467615954
0.8736	-280.1295097838098
0.8744000000000001	-512.5848913999296
0.8752000000000001	-621.0015607536985
0.876	-574.6042267177021
0.8768	-387.4526680588363
0.8776	-102.35108314949719
0.8784000000000001	207.58964334005756
0.8792000000000001	466.91520365954005
0.88	609.0756706294379
0.8808	602.8268577795275
0.8816	441.9199620414499
0.8824000000000001	176.34561001900127
0.8832000000000001	-132.97021813746827
0.884	-409.479689978321
0.8848	-586.4769453847498
0.8856	-617.0960613326981
0.8864000000000001	-495.4006919897765
0.8872	-252.63478257814808
0.888	54.181458683705465
0.8888	348.65648010356705
0.8896000000000001	556.5856459296187
0.8904000000000001	625.0101438743558
0.8912	539.5576335261674
0.892	320.06818068701017
0.8928	21.219013581780715
0.8936000000000001	-280.1295097838098
0.8944000000000001	-512.5848913999296
0.8952	-621.470220683291
0.896	-574.1355667675267
0.8968	-387.4526680588363
0.8976000000000001	-102.66352331022343
0.8984000000000001	207.58964334005756
0.8992	467.2276441895649
0.9	609.8567722430764
0.9008	603.1392984195267
0.9016000000000001	442.38862280761407
0.9024000000000001	175.87694953465348
0.9032	-133.28265828253038
0.904	-409.79213000128163
0.9048	-586.7893853478461
0.9056000000000001	-617.2522813098037
0.9064000000000001	-495.4006919897765
0.9072	-252.16612244597013
0.908	54.65011905527385
0.9088	349.12514076542953
0.9096000000000001	556.4294256288958
0.9104000000000001	625.0101438743558
0.9112	538.9327523514143
0.912	320.22440089731515
0.9128000000000001	22.156334267712566
0.9136000000000001	-280.1295097838098
0.9144	-512.5848913999296
0.9152	-621.3140007067823
0.916	-574.6042267177021
0.9168000000000001	-387.6088880745564
0.9176000000000001	-102.35108314949719
0.9184	208.05830385545775
0.9192	468.47740631209604
0.92	609.3881112746958
0.9208000000000001	602.8268577795275
0.9216000000000001	442.23240255216615
0.9224	176.65805034215194
0.9232	-134.06375864449606
0.924	-409.167249955242
0.9248000000000001	-586.3207254031668
0.9256000000000001	-616.3149614468371
0.9264	-495.71313198189324
0.9272	-252.63478257814808
0.928	54.65011905527385
0.9288000000000001	349.43758120695406
0.9296000000000001	557.2105271331498
0.9304	625.1663642036967
0.9312	539.2451929386641
0.932	320.22440089731515
0.9328000000000001	22.000114153278265
0.9336000000000001	-280.1295097838098
0.9344	-512.7411113931184
0.9352	-621.470220683291
0.936	-574.1355667675267
0.9368000000000001	-387.2964480430858
0.9376000000000001	-102.50730322988055
0.9384	207.7458635118061
0.9392	467.2276441895649
0.9400000000000001	609.3881112746958
0.9408000000000001	603.1392984195267
0.9416	442.544843063122
0.9424	176.18938985750157
0.9432	-133.28265828253038
0.9440000000000001	-409.79213000128163
0.9448000000000001	-586.4769453847498
0.9456	-617.8771612180045
0.9464	-495.4006919897765
0.9472	-252.63478257814808
0.9480000000000001	54.65011905527385
0.9488000000000001	349.12514076542953
0.9496	557.054306832171
0.9504	625.4788048625777
0.9512	539.5576335261674
0.9520000000000001	320.06818068701017
0.9528000000000001	22.31255438219181
0.9536	-280.59816989737004
0.9544	-512.4286714067148
0.9552	-621.470220683291
0.9560000000000001	-574.6042267177021
0.9568000000000001	-387.2964480430858
0.9576	-102.66352331022343
0.9584	207.4334231683606
0.9592	467.2276441895649
0.9600000000000001	609.2318909520338
0.9608000000000001	603.4517390597882
0.9616	442.38862280761407
0.9624	176.03316969605228
0.9632000000000001	-132.97021813746827
0.9640000000000001	-409.479689978321
0.9648	-586.4769453847498
0.9656	-617.0960613326981
0.9664	-495.8693519779119
0.9672000000000001	-252.32234249006464
0.9680000000000001	54.337678807515495
0.9688	348.96892054475205
0.9696	556.7418662304055
0.9704	624.6977032158733
0.9712000000000001	539.401413232384
0.9720000000000001	320.22440089731515
0.9728	21.687673924544473
0.9736	-280.28572982169743
0.9744	-512.5848913999296
0.9752000000000001	-621.470220683291
0.9760000000000001	-574.1355667675267
0.9768	-386.9840080114938
0.9776	-101.88242290810399
0.9784	206.9647626535789
0.9792000000000001	466.75898339461884
0.9800000000000001	609.7005519202171
0.9808	603.1392984195267
0.9816	442.38862280761407
0.9824	175.72072937330506
0.9832000000000001	-133.43887835500234
0.9840000000000001	-409.479689978321
0.9848	-586.4769453847498
0.9856	-617.2522813098037
0.9864	-495.71313198189324
0.9872000000000001	-252.79100262213709
0.9880000000000001	54.337678807515495
0.9888	349.2813609861635
0.9896	557.054306832171
0.9904000000000001	625.0101438743558
0.9912000000000001	539.5576335261674
0.992	320.06818068701017
0.9928	22.000114153278265
0.9936	-279.9732897458881
0.9944000000000001	-512.8973313862814
0.9952000000000001	-621.6264406597778
0.996	-574.6042267177021
0.9968	-387.4526680588363
0.9976	-102.1948630690733
0.9984000000000001	207.4334231683606
0.9992000000000001	467.2276441895649
