0	-349.7562813289857
0.0008	-48.40779213219609
0.0016	264.03248793333455
0.0024000000000000002	514.7659652241531
0.0032	638.4924491880528
0.004	432.2816644923921
0.0048000000000000004	416.9720802197232
0.0056	131.55778565287238
0.0064	-184.4754785518157
0.007200000000000001	-454.7361297118964
0.008	-614.236738922492
0.0088	-618.2984583206203
0.009600000000000001	-471.45166984160016
0.010400000000000001	-204.94030599090237
0.0112	111.87404758519627
0.012	402.9122584269508
0.0128	594.2820973470978
0.013600000000000001	639.5859915270108
0.014400000000000001	526.3262663187593
0.0152	284.6535534526165
0.016	-26.536978556152757
0.016800000000000002	-328.9790180314595
0.0176	-550.8114263133218
0.0184	-636.1075355070358
0.019200000000000002	-561.5906053312358
0.02	-350.0687213742731
0.020800000000000003	-48.095351944131124
0.0216	264.03248793333455
0.0224	514.45352465878
0.023200000000000002	638.0237881866442
0.024	600.0622490550693
0.024800000000000003	417.753181444385
0.0256	131.24534536006928
0.0264	-184.63169861102355
0.027200000000000002	-455.67344972754984
0.028	-614.5491788767255
0.028800000000000003	-618.9233382266996
0.0296	-471.45166984160016
0.0304	-205.40896615382644
0.031200000000000002	110.93672674394318
0.032	401.3500560348075
0.0328	594.2820973470978
0.033600000000000005	638.6486695219893
0.0344	526.0138257441236
0.0352	283.7162322722609
0.036000000000000004	-26.849418756009523
0.0368	-329.2914580852508
0.0376	-551.2800862730295
0.038400000000000004	-636.1075355070358
0.0392	-562.5279252403965
0.04	-350.8498214869387
0.0408	-49.81377297639359
0.041600000000000005	263.7200475538745
0.0424	513.6724232464389
0.0432	637.3989068523674
0.044000000000000004	598.9687068331867
0.0448	416.6596397302708
0.0456	130.7766849212301
0.046400000000000004	-185.2565788474802
0.0472	-456.1421097350007
0.048	-615.1740587849263
0.0488	-619.860658085158
0.049600000000000005	-471.7641098410305
0.0504	-206.1900664246317
0.0512	110.4680663239648
0.052000000000000005	401.3500560348075
0.0528	593.5009957717934
0.0536	638.3362288541831
0.054400000000000004	525.2327243086328
0.055200000000000006	283.40379187924236
0.056	-27.78673935454556
0.0568	-329.91633819244527
0.057600000000000005	-551.4363062595498
0.0584	-636.8886353772034
0.0592	-562.5279252403965
0.060000000000000005	-350.3811614194341
0.0608	-49.50133278909028
0.0616	263.25138698508533
0.062400000000000004	513.6724232464389
0.0632	638.1800085203802
0.064	497.7379547739277
0.0648	414.9412170424923
0.0656	130.46424462891423
0.0664	-184.63169861102355
0.06720000000000001	-455.51722972501057
0.068	-614.5491788767255
0.0688	-619.7044381088032
0.06960000000000001	-471.295449841844
0.0704	-206.1900664246317
0.0712	110.93672674394318
0.07200000000000001	401.6624965127692
0.0728	593.5009957717934
0.0736	647.0845676538966
0.07440000000000001	529.2944517903335
0.0752	283.5600120757246
0.076	-27.78673935454556
0.07680000000000001	-329.1352380583713
0.0776	-551.4363062595498
0.0784	-637.3572952990473
0.0792	-562.5279252403965
0.08	-350.5373814419672
0.08080000000000001	-49.032672507818084
0.0816	263.09516679559584
0.0824	514.45352465878
0.08320000000000001	638.3362288541831
0.084	428.2199379972751
0.0848	415.7223182633269
0.08560000000000001	131.55778565287238
0.0864	-184.4754785518157
0.0872	-455.20478971984846
0.08800000000000001	-613.9242989681699
0.0888	-618.610898273704
0.0896	-470.8267898424119
0.09040000000000001	-205.40896615382644
0.0912	111.24916702416878
0.092	401.6624965127692
0.09280000000000001	594.2820973470978
0.0936	647.7094490047733
0.0944	533.9810604759102
0.0952	283.7162322722609
0.096	-27.161858955693887
0.09680000000000001	-328.66657797753885
0.0976	-550.4989863400612
0.0984	-636.1075355070358
0.09920000000000001	-561.746825316156
0.1	-349.7562813289857
0.1008	-48.40779213219609
0.10160000000000001	264.3449283130083
0.1024	514.6097449414353
0.1032	638.4924491880528
0.10400000000000001	541.4796344909626
0.1048	417.1283004645377
0.1056	132.02644609244263
0.10640000000000001	-183.85059831460933
0.1072	-454.57990970918996
0.108	-613.9242989681699
0.10880000000000001	-618.1422383440454
0.1096	-470.67056984254657
0.11040000000000001	-205.40896615382644
0.11120000000000001	111.87404758519627
0.112	402.4435977086948
0.11280000000000001	594.5945379776759
0.1136	639.7422118614148
0.1144	526.6387068936461
0.11520000000000001	284.4973332557551
0.116	-27.005638855873254
0.1168	-328.9790180314595
0.11760000000000001	-550.4989863400612
0.1184	-635.951315532938
0.1192	-561.9030453010522
0.12000000000000001	-350.0687213742731
0.1208	-49.032672507818084
0.1216	264.03248793333455
0.12240000000000001	515.2346260726804
0.1232	639.1173305241992
0.124	600.0622490550693
0.12480000000000001	417.9094016894942
0.12560000000000002	131.87022594587046
0.1264	-184.16303843328754
0.1272	-454.7361297118964
0.128	-615.0178388079094
0.1288	-619.2357781796071
0.1296	-471.295449841844
0.13040000000000002	-206.34628647868257
0.1312	111.24916702416878
0.132	401.3500560348075
0.1328	593.6572160867239
0.1336	638.6486695219893
0.13440000000000002	525.5451648826406
0.13520000000000001	283.40379187924236
0.136	-27.78673935454556
0.1368	-329.4476781120979
0.1376	-551.4363062595498
0.1384	-636.7324154032126
0.13920000000000002	-562.0592652859243
0.14	-350.5373814419672
0.1408	-49.032672507818084
0.1416	263.25138698508533
0.1424	514.45352465878
0.1432	637.7113475193722
0.14400000000000002	599.7498084199187
0.1448	417.1283004645377
0.1456	130.7766849212301
0.1464	-184.63169861102355
0.1472	-455.8296697300613
0.14800000000000002	-615.1740587849263
0.14880000000000002	-619.860658085158
0.1496	-472.0765498403521
0.1504	-205.87762631641976
0.1512	110.4680663239648
0.152	401.8187167518376
0.15280000000000002	593.1885551421282
0.15360000000000001	638.1800085203802
0.1544	526.0138257441236
0.1552	283.40379187924236
0.156	-27.9429594541508
0.1568	-329.91633819244527
0.15760000000000002	-551.4363062595498
0.1584	-637.2010753251208
0.1592	-562.5279252403965
0.16	-350.69360146446877
0.1608	-49.50133278909028
0.16160000000000002	263.25138698508533
0.16240000000000002	514.6097449414353
0.1632	638.0237881866442
0.164	488.67717887071257
0.1648	415.0974372865416
0.1656	130.9329050674611
0.16640000000000002	-184.94413872932682
0.16720000000000002	-455.51722972501057
0.168	-614.8616188308703
0.1688	-619.7044381088032
0.1696	-471.7641098410305
0.1704	-206.50250653269674
0.17120000000000002	110.4680663239648
0.17200000000000001	401.1938357959142
0.1728	593.1885551421282
0.1736	648.0218896806143
0.1744	548.1971071700146
0.1752	283.24757168281434
0.17600000000000002	-27.31807905547143
0.1768	-330.22877824584873
0.1776	-551.4363062595498
0.1784	-637.5135152729525
0.1792	-561.746825316156
0.18000000000000002	-350.3811614194341
0.18080000000000002	-49.50133278909028
0.1816	263.4076071746283
0.1824	514.1410840936566
0.1832	637.7113475193722
0.184	501.79968197035384
0.18480000000000002	414.4725563106976
0.18560000000000001	131.40156550644645
0.1864	-184.63169861102355
0.1872	-454.7361297118964
0.188	-615.1740587849263
0.1888	-618.7671182502128
0.18960000000000002	-471.7641098410305
0.1904	-205.5651862080609
0.1912	111.24916702416878
0.192	401.8187167518376
0.1928	593.9696567167805
0.19360000000000002	646.1472456295941
0.19440000000000002	565.5375604441247
0.1952	284.1848928621949
0.196	-27.005638855873254
0.1968	-329.6038981389127
0.1976	-550.8114263133218
0.19840000000000002	-636.7324154032126
0.19920000000000002	-561.4343853462915
0.2	-350.0687213742731
0.2008	-48.56401222616508
0.2016	263.8762677435778
0.2024	515.0784057897756
0.20320000000000002	637.7113475193722
0.20400000000000001	580.2222692404023
0.2048	415.8785385076704
0.2056	131.40156550644645
0.2064	-184.00681837396715
0.20720000000000002	-454.4236897064556
0.20800000000000002	-614.5491788767255
0.2088	-619.2357781796071
0.2096	-470.9830098422499
0.2104	-205.5651862080609
0.2112	111.09294688403197
0.21200000000000002	402.4435977086948
0.21280000000000002	596.1567411344815
0.2136	641.6168558794794
0.2144	551.9463942977819
0.2152	283.7162322722609
0.216	-27.474299155205884
0.21680000000000002	-329.2914580852508
0.21760000000000002	-550.6552063267038
0.2184	-636.1075355070358
0.2192	-561.746825316156
0.22	-350.0687213742731
0.22080000000000002	-48.095351944131124
0.22160000000000002	263.8762677435778
0.22240000000000001	514.9221855069331
0.2232	638.1800085203802
0.224	600.0622490550693
0.2248	417.5969611993348
0.22560000000000002	131.55778565287238
0.22640000000000002	-184.31925849257033
0.2272	-454.57990970918996
0.228	-614.5491788767255
0.2288	-618.9233382266996
0.2296	-471.295449841844
0.23040000000000002	-205.7214062622587
0.23120000000000002	110.93672674394318
0.232	401.9749369909644
0.2328	593.1885551421282
0.2336	638.9611101900625
0.23440000000000003	526.6387068936461
0.23520000000000002	283.40379187924236
0.23600000000000002	-26.849418756009523
0.2368	-328.9790180314595
0.2376	-550.8114263133218
0.2384	-636.7324154032126
0.23920000000000002	-562.0592652859243
0.24000000000000002	-350.5373814419672
0.24080000000000001	-49.18889260161779
0.2416	263.4076071746283
0.2424	514.297304376187
0.2432	638.3362288541831
0.24400000000000002	571.6301523224043
0.24480000000000002	416.8158599749675
0.2456	131.55778565287238
0.2464	-184.4754785518157
0.2472	-454.26746970369345
0.248	-614.705398853809
0.24880000000000002	-619.3919981560277
0.24960000000000002	-471.45166984160016
0.2504	-206.1900664246317
0.25120000000000003	111.09294688403197
0.252	401.3500560348075
0.2528	593.6572160867239
0.2536	644.7412625976671
0.2544	539.7612112663129
0.25520000000000004	283.40379187924236
0.256	-27.9429594541508
0.25680000000000003	-329.4476781120979
0.2576	-551.4363062595498
0.2584	-637.3572952990473
0.2592	-562.0592652859243
0.26	-350.5373814419672
0.26080000000000003	-49.81377297639359
0.2616	263.56382736422466
0.2624	514.297304376187
0.2632	637.5551271858365
0.264	571.7863726282624
0.26480000000000004	415.7223182633269
0.2656	131.24534536006928
0.2664	-184.4754785518157
0.2672	-454.7361297118964
0.268	-614.8616188308703
0.26880000000000004	-619.0795582031642
0.2696	-472.2327698399719
0.27040000000000003	-206.81494664061495
0.2712	110.311846184068
0.272	401.50627627375917
0.2728	593.3447754569282
0.2736	645.8348049553633
0.27440000000000003	562.7255949947933
0.2752	283.5600120757246
0.276	-27.63051925489726
0.2768	-329.6038981389127
0.2776	-551.2800862730295
0.27840000000000004	-637.3572952990473
0.2792	-561.746825316156
0.28	-350.8498214869387
0.2808	-49.345112695375185
0.2816	263.8762677435778
0.28240000000000004	514.6097449414353
0.2832	637.3989068523674
0.28400000000000003	591.6263519977113
0.2848	414.9412170424923
0.2856	131.24534536006928
0.2864	-185.10035878842228
0.2872	-454.8923497145749
0.28800000000000003	-614.5491788767255
0.2888	-618.9233382266996
0.2896	-472.0765498403521
0.2904	-206.1900664246317
0.2912	110.93672674394318
0.29200000000000004	401.6624965127692
0.2928	593.3447754569282
0.2936	643.1790592352254
0.2944	562.8818152969887
0.2952	283.5600120757246
0.29600000000000004	-27.161858955693887
0.2968	-329.76011816569513
0.29760000000000003	-551.4363062595498
0.2984	-637.0448553511727
0.2992	-562.2154852707724
0.3	-350.5373814419672
0.3008	-49.18889260161779
0.30160000000000003	263.56382736422466
0.3024	514.1410840936566
0.3032	637.5551271858365
0.304	600.8433506440907
0.3048	416.19097899653394
0.30560000000000004	131.71400579934704
0.3064	-184.16303843328754
0.30720000000000003	-454.57990970918996
0.308	-614.8616188308703
0.3088	-619.3919981560277
0.30960000000000004	-470.9830098422499
0.3104	-206.03384637054407
0.31120000000000003	111.56160730458646
0.312	401.9749369909644
0.3128	594.2820973470978
0.3136	644.2726015882312
0.3144	560.8509513734443
0.31520000000000004	283.8724524688514
0.316	-27.161858955693887
0.3168	-329.91633819244527
0.3176	-550.6552063267038
0.3184	-636.8886353772034
0.31920000000000004	-561.746825316156
0.32	-349.9125013516452
0.32080000000000003	-48.72023232009174
0.3216	263.7200475538745
0.3224	514.297304376187
0.32320000000000004	637.8675678529748
0.324	598.1876052480895
0.32480000000000003	416.19097899653394
0.3256	131.87022594587046
0.3264	-184.4754785518157
0.3272	-454.8923497145749
0.328	-614.8616188308703
0.32880000000000004	-618.610898273704
0.3296	-471.45166984160016
0.3304	-205.87762631641976
0.3312	111.09294688403197
0.332	401.9749369909644
0.33280000000000004	593.8134364017195
0.3336	643.6477202432545
0.33440000000000003	548.3533274662733
0.3352	284.0286726654961
0.336	-27.161858955693887
0.33680000000000004	-329.1352380583713
0.3376	-551.7487462325172
0.33840000000000003	-636.5761954292005
0.3392	-561.4343853462915
0.34	-350.3811614194341
0.3408	-49.50133278909028
0.3416	263.25138698508533
0.34240000000000004	514.45352465878
0.3432	637.7113475193722
0.34400000000000003	598.9687068331867
0.3448	416.0347587520727
0.3456	131.55778565287238
0.34640000000000004	-184.16303843328754
0.3472	-454.4236897064556
0.34800000000000003	-614.705398853809
0.3488	-618.610898273704
0.3496	-471.45166984160016
0.3504	-205.87762631641976
0.3512	111.4053871643536
0.35200000000000004	401.8187167518376
0.3528	595.6880801867546
0.3536	636.6178051860235
0.3544	526.17004603141
0.3552	283.7162322722609
0.35600000000000004	-27.161858955693887
0.3568	-329.76011816569513
0.35760000000000003	-551.4363062595498
0.3584	-636.419975455167
0.3592	-561.5906053312358
0.36000000000000004	-350.2249413968694
0.3608	-48.72023232009174
0.36160000000000003	264.18870812314475
0.3624	513.8286435287824
0.3632	543.5104983117934
0.364	607.0921634152269
0.3648	415.8785385076704
0.36560000000000004	131.24534536006928
0.3664	-184.94413872932682
0.3672	-454.4236897064556
0.368	-614.5491788767255
0.3688	-619.2357781796071
0.36960000000000004	-472.0765498403521
0.3704	-206.34628647868257
0.37120000000000003	111.56160730458646
0.372	401.8187167518376
0.3728	600.0622490550693
0.37360000000000004	655.2080252991611
0.3744	538.1990083414573
0.37520000000000003	283.40379187924236
0.376	-27.31807905547143
0.3768	-329.6038981389127
0.3776	-551.2800862730295
0.3784	-636.8886353772034
0.37920000000000004	-562.0592652859243
0.38	-350.5373814419672
0.3808	-49.18889260161779
0.3816	264.3449283130083
0.3824	514.9221855069331
0.38320000000000004	566.1624416579107
0.384	598.1876052480895
0.38480000000000003	417.9094016894942
0.3856	131.55778565287238
0.3864	-184.31925849257033
0.38720000000000004	-455.04856971722563
0.388	-615.1740587849263
0.38880000000000003	-619.3919981560277
0.3896	-471.92032984070494
0.3904	-206.65872658667416
0.3912	110.93672674394318
0.392	401.3500560348075
0.39280000000000004	599.7498084199187
0.3936	641.1481948740606
0.39440000000000003	525.7013851697388
0.3952	283.24757168281434
0.396	-27.31807905547143
0.39680000000000004	-329.2914580852508
0.3976	-552.061186205387
0.39840000000000003	-636.2637554811121
0.3992	-562.2154852707724
0.4	-351.0060415093771
0.40080000000000005	-48.87645241397607
0.4016	264.18870812314475
0.40240000000000004	514.1410840936566
0.4032	521.1709968693567
0.404	598.6562661989518
0.4048	417.1283004645377
0.4056	131.40156550644645
0.40640000000000004	-184.4754785518157
0.4072	-454.8923497145749
0.40800000000000003	-615.3302787619211
0.4088	-619.5482181324264
0.4096	-471.7641098410305
0.41040000000000004	-206.03384637054407
0.4112	111.24916702416878
0.41200000000000003	401.8187167518376
0.4128	598.6562661989518
0.4136	636.6178051860235
0.41440000000000005	526.3262663187593
0.4152	283.09135148644043
0.41600000000000004	-27.161858955693887
0.4168	-329.2914580852508
0.4176	-551.7487462325172
0.4184	-636.8886353772034
0.4192	-561.9030453010522
0.42000000000000004	-350.3811614194341
0.4208	-49.345112695375185
0.42160000000000003	264.03248793333455
0.4224	514.1410840936566
0.4232	579.4411676943269
0.42400000000000004	598.8124865160366
0.4248	417.9094016894942
0.42560000000000003	131.24534536006928
0.4264	-184.63169861102355
0.4272	-454.57990970918996
0.42800000000000005	-614.8616188308703
0.4288	-619.3919981560277
0.42960000000000004	-472.0765498403521
0.4304	-206.1900664246317
0.4312	111.24916702416878
0.432	401.6624965127692
0.4328	599.1249271504024
0.43360000000000004	631.462534229957
0.4344	526.4824866061713
0.43520000000000003	283.7162322722609
0.436	-26.693198656102695
0.4368	-329.1352380583713
0.43760000000000004	-551.7487462325172
0.4384	-636.5761954292005
0.43920000000000003	-562.0592652859243
0.44	-350.2249413968694
0.4408	-49.65755288276307
0.44160000000000005	264.18870812314475
0.4424	514.1410840936566
0.44320000000000004	523.6705214423574
0.444	599.4373677850299
0.44480000000000003	417.753181444385
0.4456	131.87022594587046
0.4464	-184.63169861102355
0.44720000000000004	-454.8923497145749
0.448	-614.5491788767255
0.44880000000000003	-619.0795582031642
0.4496	-471.607889841329
0.4504	-206.1900664246317
0.45120000000000005	111.24916702416878
0.452	402.1311572301495
0.45280000000000004	603.9677570165464
0.4536	658.1762117918801
0.4544	526.17004603141
0.45520000000000005	283.40379187924236
0.456	-27.161858955693887
0.45680000000000004	-329.6038981389127
0.4576	-551.1238662864846
0.45840000000000003	-636.5761954292005
0.4592	-561.9030453010522
0.46	-350.0687213742731
0.46080000000000004	-48.87645241397607
0.4616	264.18870812314475
0.46240000000000003	514.297304376187
0.4632	511.1728987374185
0.464	597.7189442978156
0.46480000000000005	417.753181444385
0.4656	131.71400579934704
0.46640000000000004	-184.16303843328754
0.4672	-454.57990970918996
0.468	-614.8616188308703
0.46880000000000005	-619.0795582031642
0.4696	-472.0765498403521
0.47040000000000004	-206.1900664246317
0.4712	111.56160730458646
0.47200000000000003	401.8187167518376
0.4728	604.4364179746756
0.4736	655.5204659814591
0.47440000000000004	526.17004603141
0.4752	283.8724524688514
0.47600000000000003	-27.474299155205884
0.4768	-329.4476781120979
0.4776	-551.1238662864846
0.47840000000000005	-636.419975455167
0.4792	-561.5906053312358
0.48000000000000004	-350.0687213742731
0.4808	-49.032672507818084
0.48160000000000003	264.03248793333455
0.4824	514.1410840936566
0.4832	507.7360525635344
0.48400000000000004	598.3438255649783
0.4848	418.2218421798892
0.48560000000000003	131.24534536006928
0.4864	-184.63169861102355
0.4872	-454.11124970090344
0.48800000000000004	-615.0178388079094
0.4888	-619.2357781796071
0.48960000000000004	-471.92032984070494
0.4904	-205.87762631641976
0.4912	110.93672674394318
0.49200000000000005	401.8187167518376
0.4928	604.5926382941831
0.49360000000000004	657.3951100809091
0.4944	553.9772581739732
0.49520000000000003	284.0286726654961
0.496	-27.31807905547143
0.4968	-329.91633819244527
0.49760000000000004	-551.4363062595498
0.4984	-635.951315532938
0.49920000000000003	-561.5906053312358
0.5	-349.9125013516452
0.5008	-49.18889260161779
0.5016	264.03248793333455
0.5024000000000001	514.1410840936566
0.5032	511.7977798631785
0.504	603.8115366973012
0.5048	417.5969611993348
0.5056	131.71400579934704
0.5064000000000001	-184.31925849257033
0.5072	-454.4236897064556
0.508	-615.4864987388937
0.5088	-619.3919981560277
0.5096	-472.0765498403521
0.5104000000000001	-206.1900664246317
0.5112	111.56160730458646
0.512	402.1311572301495
0.5128	601.1557912801576
0.5136000000000001	633.8058392009922
0.5144000000000001	538.9801098030946
0.5152	284.1848928621949
0.516	-27.474299155205884
0.5168	-329.2914580852508
0.5176000000000001	-551.4363062595498
0.5184	-636.419975455167
0.5192	-561.746825316156
0.52	-351.16226153178394
0.5208	-49.18889260161779
0.5216000000000001	263.4076071746283
0.5224	514.297304376187
0.5232	427.28261650409877
0.524	598.6562661989518
0.5248	417.9094016894942
0.5256000000000001	131.55778565287238
0.5264	-184.31925849257033
0.5272	-454.57990970918996
0.528	-615.0178388079094
0.5288	-619.860658085158
0.5296000000000001	-472.0765498403521
0.5304	-206.34628647868257
0.5312	110.4680663239648
0.532	401.3500560348075
0.5328	602.5617741456988
0.5336000000000001	641.1481948740606
0.5344	525.7013851697388
0.5352	283.24757168281434
0.536	-27.474299155205884
0.5368	-329.6038981389127
0.5376000000000001	-552.061186205387
0.5384	-636.419975455167
0.5392	-561.1219453763306
0.54	-350.5373814419672
0.5408000000000001	-49.18889260161779
0.5416000000000001	263.7200475538745
0.5424	514.297304376187
0.5432	435.8747302715689
0.544	597.7189442978156
0.5448000000000001	417.9094016894942
0.5456	131.40156550644645
0.5464	-184.63169861102355
0.5472	-455.04856971722563
0.548	-614.705398853809
0.5488000000000001	-619.5482181324264
0.5496	-471.92032984070494
0.5504	-206.1900664246317
0.5512	110.93672674394318
0.552	401.6624965127692
0.5528000000000001	604.2801976552336
0.5536	651.9273981512986
0.5544	525.5451648826406
0.5552	283.7162322722609
0.556	-27.474299155205884
0.5568000000000001	-329.91633819244527
0.5576	-551.5925262460456
0.5584	-636.7324154032126
0.5592	-561.9030453010522
0.56	-350.2249413968694
0.5608000000000001	-49.18889260161779
0.5616	263.8762677435778
0.5624	514.1410840936566
0.5632	508.2047134036555
0.5640000000000001	626.775924332783
0.5648000000000001	416.9720802197232
0.5656	131.55778565287238
0.5664	-184.63169861102355
0.5672	-454.57990970918996
0.5680000000000001	-614.5491788767255
0.5688	-619.5482181324264
0.5696	-471.45166984160016
0.5704	-205.87762631641976
0.5712	110.93672674394318
0.5720000000000001	401.3500560348075
0.5728	603.3428757399588
0.5736	659.5821948758803
0.5744	576.1605412184617
0.5752	283.7162322722609
0.5760000000000001	-27.474299155205884
0.5768	-329.2914580852508
0.5776	-551.4363062595498
0.5784	-636.419975455167
0.5792	-562.2154852707724
0.5800000000000001	-350.3811614194341
0.5808	-49.032672507818084
0.5816	263.7200475538745
0.5824	514.1410840936566
0.5832	506.79873088496976
0.5840000000000001	624.1201787509104
0.5848	416.5034194856329
0.5856	132.18266623906354
0.5864	-184.00681837396715
0.5872	-454.8923497145749
0.5880000000000001	-614.236738922492
0.5888	-619.7044381088032
0.5896	-471.7641098410305
0.5904	-205.87762631641976
0.5912000000000001	111.24916702416878
0.5920000000000001	402.28737746939294
0.5928	602.4055538270433
0.5936	648.802991371392
0.5944	569.9117289622154
0.5952000000000001	284.34111305894794
0.596	-26.849418756009523
0.5968	-329.6038981389127
0.5976	-551.4363062595498
0.5984	-636.419975455167
0.5992000000000001	-561.746825316156
0.6	-350.2249413968694
0.6008	-49.032672507818084
0.6016	264.03248793333455
0.6024	513.9848638111882
0.6032000000000001	493.520007344918
0.604	613.0285356451283
0.6048	416.5034194856329
0.6056	131.87022594587046
0.6064	-183.85059831460933
0.6072000000000001	-454.11124970090344
0.608	-614.5491788767255
0.6088	-619.7044381088032
0.6096	-471.7641098410305
0.6104	-205.87762631641976
0.6112000000000001	111.24916702416878
0.612	401.9749369909644
0.6128	603.3428757399588
0.6136	643.1790592352254
0.6144000000000001	568.3495259142551
0.6152000000000001	284.0286726654961
0.616	-27.005638855873254
0.6168	-329.76011816569513
0.6176	-551.1238662864846
0.6184000000000001	-635.951315532938
0.6192000000000001	-561.9030453010522
0.62	-350.5373814419672
0.6208	-49.032672507818084
0.6216	263.4076071746283
0.6224000000000001	514.1410840936566
0.6232	493.6762276192646
0.624	598.0313849312663
0.6248	418.37806242517524
0.6256	131.71400579934704
0.6264000000000001	-184.16303843328754
0.6272	-454.57990970918996
0.628	-615.4864987388937
0.6288	-620.0168780614907
0.6296	-471.607889841329
0.6304000000000001	-206.50250653269674
0.6312	110.4680663239648
0.632	401.6624965127692
0.6328	604.2801976552336
0.6336	649.8965337413013
0.6344000000000001	525.8576054568998
0.6352	283.7162322722609
0.636	-27.474299155205884
0.6368	-330.0725582191631
0.6376000000000001	-551.4363062595498
0.6384000000000001	-636.419975455167
0.6392	-561.746825316156
0.64	-350.69360146446877
0.6408	-49.345112695375185
0.6416000000000001	263.4076071746283
0.6424000000000001	514.1410840936566
0.6432	481.9597072139124
0.644	597.7189442978156
0.6448	418.37806242517524
0.6456000000000001	131.55778565287238
0.6464000000000001	-184.16303843328754
0.6472	-454.4236897064556
0.648	-614.5491788767255
0.6488	-619.860658085158
0.6496000000000001	-471.7641098410305
0.6504	-206.81494664061495
0.6512	109.99940590441838
0.652	401.8187167518376
0.6528	603.9677570165464
0.6536000000000001	650.208974419023
0.6544	552.8837160854546
0.6552	283.40379187924236
0.656	-27.474299155205884
0.6568	-330.22877824584873
0.6576000000000001	-551.7487462325172
0.6584	-636.419975455167
0.6592	-562.3717052555965
0.66	-350.8498214869387
0.6608	-49.81377297639359
0.6616000000000001	263.4076071746283
0.6624	513.6724232464389
0.6632	493.3637870706329
0.664	598.0313849312663
0.6648000000000001	417.4407409543435
0.6656000000000001	131.24534536006928
0.6664	-184.4754785518157
0.6672	-455.20478971984846
0.668	-615.3302787619211
0.6688000000000001	-620.3293180140901
0.6696000000000001	-471.7641098410305
0.6704	-206.50250653269674
0.6712	110.4680663239648
0.672	401.50627627375917
0.6728000000000001	603.3428757399588
0.6736000000000001	656.1453473468636
0.6744	563.35047620396
0.6752	284.0286726654961
0.676	-27.31807905547143
0.6768000000000001	-329.1352380583713
0.6776	-550.6552063267038
0.6784	-636.419975455167
0.6792	-562.0592652859243
0.68	-350.69360146446877
0.6808000000000001	-48.87645241397607
0.6816	264.5011485029255
0.6824	513.8286435287824
0.6832	552.7274957873498
0.684	623.3390771128298
0.6848000000000001	417.28452070941114
0.6856	131.71400579934704
0.6864	-184.4754785518157
0.6872	-454.11124970090344
0.6880000000000001	-615.0178388079094
0.6888000000000001	-620.1730980378014
0.6896	-471.45166984160016
0.6904	-205.87762631641976
0.6912	111.56160730458646
0.6920000000000001	402.1311572301495
0.6928000000000001	603.8115366973012
0.6936	658.1762117918801
0.6944	562.256934088591
0.6952	284.34111305894794
0.6960000000000001	-27.161858955693887
0.6968000000000001	-329.2914580852508
0.6976	-551.1238662864846
0.6984	-635.3264356363329
0.6992	-561.746825316156
0.7000000000000001	-350.69360146446877
0.7008	-48.72023232009174
0.7016	264.03248793333455
0.7024	514.1410840936566
0.7032	546.4786839153644
0.7040000000000001	598.0313849312663
0.7048	418.53428267052027
0.7056	132.02644609244263
0.7064	-184.00681837396715
0.7072	-453.9550296980855
0.7080000000000001	-614.8616188308703
0.7088	-619.2357781796071
0.7096	-471.13922984206056
0.7104	-205.5651862080609
0.7112	111.4053871643536
0.7120000000000001	402.4435977086948
0.7128	604.1239773358571
0.7136	668.79919522889
0.7144	526.4824866061713
0.7152000000000001	283.5600120757246
0.7160000000000001	-27.161858955693887
0.7168	-329.2914580852508
0.7176	-550.4989863400612
0.7184	-636.1075355070358
0.7192000000000001	-562.6841452251725
0.7200000000000001	-350.69360146446877
0.7208	-49.032672507818084
0.7216	263.7200475538745
0.7224	514.1410840936566
0.7232000000000001	543.3542780175031
0.7240000000000001	598.3438255649783
0.7248	418.53428267052027
0.7256	132.02644609244263
0.7264	-184.31925849257033
0.7272000000000001	-454.4236897064556
0.728	-616.1113786465631
0.7288	-619.860658085158
0.7296	-471.45166984160016
0.7304	-206.03384637054407
0.7312000000000001	110.7805066039024
0.732	401.9749369909644
0.7328	604.1239773358571
0.7336	667.7056528017961
0.7344	525.3889445956054
0.7352000000000001	284.34111305894794
0.736	-27.474299155205884
0.7368	-329.76011816569513
0.7376	-551.1238662864846
0.7384000000000001	-636.1075355070358
0.7392000000000001	-562.3717052555965
0.74	-350.69360146446877
0.7408	-49.81377297639359
0.7416	263.4076071746283
0.7424000000000001	513.9848638111882
0.7432000000000001	561.9444934847767
0.744	597.5627239811882
0.7448	417.753181444385
0.7456	131.71400579934704
0.7464000000000001	-185.10035878842228
0.7472000000000001	-454.8923497145749
0.748	-615.9551586696789
0.7488	-619.860658085158
0.7496	-471.45166984160016
0.7504000000000001	-206.81494664061495
0.7512000000000001	110.6242864639096
0.752	401.3500560348075
0.7528	603.8115366973012
0.7536	684.4212302656894
0.7544000000000001	525.5451648826406
0.7552	284.1848928621949
0.756	-27.31807905547143
0.7568	-329.76011816569513
0.7576	-551.4363062595498
0.7584000000000001	-636.8886353772034
0.7592	-562.5279252403965
0.76	-351.0060415093771
0.7608	-49.50133278909028
0.7616	263.56382736422466
0.7624000000000001	513.6724232464389
0.7632	558.3514265593195
0.764	597.7189442978156
0.7648	417.5969611993348
0.7656000000000001	131.55778565287238
0.7664000000000001	-184.31925849257033
0.7672	-454.57990970918996
0.768	-615.6427187158442
0.7688	-620.3293180140901
0.7696000000000001	-472.0765498403521
0.7704000000000001	-206.50250653269674
0.7712	110.7805066039024
0.772	401.8187167518376
0.7728	603.1866554209756
0.7736000000000001	685.202332035445
0.7744000000000001	525.2327243086328
0.7752	283.40379187924236
0.776	-27.474299155205884
0.7768	-329.2914580852508
0.7776000000000001	-551.1238662864846
0.7784000000000001	-635.951315532938
0.7792	-562.5279252403965
0.78	-350.8498214869387
0.7808	-49.65755288276307
0.7816000000000001	263.7200475538745
0.7824	513.8286435287824
0.7832	574.1296772238666
0.784	598.0313849312663
0.7848	417.753181444385
0.7856000000000001	131.71400579934704
0.7864	-183.85059831460933
0.7872	-454.8923497145749
0.788	-615.1740587849263
0.7888000000000001	-619.5482181324264
0.7896000000000001	-471.295449841844
0.7904	-206.1900664246317
0.7912	110.311846184068
0.792	402.28737746939294
0.7928000000000001	602.2493335084534
0.7936000000000001	686.2958745159781
0.7944	526.0138257441236
0.7952	284.1848928621949
0.796	-26.693198656102695
0.7968000000000001	-329.2914580852508
0.7976000000000001	-550.4989863400612
0.7984	-636.1075355070358
0.7992	-561.4343853462915
0.8	-350.8498214869387
0.8008000000000001	-48.72023232009174
0.8016000000000001	264.5011485029255
0.8024	513.6724232464389
0.8032	577.8789646070268
0.804	598.1876052480895
0.8048000000000001	418.06562193466226
0.8056000000000001	131.87022594587046
0.8064	-184.00681837396715
0.8072	-454.57990970918996
0.808	-615.6427187158442
0.8088000000000001	-620.0168780614907
0.8096	-471.13922984206056
0.8104	-206.1900664246317
0.8112	111.09294688403197
0.812	402.1311572301495
0.8128000000000001	603.0304351020582
0.8136	688.9516205541066
0.8144	526.7949271811839
0.8152	284.4973332557551
0.8160000000000001	-26.849418756009523
0.8168000000000001	-328.9790180314595
0.8176	-550.6552063267038
0.8184	-636.5761954292005
0.8192	-561.5906053312358
0.8200000000000001	-350.3811614194341
0.8208000000000001	-49.032672507818084
0.8216	263.7200475538745
0.8224	514.6097449414353
0.8232	568.3495259142551
0.8240000000000001	597.7189442978156
0.8248000000000001	417.753181444385
0.8256	131.71400579934704
0.8264	-184.31925849257033
0.8272	-454.7361297118964
0.8280000000000001	-615.1740587849263
0.8288000000000001	-619.5482181324264
0.8296	-471.45166984160016
0.8304	-206.1900664246317
0.8312	110.311846184068
0.8320000000000001	401.6624965127692
0.8328	604.5926382941831
0.8336	679.5783993313592
0.8344	525.2327243086328
0.8352	283.8724524688514
0.8360000000000001	-27.161858955693887
0.8368	-329.4476781120979
0.8376	-551.1238662864846
0.8384	-636.419975455167
0.8392000000000001	-562.3717052555965
0.8400000000000001	-350.8498214869387
0.8408	-49.345112695375185
0.8416	263.09516679559584
0.8424	514.1410840936566
0.8432000000000001	552.5712754893088
0.8440000000000001	597.7189442978156
0.8448	417.4407409543435
0.8456	131.71400579934704
0.8464	-184.31925849257033
0.8472000000000001	-455.04856971722563
0.8480000000000001	-615.4864987388937
0.8488	-619.5482181324264
0.8496	-471.607889841329
0.8504	-206.50250653269674
0.8512000000000001	110.93672674394318
0.8520000000000001	402.1311572301495
0.8528	604.2801976552336
0.8536	680.5157214425569
0.8544	526.17004603141
0.8552000000000001	283.8724524688514
0.8560000000000001	-27.005638855873254
0.8568	-329.2914580852508
0.8576	-550.8114263133218
0.8584	-636.2637554811121
0.8592000000000001	-562.2154852707724
0.86	-351.31848155415923
0.8608	-49.65755288276307
0.8616	263.8762677435778
0.8624	513.5162029641579
0.8632000000000001	496.1757520171971
0.864	635.3680425233425
0.8648	416.8158599749675
0.8656	131.55778565287238
0.8664000000000001	-184.63169861102355
0.8672000000000001	-454.8923497145749
0.868	-615.3302787619211
0.8688	-619.2357781796071
0.8696	-471.45166984160016
0.8704000000000001	-206.34628647868257
0.8712000000000001	110.7805066039024
0.872	401.8187167518376
0.8728	604.2801976552336
0.8736	662.3941610602974
0.8744000000000001	573.1923553838844
0.8752000000000001	284.34111305894794
0.876	-27.31807905547143
0.8768	-328.3541379234888
0.8776	-550.8114263133218
0.8784000000000001	-636.2637554811121
0.8792000000000001	-562.0592652859243
0.88	-350.8498214869387
0.8808	-49.81377297639359
0.8816	263.7200475538745
0.8824000000000001	513.5162029641579
0.8832000000000001	469.93074662264314
0.884	630.2127715848612
0.8848	415.8785385076704
0.8856	132.02644609244263
0.8864000000000001	-184.31925849257033
0.8872	-454.8923497145749
0.888	-615.3302787619211
0.8888	-618.9233382266996
0.8896000000000001	-471.7641098410305
0.8904000000000001	-206.03384637054407
0.8912	111.09294688403197
0.892	401.6624965127692
0.8928	602.8742147832062
0.8936000000000001	643.3352795711681
0.8944000000000001	564.6002386253715
0.8952	284.4973332557551
0.896	-27.474299155205884
0.8968	-328.9790180314595
0.8976000000000001	-551.2800862730295
0.8984000000000001	-636.5761954292005
0.8992	-562.2154852707724
0.9	-351.0060415093771
0.9008	-49.18889260161779
0.9016000000000001	263.8762677435778
0.9024000000000001	514.1410840936566
0.9032	470.08696688774666
0.904	627.0883649907345
0.9048	416.5034194856329
0.9056000000000001	131.71400579934704
0.9064000000000001	-184.00681837396715
0.9072	-454.57990970918996
0.908	-615.0178388079094
0.9088	-619.2357781796071
0.9096000000000001	-471.92032984070494
0.9104000000000001	-206.03384637054407
0.9112	110.7805066039024
0.912	401.9749369909644
0.9128000000000001	602.7179944644196
0.9136000000000001	645.6785846183484
0.9144	573.8172366102814
0.9152	284.0286726654961
0.916	-26.693198656102695
0.9168000000000001	-329.2914580852508
0.9176000000000001	-550.8114263133218
0.9184	-635.7950955588188
0.9192	-562.0592652859243
0.92	-350.69360146446877
0.9208000000000001	-49.18889260161779
0.9216000000000001	264.03248793333455
0.9224	514.45352465878
0.9232	451.1843152499448
0.924	612.8723153220711
0.9248000000000001	415.8785385076704
0.9256000000000001	131.71400579934704
0.9264	-184.00681837396715
0.9272	-454.57990970918996
0.928	-615.3302787619211
0.9288000000000001	-619.5482181324264
0.9296000000000001	-472.0765498403521
0.9304	-206.65872658667416
0.9312	110.93672674394318
0.932	401.9749369909644
0.9328000000000001	599.4373677850299
0.9336000000000001	630.6814325762731
0.9344	563.9753574141525
0.9352	284.34111305894794
0.936	-27.161858955693887
0.9368000000000001	-329.1352380583713
0.9376000000000001	-551.4363062595498
0.9384	-636.419975455167
0.9392	-562.3717052555965
0.9400000000000001	-350.69360146446877
0.9408000000000001	-49.65755288276307
0.9416	263.7200475538745
0.9424	513.9848638111882
0.9432	387.29023476741645
0.9440000000000001	582.7217941987196
0.9448000000000001	415.7223182633269
0.9456	131.08912521374083
0.9464	-184.16303843328754
0.9472	-454.7361297118964
0.9480000000000001	-614.8616188308703
0.9488000000000001	-618.7671182502128
0.9496	-472.0765498403521
0.9504	-206.1900664246317
0.9512	110.7805066039024
0.9520000000000001	402.4435977086948
0.9528000000000001	601.312011598289
0.9536	639.4297711926735
0.9544	563.35047620396
0.9552	283.5600120757246
0.9560000000000001	-27.161858955693887
0.9568000000000001	-329.1352380583713
0.9576	-551.1238662864846
0.9584	-636.419975455167
0.9592	-562.6841452251725
0.9600000000000001	-350.69360146446877
0.9608000000000001	-49.81377297639359
0.9616	263.7200475538745
0.9624	514.45352465878
0.9632000000000001	388.22755617062006
0.9640000000000001	576.7854224497628
0.9648	415.8785385076704
0.9656	131.87022594587046
0.9664	-184.4754785518157
0.9672000000000001	-454.7361297118964
0.9680000000000001	-614.8616188308703
0.9688	-618.9233382266996
0.9696	-471.92032984070494
0.9704	-206.50250653269674
0.9712000000000001	110.93672674394318
0.9720000000000001	402.1311572301495
0.9728	600.2184693727428
0.9736	632.5560765479091
0.9744	564.6002386253715
0.9752000000000001	284.4973332557551
0.9760000000000001	-26.536978556152757
0.9768	-328.9790180314595
0.9776	-550.6552063267038
0.9784	-636.419975455167
0.9792000000000001	-562.2154852707724
0.9800000000000001	-351.0060415093771
0.9808	-49.345112695375185
0.9816	264.03248793333455
0.9824	514.45352465878
0.9832000000000001	453.05895834809684
0.9840000000000001	612.4036543532953
0.9848	416.0347587520727
0.9856	132.02644609244263
0.9864	-183.69437825521393
0.9872000000000001	-454.7361297118964
0.9880000000000001	-614.705398853809
0.9888	-619.5482181324264
0.9896	-471.45166984160016
0.9904000000000001	-206.81494664061495
0.9912000000000001	110.7805066039024
0.992	401.9749369909644
0.9928	601.1557912801576
0.9936	633.1809578739178
0.9944000000000001	571.4739320166107
0.9952000000000001	284.34111305894794
0.996	-27.161858955693887
0.9968	-328.82279800451533
0.9976	-550.6552063267038
0.9984000000000001	-636.5761954292005
0.9992000000000001	-562.3717052555965
