0	-103.46774407630927
0.0008	216.7835089487669
0.0016	486.73204878995796
0.0024000000000000002	643.8896722934695
0.0032	618.8944196457818
0.004	250.21462704313524
0.0048000000000000004	195.06890547513973
0.0056	-125.02611450179877
0.0064	-412.1585474357756
0.007200000000000001	-595.4046001854148
0.008	72.43609091570023
0.0088	-509.32738802978866
0.009600000000000001	-258.90670299272574
0.010400000000000001	58.06383941671174
0.0112	363.3180541773844
0.012	579.9955610621226
0.0128	375.3470115415247
0.013600000000000001	555.1565329815212
0.014400000000000001	331.4491297961029
0.0152	35.09948184910664
0.016	-277.80932770605676
0.016800000000000002	-519.481687493415
0.0176	-613.9947775541616
0.0184	-569.9407432658462
0.019200000000000002	-397.31764638282056
0.02	-104.09262438920602
0.020800000000000003	216.7835089487669
0.0216	486.5758285200344
0.0224	636.7035369830321
0.023200000000000002	608.5838784216922
0.024	169.4487990419082
0.024800000000000003	194.91268530984212
0.0256	-125.33855464733404
0.0264	-412.6272074647049
0.027200000000000002	-596.1857000812636
0.028	22.601872699636267
0.028800000000000003	-510.26470798481535
0.0296	-259.5315831566008
0.0304	58.06383941671174
0.031200000000000002	363.3180541773844
0.032	580.1517813696573
0.0328	352.070198245728
0.033600000000000005	550.626144386327
0.0344	328.7933862029576
0.0352	35.411922081534215
0.036000000000000004	-277.49688763222525
0.0368	-520.1065674568853
0.0376	-613.6823376009897
0.038400000000000004	-569.628303299796
0.0392	-397.1614263703168
0.04	-103.93640431104215
0.0408	216.1586282594001
0.041600000000000005	485.6385069017788
0.0424	643.5772316248617
0.0432	618.2695383513129
0.044000000000000004	124.76983614388314
0.0448	194.75646514459538
0.0456	-125.49477472004253
0.046400000000000004	-412.00232742607403
0.0472	-596.3419200603653
0.048	-38.792628145566496
0.0488	-509.7960480074179
0.049600000000000005	-259.8440232383303
0.0504	58.532499785517956
0.0512	362.69317328458123
0.052000000000000005	579.8393407546525
0.0528	520.9442893880919
0.0536	551.0948052730058
0.054400000000000004	328.3247255705423
0.055200000000000006	35.255701965297845
0.056	-277.34066759525837
0.0568	-520.2627874476893
0.057600000000000005	-611.8076978801045
0.0584	-579.4701621852129
0.0592	-397.47386639529464
0.060000000000000005	-103.46774407630927
0.0608	216.1586282594001
0.0616	486.10716771063113
0.062400000000000004	637.172197977239
0.0632	630.9233847703654
0.064	177.728467436279
0.0648	194.91268530984212
0.0656	-125.65099479271156
0.0664	-412.78342747428957
0.06720000000000001	-595.8732601229922
0.068	-33.16870468238928
0.0688	-510.26470798481535
0.06960000000000001	-259.6878031974829
0.0704	58.06383941671174
0.0712	362.8493935076968
0.07200000000000001	579.9955610621226
0.0728	652.9504517995607
0.0736	551.4072458644428
0.07440000000000001	328.6371659920969
0.0752	36.03680254693138
0.076	-277.49688763222525
0.07680000000000001	-520.5752274292215
0.0776	-610.4017180873503
0.0784	-589.3120209782587
0.0792	-397.1614263703168
0.08	-103.93640431104215
0.08080000000000001	216.62728877634777
0.0816	485.3260663628499
0.0824	636.078655658355
0.08320000000000001	630.4547237841352
0.084	222.7198755389968
0.0848	195.06890547513973
0.08560000000000001	-125.65099479271156
0.0864	-412.78342747428957
0.0872	-596.0294801021391
0.08800000000000001	-293.1188911580079
0.0888	-509.63982801490056
0.0896	-259.37536311568397
0.09040000000000001	57.90761929386829
0.0912	362.53695306152247
0.092	579.8393407546525
0.09280000000000001	652.9504517995607
0.0936	555.0003126842445
0.0944	328.4809457812918
0.0952	35.568142197815746
0.096	-277.34066759525837
0.09680000000000001	-520.2627874476893
0.0976	-632.4287346367539
0.0984	-597.2792399344995
0.09920000000000001	-397.1614263703168
0.1	-103.93640431104215
0.1008	215.84618791502635
0.10160000000000001	486.10716771063113
0.1024	639.2030622923961
0.1032	634.204011690711
0.10400000000000001	234.2801685876818
0.1048	194.75646514459538
0.1056	-125.65099479271156
0.10640000000000001	-412.1585474357756
0.1072	-595.56082016463
0.108	-303.89807339532473
0.10880000000000001	-509.63982801490056
0.1096	-259.06292303374653
0.11040000000000001	58.532499785517956
0.11120000000000001	362.53695306152247
0.112	579.9955610621226
0.11280000000000001	653.2628924762075
0.1136	550.7823646818231
0.1144	328.7933862029576
0.11520000000000001	34.943261732960586
0.116	-277.18444755825755
0.1168	-520.2627874476893
0.11760000000000001	-621.4933364039362
0.1184	-594.6235002889985
0.1192	-397.31764638282056
0.12000000000000001	-103.78018423283807
0.1208	216.1586282594001
0.1216	485.79472717133507
0.12240000000000001	637.172197977239
0.1232	630.4547237841352
0.124	123.67629514404197
0.12480000000000001	195.22512564048816
0.12560000000000002	-124.86989442897196
0.1264	-412.470987455091
0.1272	-593.5299604330604
0.128	-286.8700897881685
0.1288	-509.48360802235754
0.1296	-259.06292303374653
0.13040000000000002	58.532499785517956
0.1312	363.00561373086913
0.132	579.9955610621226
0.1328	652.9504517995607
0.1336	547.6579587839618
0.13440000000000002	335.9795159627568
0.13520000000000001	35.568142197815746
0.136	-277.80932770605676
0.1368	-520.1065674568853
0.1376	-634.3033743232329
0.1384	-588.9995810179804
0.13920000000000002	-396.536546320004
0.14	-104.2488444673297
0.1408	216.7835089487669
0.1416	485.6385069017788
0.1424	637.01597764577
0.1432	630.14228312698
0.14400000000000002	86.33968241408125
0.1448	194.91268530984212
0.1456	-125.02611450179877
0.1464	-412.93964748384496
0.1472	-596.1857000812636
0.14800000000000002	-307.6473541365062
0.14880000000000002	-509.63982801490056
0.1496	-259.2191430747326
0.1504	58.37627966253657
0.1512	363.00561373086913
0.152	579.0582392182698
0.15280000000000002	652.4817907850943
0.15360000000000001	550.4699240908946
0.1544	333.1675521296563
0.1552	35.255701965297845
0.156	-277.18444755825755
0.1568	-520.7314474199494
0.15760000000000002	-635.3969141389272
0.1584	-597.747899871261
0.1592	-396.536546320004
0.16	-104.4050645454132
0.1608	216.31484843166436
0.16160000000000002	485.95094744095246
0.16240000000000002	637.4846386403765
0.1632	630.4547237841352
0.164	140.3918506869081
0.1648	195.06890547513973
0.1656	-125.18233457458614
0.16640000000000002	-412.3147674454479
0.16720000000000002	-596.1857000812636
0.168	-631.1789748440576
0.1688	-509.17116803719404
0.1696	-259.37536311568397
0.1704	57.7513991710708
0.17120000000000002	362.38073283852054
0.17200000000000001	579.8393407546525
0.1728	653.4191128146317
0.1736	551.0948052730058
0.1744	333.94865319259264
0.1752	35.09948184910664
0.17600000000000002	-277.34066759525837
0.1768	-520.1065674568853
0.1776	-634.1471543494771
0.1784	-589.4682409583635
0.1792	-397.31764638282056
0.18000000000000002	-104.2488444673297
0.18080000000000002	216.47106860398026
0.1816	485.4822866322837
0.1824	638.265740299386
0.1832	643.2647909565212
0.184	176.47870616018267
0.18480000000000002	194.75646514459538
0.18560000000000001	-125.65099479271156
0.1864	-412.93964748384496
0.1872	-596.1857000812636
0.188	-549.163485315635
0.1888	-509.48360802235754
0.18960000000000002	-259.6878031974829
0.1904	57.90761929386829
0.1912	362.22451261557546
0.192	579.2144595254173
0.1928	639.3592826247979
0.19360000000000002	545.9395355509512
0.19440000000000002	335.5108553226506
0.1952	35.568142197815746
0.196	-277.34066759525837
0.1968	-520.5752274292215
0.1976	-632.1162946887083
0.19840000000000002	-592.5926405556542
0.19920000000000002	-396.84898634521994
0.2	-104.09262438920602
0.2008	216.31484843166436
0.2016	485.3260663628499
0.2024	636.5473166517629
0.20320000000000002	630.4547237841352
0.20400000000000001	120.39567215871352
0.2048	195.22512564048816
0.2056	-125.33855464733404
0.2064	-413.0958674933713
0.20720000000000002	-595.8732601229922
0.20800000000000002	-631.4914147923602
0.2088	-509.32738802978866
0.2096	-259.5315831566008
0.2104	57.7513991710708
0.2112	363.00561373086913
0.21200000000000002	579.8393407546525
0.21280000000000002	638.265740299386
0.2136	546.8768573134608
0.2144	337.5417181000764
0.2152	35.09948184910664
0.216	-277.18444755825755
0.21680000000000002	-520.1065674568853
0.21760000000000002	-634.3033743232329
0.2184	-589.3120209782587
0.2192	-396.22410629466884
0.22	-103.46774407630927
0.22080000000000002	216.31484843166436
0.22160000000000002	485.4822866322837
0.22240000000000001	643.4210112906579
0.2232	681.6949951812433
0.224	164.60597419706548
0.2248	194.75646514459538
0.22560000000000002	-125.33855464733404
0.22640000000000002	-412.78342747428957
0.2272	-595.7170401438224
0.228	-322.4882568848369
0.2288	-509.7960480074179
0.2296	-259.06292303374653
0.23040000000000002	58.220059539601166
0.23120000000000002	363.00561373086913
0.232	579.5269001399058
0.2328	666.2291807944987
0.2336	545.9395355509512
0.23440000000000003	336.604396817014
0.23520000000000002	35.88058243051432
0.23600000000000002	-276.8720074841538
0.2368	-520.2627874476893
0.2376	-623.5241960837565
0.2384	-596.0294801021391
0.23920000000000002	-396.22410629466884
0.24000000000000002	-103.78018423283807
0.24080000000000001	216.7835089487669
0.2416	485.79472717133507
0.2424	639.9841639550713
0.2432	664.3545366715546
0.24400000000000002	135.23658583391975
0.24480000000000002	195.38134580588743
0.2456	-125.33855464733404
0.2464	-412.6272074647049
0.2472	-596.8105799975343
0.248	-631.1789748440576
0.24880000000000002	-509.48360802235754
0.24960000000000002	-259.37536311568397
0.2504	58.532499785517956
0.25120000000000003	362.8493935076968
0.252	579.683120447247
0.2528	636.078655658355
0.2536	546.251976138201
0.2544	331.1366893725449
0.25520000000000004	35.255701965297845
0.256	-277.0282275212227
0.25680000000000003	-520.5752274292215
0.2576	-634.3033743232329
0.2584	-589.6244609384454
0.2592	-396.3803263073513
0.26	-103.78018423283807
0.26080000000000003	216.31484843166436
0.2616	485.95094744095246
0.2624	638.8906216277929
0.2632	636.2348759894244
0.264	156.1700858717761
0.26480000000000004	194.60024497939946
0.2656	-125.33855464733404
0.2664	-412.6272074647049
0.2672	-596.1857000812636
0.268	-631.3351948182196
0.26880000000000004	-509.7960480074179
0.2696	-260.0002432791431
0.27040000000000003	58.220059539601166
0.2712	362.69317328458123
0.272	579.5269001399058
0.2728	652.9504517995607
0.2736	547.3455181955712
0.27440000000000003	335.3546351093936
0.2752	35.255701965297845
0.276	-276.8720074841538
0.2768	-520.2627874476893
0.2776	-634.3033743232329
0.27840000000000004	-589.4682409583635
0.2792	-396.536546320004
0.28	-104.09262438920602
0.2808	216.62728877634777
0.2816	485.3260663628499
0.28240000000000004	641.3901469520883
0.2832	638.1095199674509
0.28400000000000003	201.3177121287999
0.2848	194.75646514459538
0.2856	-125.80721486534117
0.2864	-412.78342747428957
0.2872	-595.7170401438224
0.28800000000000003	-631.0227548698742
0.2888	-509.48360802235754
0.2896	-259.2191430747326
0.2904	58.06383941671174
0.2912	362.53695306152247
0.29200000000000004	579.8393407546525
0.2928	535.6289963135824
0.2936	550.9385849773828
0.2944	344.1029671379513
0.2952	35.411922081534215
0.29600000000000004	-276.71578744705084
0.2968	-521.0438874013292
0.29760000000000003	-634.6158142706805
0.2984	-589.1558009981311
0.2992	-396.3803263073513
0.3	-104.4050645454132
0.3008	216.62728877634777
0.30160000000000003	485.16984609347725
0.3024	646.232977316552
0.3032	642.952350288448
0.304	207.2540785254613
0.3048	194.75646514459538
0.30560000000000004	-125.18233457458614
0.3064	-412.470987455091
0.30720000000000003	-596.0294801021391
0.308	-631.3351948182196
0.3088	-509.63982801490056
0.30960000000000004	-259.5315831566008
0.3104	58.06383941671174
0.31120000000000003	362.69317328458123
0.312	579.5269001399058
0.3128	493.9181812727255
0.3136	553.1256691218895
0.3144	347.0711512590316
0.31520000000000004	35.411922081534215
0.316	-277.18444755825755
0.3168	-520.2627874476893
0.3176	-635.8655740596196
0.3184	-593.998620371456
0.31920000000000004	-396.22410629466884
0.32	-104.09262438920602
0.32080000000000003	216.1586282594001
0.3216	485.3260663628499
0.3224	645.9205366459381
0.32320000000000004	661.6987908473678
0.324	143.04759320770373
0.32480000000000003	194.91268530984212
0.3256	-125.65099479271156
0.3264	-412.00232742607403
0.3272	-594.3110603302728
0.328	-464.02358907482954
0.32880000000000004	-509.32738802978866
0.3296	-260.15646331992116
0.3304	58.532499785517956
0.3312	362.22451261557546
0.332	579.3706798326293
0.33280000000000004	629.8298424700903
0.3336	546.251976138201
0.33440000000000003	342.07210432994754
0.3352	35.568142197815746
0.336	-277.18444755825755
0.33680000000000004	-520.7314474199494
0.3376	-630.2416549986355
0.33840000000000003	-591.1866607380049
0.3392	-396.3803263073513
0.34	-103.93640431104215
0.3408	216.1586282594001
0.3416	485.16984609347725
0.34240000000000004	645.4518756405192
0.3432	656.2310789177573
0.34400000000000003	194.44402481425436
0.3448	194.60024497939946
0.3456	-125.33855464733404
0.34640000000000004	-412.470987455091
0.3472	-595.4046001854148
0.34800000000000003	-312.64639509523715
0.3488	-509.48360802235754
0.3496	-259.8440232383303
0.3504	57.7513991710708
0.3512	362.22451261557546
0.35200000000000004	580.4642219849204
0.3528	599.6793203217217
0.3536	545.7833152574212
0.3544	337.85415852821126
0.3552	35.88058243051432
0.35600000000000004	-277.0282275212227
0.3568	-520.7314474199494
0.35760000000000003	-638.989973526019
0.3584	-598.0603398289888
0.3592	-396.3803263073513
0.36000000000000004	-104.2488444673297
0.3608	216.00240808718743
0.36160000000000003	486.10716771063113
0.3624	647.3265196658082
0.3632	665.6042994191025
0.364	197.25598779464784
0.3648	194.91268530984212
0.36560000000000004	-125.33855464733404
0.3664	-412.3147674454479
0.3672	-594.3110603302728
0.368	-399.81716657883777
0.3688	-509.9522679999095
0.36960000000000004	-260.0002432791431
0.3704	57.7513991710708
0.37120000000000003	362.69317328458123
0.372	579.8393407546525
0.3728	488.9191325753197
0.37360000000000004	553.750550308323
0.3744	347.0711512590316
0.37520000000000003	35.411922081534215
0.376	-277.0282275212227
0.3768	-520.5752274292215
0.3776	-622.7430962073373
0.3784	-588.0622611365948
0.37920000000000004	-396.22410629466884
0.38	-104.2488444673297
0.3808	216.47106860398026
0.3816	485.6385069017788
0.3824	647.9514010097132
0.38320000000000004	654.9813162025682
0.384	209.44116090077716
0.38480000000000003	194.91268530984212
0.3856	-125.33855464733404
0.3864	-412.1585474357756
0.38720000000000004	-593.6861804125484
0.388	-398.4111864695141
0.38880000000000003	-509.48360802235754
0.3896	-259.5315831566008
0.3904	57.595179048319274
0.3912	362.69317328458123
0.392	579.5269001399058
0.39280000000000004	544.0648920327716
0.3936	553.5943300116193
0.39440000000000003	347.69603212921425
0.3952	35.568142197815746
0.396	-277.0282275212227
0.39680000000000004	-520.419007438468
0.3976	-644.3014525995023
0.39840000000000003	-593.5299604330604
0.3992	-396.536546320004
0.4	-104.2488444673297
0.40080000000000005	216.62728877634777
0.4016	486.263387980371
0.40240000000000004	645.6080959755919
0.4032	675.1337405116335
0.404	203.0361339728673
0.4048	195.06890547513973
0.4056	-125.49477472004253
0.40640000000000004	-412.6272074647049
0.4072	-593.3737404535497
0.40800000000000003	-489.0187887743672
0.4088	-509.9522679999095
0.4096	-259.8440232383303
0.41040000000000004	58.06383941671174
0.4112	362.53695306152247
0.41200000000000003	579.8393407546525
0.4128	629.8298424700903
0.4136	547.3455181955712
0.41440000000000005	343.3218660568274
0.4152	35.568142197815746
0.41600000000000004	-276.8720074841538
0.4168	-519.9503474660557
0.4176	-653.6746509054883
0.4184	-598.6852197441732
0.4192	-396.536546320004
0.42000000000000004	-103.93640431104215
0.4208	216.1586282594001
0.42160000000000003	485.3260663628499
0.4224	646.0767569812115
0.4232	675.7586219035691
0.42400000000000004	154.60788434591083
0.4248	194.91268530984212
0.42560000000000003	-125.18233457458614
0.4264	-412.6272074647049
0.4272	-594.3110603302728
0.42800000000000005	-336.7042792429913
0.4288	-510.57714796961835
0.42960000000000004	-260.0002432791431
0.4304	57.4389589256137
0.4312	362.38073283852054
0.432	579.5269001399058
0.4328	676.5397236450178
0.43360000000000004	547.9703993726059
0.4344	343.00942562477076
0.43520000000000003	35.09948184910664
0.436	-277.34066759525837
0.4368	-520.5752274292215
0.43760000000000004	-635.2406941653204
0.4384	-598.5289997654111
0.43920000000000003	-396.536546320004
0.44	-104.2488444673297
0.4408	216.00240808718743
0.44160000000000005	485.95094744095246
0.4424	645.7643163107316
0.44320000000000004	675.1337405116335
0.444	208.34761971186182
0.44480000000000003	194.91268530984212
0.4456	-125.65099479271156
0.4464	-412.3147674454479
0.44720000000000004	-594.6235002889985
0.448	-408.7217072155794
0.44880000000000003	-509.48360802235754
0.4496	-260.15646331992116
0.4504	57.7513991710708
0.45120000000000005	362.38073283852054
0.452	579.8393407546525
0.45280000000000004	565.6232930443755
0.4536	550.9385849773828
0.4544	344.41540757079383
0.45520000000000005	35.411922081534215
0.456	-277.34066759525837
0.45680000000000004	-520.5752274292215
0.4576	-634.4595942969675
0.45840000000000003	-588.8433610378067
0.4592	-395.9116662692146
0.46	-104.2488444673297
0.46080000000000004	216.62728877634777
0.4616	485.16984609347725
0.46240000000000003	646.3891976519592
0.4632	653.575333153123
0.464	210.06604158128724
0.46480000000000005	195.06890547513973
0.4656	-125.33855464733404
0.46640000000000004	-412.3147674454479
0.4672	-596.0294801021391
0.468	-631.3351948182196
0.46880000000000005	-509.32738802978866
0.4696	-259.6878031974829
0.47040000000000004	58.220059539601166
0.4712	362.53695306152247
0.47200000000000003	579.3706798326293
0.4728	574.0591894235886
0.4736	555.1565329815212
0.47440000000000004	348.63335343617683
0.4752	35.88058243051432
0.47600000000000003	-277.0282275212227
0.4768	-520.2627874476893
0.4776	-629.9292150499896
0.47840000000000005	-591.0304407581518
0.4792	-395.9116662692146
0.48000000000000004	-103.93640431104215
0.4808	216.47106860398026
0.48160000000000003	485.6385069017788
0.4824	641.0777062856175
0.4832	689.818453510285
0.48400000000000004	138.67342906333786
0.4848	194.75646514459538
0.48560000000000003	-125.02611450179877
0.4864	-412.00232742607403
0.4872	-594.9359402476331
0.48800000000000004	-593.0613004944597
0.4888	-509.9522679999095
0.48960000000000004	-259.06292303374653
0.4904	58.06383941671174
0.4912	362.69317328458123
0.49200000000000005	579.9955610621226
0.4928	697.6294713089411
0.49360000000000004	550.0012632049777
0.4944	344.41540757079383
0.49520000000000003	36.03680254693138
0.496	-276.2471273355376
0.4968	-520.5752274292215
0.49760000000000004	-634.3033743232329
0.4984	-588.8433610378067
0.49920000000000003	-396.3803263073513
0.5	-103.78018423283807
0.5008	216.7835089487669
0.5016	485.79472717133507
0.5024000000000001	643.7334519591321
0.5032	688.8811313859622
0.504	216.1586282594001
0.5048	194.75646514459538
0.5056	-125.49477472004253
0.5064000000000001	-412.3147674454479
0.5072	-596.0294801021391
0.508	-631.8038547405771
0.5088	-510.26470798481535
0.5096	-259.8440232383303
0.5104000000000001	57.7513991710708
0.5112	362.38073283852054
0.512	579.8393407546525
0.5128	626.3929952618042
0.5136000000000001	555.4689735762654
0.5144000000000001	347.3835916940104
0.5152	35.568142197815746
0.516	-277.18444755825755
0.5168	-520.8876674106522
0.5176000000000001	-633.9909343756999
0.5184	-589.9369008985404
0.5192	-396.3803263073513
0.52	-103.46774407630927
0.5208	216.62728877634777
0.5216000000000001	485.79472717133507
0.5224	643.8896722934695
0.5232	674.8212998160734
0.524	213.81532568162498
0.5248	195.06890547513973
0.5256000000000001	-125.02611450179877
0.5264	-412.470987455091
0.5272	-594.3110603302728
0.528	-427.6243282524394
0.5288	-510.26470798481535
0.5296000000000001	-260.15646331992116
0.5304	58.06383941671174
0.5312	362.53695306152247
0.532	579.3706798326293
0.5328	506.8844641255366
0.5336000000000001	547.9703993726059
0.5344	344.25918735434453
0.5352	35.568142197815746
0.536	-277.0282275212227
0.5368	-520.419007438468
0.5376000000000001	-652.7373310782518
0.5384	-593.5299604330604
0.5392	-395.9116662692146
0.54	-104.4050645454132
0.5408000000000001	216.7835089487669
0.5416000000000001	484.85740555491543
0.5424	645.2956553055133
0.5432	695.7548270216164
0.544	211.94068362775164
0.5448000000000001	195.06890547513973
0.5456	-125.02611450179877
0.5464	-411.68988740658324
0.5472	-596.1857000812636
0.548	-631.4914147923602
0.5488000000000001	-509.9522679999095
0.5496	-259.5315831566008
0.5504	58.220059539601166
0.5512	362.22451261557546
0.552	579.3706798326293
0.5528000000000001	652.325570447073
0.5536	556.4062953620268
0.5544	348.3209130002975
0.5552	35.72436231414245
0.556	-277.34066759525837
0.5568000000000001	-520.7314474199494
0.5576	-634.7720342443725
0.5584	-589.1558009981311
0.5592	-396.22410629466884
0.56	-104.2488444673297
0.5608000000000001	216.62728877634777
0.5616	485.16984609347725
0.5624	643.1085706224511
0.5632	697.3170305936997
0.5640000000000001	219.59547206114385
0.5648000000000001	195.22512564048816
0.5656	-125.65099479271156
0.5664	-412.6272074647049
0.5672	-596.1857000812636
0.5680000000000001	-631.8038547405771
0.5688	-509.9522679999095
0.5696	-259.8440232383303
0.5704	58.06383941671174
0.5712	362.38073283852054
0.5720000000000001	579.5269001399058
0.5728	621.2377245094398
0.5736	546.0957558445444
0.5744	340.35368196134806
0.5752	35.88058243051432
0.5760000000000001	-276.5595674099138
0.5768	-520.5752274292215
0.5776	-633.9909343756999
0.5784	-589.4682409583635
0.5792	-396.69276633262683
0.5800000000000001	-104.56128462345647
0.5808	216.62728877634777
0.5816	485.95094744095246
0.5824	637.6408589720452
0.5832	677.6332660859018
0.5840000000000001	155.07654480315136
0.5848	195.22512564048816
0.5856	-125.18233457458614
0.5864	-412.3147674454479
0.5872	-596.0294801021391
0.5880000000000001	-632.1162946887083
0.5888	-509.48360802235754
0.5896	-259.5315831566008
0.5904	57.595179048319274
0.5912000000000001	362.53695306152247
0.5920000000000001	579.9955610621226
0.5928	654.2002145077599
0.5936	547.6579587839618
0.5944	338.9477000284453
0.5952000000000001	35.568142197815746
0.596	-277.18444755825755
0.5968	-520.5752274292215
0.5976	-634.1471543494771
0.5984	-589.1558009981311
0.5992000000000001	-395.9116662692146
0.6	-104.71750470145959
0.6008	216.47106860398026
0.6016	485.4822866322837
0.6024	637.172197977239
0.6032000000000001	683.7258597461905
0.604	196.00622646799334
0.6048	195.22512564048816
0.6056	-125.02611450179877
0.6064	-411.68988740658324
0.6072000000000001	-595.8732601229922
0.608	-631.6476347664793
0.6088	-509.9522679999095
0.6096	-259.5315831566008
0.6104	58.06383941671174
0.6112000000000001	362.69317328458123
0.612	579.9955610621226
0.6128	664.5107570147616
0.6136	546.720637019551
0.6144000000000001	341.1347830371434
0.6152000000000001	35.568142197815746
0.616	-276.8720074841538
0.6168	-520.8876674106522
0.6176	-633.6784944280815
0.6184000000000001	-589.6244609384454
0.6192000000000001	-396.536546320004
0.62	-104.2488444673297
0.6208	216.31484843166436
0.6216	485.0136258241657
0.6224000000000001	636.7035369830321
0.6232	682.6323172867095
0.624	169.60501919899153
0.6248	195.22512564048816
0.6256	-125.02611450179877
0.6264000000000001	-412.1585474357756
0.6272	-594.3110603302728
0.628	-500.89150839265636
0.6288	-509.63982801490056
0.6296	-259.06292303374653
0.6304000000000001	57.7513991710708
0.6312	362.69317328458123
0.632	579.9955610621226
0.6328	672.3217742613709
0.6336	549.2201617297195
0.6344000000000001	345.04028843715315
0.6352	35.568142197815746
0.636	-276.8720074841538
0.6368	-520.5752274292215
0.6376000000000001	-634.4595942969675
0.6384000000000001	-588.9995810179804
0.6392	-396.0678862819566
0.64	-104.2488444673297
0.6408	216.00240808718743
0.6416000000000001	485.16984609347725
0.6424000000000001	638.7344012955912
0.6432	692.3179791871991
0.644	170.54234014254078
0.6448	194.60024497939946
0.6456000000000001	-124.86989442897196
0.6464000000000001	-412.1585474357756
0.6472	-595.248380206177
0.648	-623.0555361579702
0.6488	-510.26470798481535
0.6496000000000001	-259.8440232383303
0.6504	57.90761929386829
0.6512	362.69317328458123
0.652	579.5269001399058
0.6528	676.0710625999446
0.6536000000000001	550.0012632049777
0.6544	344.72784800386114
0.6552	36.34924277990108
0.656	-276.8720074841538
0.6568	-520.8876674106522
0.6576000000000001	-633.5222744542403
0.6584	-589.6244609384454
0.6592	-396.3803263073513
0.66	-104.4050645454132
0.6608	216.31484843166436
0.6616000000000001	485.16984609347725
0.6624	641.2339266188195
0.6632	675.4461812074654
0.664	177.728467436279
0.6648000000000001	194.91268530984212
0.6656000000000001	-125.18233457458614
0.6664	-411.68988740658324
0.6672	-596.0294801021391
0.668	-631.4914147923602
0.6688000000000001	-509.63982801490056
0.6696000000000001	-260.15646331992116
0.6704	57.4389589256137
0.6712	362.38073283852054
0.672	579.683120447247
0.6728000000000001	654.6688755244433
0.6736000000000001	544.8459934975718
0.6744	338.9477000284453
0.6752	35.72436231414245
0.676	-277.18444755825755
0.6768000000000001	-520.8876674106522
0.6776	-633.8347144019012
0.6784	-588.8433610378067
0.6792	-396.3803263073513
0.68	-104.09262438920602
0.6808000000000001	216.7835089487669
0.6816	485.16984609347725
0.6824	639.2030622923961
0.6832	692.0055384766256
0.684	174.60406425205977
0.6848000000000001	195.22512564048816
0.6856	-125.33855464733404
0.6864	-412.1585474357756
0.6872	-595.8732601229922
0.6880000000000001	-632.4287346367539
0.6888000000000001	-510.1084879923752
0.6896	-260.31268336066466
0.6904	57.7513991710708
0.6912	362.53695306152247
0.6920000000000001	579.8393407546525
0.6928000000000001	692.0055384766256
0.6936	545.9395355509512
0.6944	338.9477000284453
0.6952	35.09948184910664
0.6960000000000001	-277.18444755825755
0.6968000000000001	-520.8876674106522
0.6976	-633.8347144019012
0.6984	-589.3120209782587
0.6992	-396.22410629466884
0.7000000000000001	-104.2488444673297
0.7008	216.47106860398026
0.7016	485.6385069017788
0.7024	639.5155029572661
0.7032	682.0074358827926
0.7040000000000001	176.63492631951897
0.7048	195.22512564048816
0.7056	-124.71367435610567
0.7064	-412.1585474357756
0.7072	-595.56082016463
0.7080000000000001	-631.8038547405771
0.7088	-510.1084879923752
0.7096	-259.37536311568397
0.7104	57.90761929386829
0.7112	362.38073283852054
0.7120000000000001	580.1517813696573
0.7128	659.3554857245718
0.7136	555.9376344688594
0.7144	347.3835916940104
0.7152000000000001	35.88058243051432
0.7160000000000001	-277.0282275212227
0.7168	-520.7314474199494
0.7176	-633.5222744542403
0.7184	-588.6871410576102
0.7192000000000001	-396.0678862819566
0.7200000000000001	-104.56128462345647
0.7208	216.7835089487669
0.7216	485.6385069017788
0.7224	640.1403842878063
0.7232000000000001	686.3816057331421
0.7240000000000001	231.93686591963214
0.7248	195.38134580588743
0.7256	-124.71367435610567
0.7264	-412.1585474357756
0.7272000000000001	-595.8732601229922
0.728	-632.2725146627419
0.7288	-509.63982801490056
0.7296	-259.2191430747326
0.7304	58.37627966253657
0.7312000000000001	362.69317328458123
0.732	579.9955610621226
0.7328	707.3151336180291
0.7336	549.5326023196324
0.7344	341.7596638987886
0.7352000000000001	35.568142197815746
0.736	-276.8720074841538
0.7368	-520.5752274292215
0.7376	-633.3660544803778
0.7384000000000001	-589.1558009981311
0.7392000000000001	-396.0678862819566
0.74	-104.2488444673297
0.7408	216.47106860398026
0.7416	485.4822866322837
0.7424000000000001	636.8597573143678
0.7432000000000001	690.1308942189403
0.744	143.98491410077577
0.7448	196.00622646799334
0.7456	-124.86989442897196
0.7464000000000001	-412.00232742607403
0.7472000000000001	-595.56082016463
0.748	-631.4914147923602
0.7488	-509.32738802978866
0.7496	-259.6878031974829
0.7504000000000001	58.06383941671174
0.7512000000000001	362.69317328458123
0.752	580.1517813696573
0.7528	662.9485535857312
0.7536	547.8141790782521
0.7544000000000001	333.94865319259264
0.7552	35.72436231414245
0.756	-277.18444755825755
0.7568	-520.1065674568853
0.7576	-634.1471543494771
0.7584000000000001	-589.3120209782587
0.7592	-396.69276633262683
0.76	-104.71750470145959
0.7608	216.00240808718743
0.7616	485.16984609347725
0.7624000000000001	640.9214859524822
0.7632	701.3787599132974
0.764	128.6753397340966
0.7648	195.22512564048816
0.7656000000000001	-125.02611450179877
0.7664000000000001	-412.1585474357756
0.7672	-596.1857000812636
0.768	-632.4287346367539
0.7688	-510.26470798481535
0.7696000000000001	-259.6878031974829
0.7704000000000001	57.7513991710708
0.7712	362.53695306152247
0.772	580.3080016772567
0.7728	677.7894864348716
0.7736000000000001	544.8459934975718
0.7744000000000001	337.2292776721653
0.7752	36.19302266339364
0.776	-277.0282275212227
0.7768	-520.419007438468
0.7776000000000001	-644.1452326271
0.7784000000000001	-591.0304407581518
0.7792	-396.84898634521994
0.78	-104.71750470145959
0.7808	216.00240808718743
0.7816000000000001	485.16984609347725
0.7824	641.5463672854238
0.7832	696.22348809252
0.784	172.57320219307113
0.7848	194.75646514459538
0.7856000000000001	-124.86989442897196
0.7864	-412.3147674454479
0.7872	-596.1857000812636
0.788	-632.4287346367539
0.7888000000000001	-510.1084879923752
0.7896000000000001	-259.8440232383303
0.7904	57.12651868034039
0.7912	361.91207216985566
0.792	579.3706798326293
0.7928000000000001	647.0140789942575
0.7936000000000001	547.5017384897347
0.7944	344.1029671379513
0.7952	36.34924277990108
0.796	-276.8720074841538
0.7968000000000001	-520.5752274292215
0.7976000000000001	-633.9909343756999
0.7984	-589.3120209782587
0.7992	-396.84898634521994
0.8	-105.34238501307036
0.8008000000000001	216.47106860398026
0.8016000000000001	484.85740555491543
0.8024	641.7025876188261
0.8032	694.0364031002565
0.804	177.41602711695361
0.8048000000000001	195.06890547513973
0.8056000000000001	-125.02611450179877
0.8064	-412.3147674454479
0.8072	-596.1857000812636
0.808	-632.1162946887083
0.8088000000000001	-509.63982801490056
0.8096	-260.0002432791431
0.8104	58.06383941671174
0.8112	362.0682923926871
0.812	579.8393407546525
0.8128000000000001	690.5995552824368
0.8136	551.4072458644428
0.8144	346.13382995544544
0.8152	36.03680254693138
0.8160000000000001	-276.71578744705084
0.8168000000000001	-520.419007438468
0.8176	-633.6784944280815
0.8184	-589.3120209782587
0.8192	-396.0678862819566
0.8200000000000001	-104.09262438920602
0.8208000000000001	216.00240808718743
0.8216	485.16984609347725
0.8224	639.0468419600612
0.8232	697.6294713089411
0.8240000000000001	123.05141457376708
0.8248000000000001	195.22512564048816
0.8256	-125.02611450179877
0.8264	-411.8461074163432
0.8272	-596.0294801021391
0.8280000000000001	-632.2725146627419
0.8288000000000001	-509.7960480074179
0.8296	-259.5315831566008
0.8304	58.06383941671174
0.8312	362.8493935076968
0.8320000000000001	580.4642219849204
0.8328	691.6930977663262
0.8336	547.6579587839618
0.8344	341.6034436832932
0.8352	35.568142197815746
0.8360000000000001	-277.18444755825755
0.8368	-519.794127475201
0.8376	-633.3660544803778
0.8384	-588.3747010971483
0.8392000000000001	-396.0678862819566
0.8400000000000001	-103.78018423283807
0.8408	216.62728877634777
0.8416	485.4822866322837
0.8424	644.5145536314872
0.8432000000000001	694.3488438126133
0.8440000000000001	134.45548510325182
0.8448	195.38134580588743
0.8456	-124.71367435610567
0.8464	-411.68988740658324
0.8472000000000001	-595.4046001854148
0.8480000000000001	-638.3650936334175
0.8488	-509.48360802235754
0.8496	-259.2191430747326
0.8504	57.4389589256137
0.8512000000000001	362.38073283852054
0.8520000000000001	580.3080016772567
0.8528	595.7738124500864
0.8536	545.6270949639548
0.8544	341.1347830371434
0.8552000000000001	36.34924277990108
0.8560000000000001	-277.34066759525837
0.8568	-520.419007438468
0.8576	-681.3255854799692
0.8584	-598.2165598078188
0.8592000000000001	-396.536546320004
0.86	-104.4050645454132
0.8608	216.31484843166436
0.8616	485.16984609347725
0.8624	645.9205366459381
0.8632000000000001	695.9110473785156
0.864	188.0389980870051
0.8648	195.22512564048816
0.8656	-125.02611450179877
0.8664000000000001	-411.8461074163432
0.8672000000000001	-594.4672803096469
0.868	-573.0651429211598
0.8688	-509.7960480074179
0.8696	-260.0002432791431
0.8704000000000001	57.4389589256137
0.8712000000000001	362.38073283852054
0.872	579.8393407546525
0.8728	542.3464688157784
0.8736	558.2809389404318
0.8744000000000001	348.1646927824422
0.8752000000000001	35.568142197815746
0.876	-277.34066759525837
0.8768	-520.5752274292215
0.8776	-651.1751313645373
0.8784000000000001	-597.2792399344995
0.8792000000000001	-396.84898634521994
0.88	-104.71750470145959
0.8808	216.1586282594001
0.8816	484.54496501659816
0.8824000000000001	646.232977316552
0.8832000000000001	687.9438092641029
0.884	235.0612694796431
0.8848	195.22512564048816
0.8856	-124.55745428319993
0.8864000000000001	-411.8461074163432
0.8872	-596.3419200603653
0.888	-632.1162946887083
0.8888	-509.48360802235754
0.8896000000000001	-260.31268336066466
0.8904000000000001	57.7513991710708
0.8912	362.53695306152247
0.892	580.3080016772567
0.8928	608.4276581023158
0.8936000000000001	563.7486494299425
0.8944000000000001	350.1955556189539
0.8952	36.03680254693138
0.896	-277.34066759525837
0.8968	-520.2627874476893
0.8976000000000001	-634.3033743232329
0.8984000000000001	-589.3120209782587
0.8992	-397.1614263703168
0.9	-104.71750470145959
0.9008	216.00240808718743
0.9016000000000001	484.54496501659816
0.9024000000000001	646.0767569812115
0.9032	687.162707497768
0.904	192.72560300101193
0.9048	194.91268530984212
0.9056000000000001	-124.86989442897196
0.9064000000000001	-411.68988740658324
0.9072	-596.1857000812636
0.908	-632.1162946887083
0.9088	-509.32738802978866
0.9096000000000001	-259.5315831566008
0.9104000000000001	57.7513991710708
0.9112	363.16183395409837
0.912	579.9955610621226
0.9128000000000001	669.3535876877174
0.9136000000000001	551.2510255686926
0.9144	346.13382995544544
0.9152	36.03680254693138
0.916	-276.8720074841538
0.9168000000000001	-519.9503474660557
0.9176000000000001	-633.9909343756999
0.9184	-589.4682409583635
0.9192	-396.84898634521994
0.92	-104.2488444673297
0.9208000000000001	216.00240808718743
0.9216000000000001	485.95094744095246
0.9224	637.6408589720452
0.9232	685.1318429132945
0.924	135.08036568768875
0.9248000000000001	195.69378613683867
0.9256000000000001	-124.55745428319993
0.9264	-411.8461074163432
0.9272	-595.56082016463
0.928	-642.7392528745329
0.9288000000000001	-509.48360802235754
0.9296000000000001	-259.2191430747326
0.9304	57.4389589256137
0.9312	362.8493935076968
0.932	579.9955610621226
0.9328000000000001	607.1778955496649
0.9336000000000001	546.4081964319209
0.9344	337.5417181000764
0.9352	36.19302266339364
0.936	-276.71578744705084
0.9368000000000001	-519.794127475201
0.9376000000000001	-654.6119707319822
0.9384	-595.248380206177
0.9392	-396.0678862819566
0.9400000000000001	-104.09262438920602
0.9408000000000001	216.1586282594001
0.9416	485.16984609347725
0.9424	644.8269943008969
0.9432	692.3179791871991
0.9440000000000001	136.0176865658057
0.9448000000000001	195.06890547513973
0.9456	-125.18233457458614
0.9464	-411.3774473869754
0.9472	-593.8424003920137
0.9480000000000001	-470.27238906454454
0.9488000000000001	-509.7960480074179
0.9496	-259.6878031974829
0.9504	57.595179048319274
0.9512	362.69317328458123
0.9520000000000001	580.1517813696573
0.9528000000000001	673.5715370365497
0.9536	546.720637019551
0.9544	343.00942562477076
0.9552	35.568142197815746
0.9560000000000001	-277.0282275212227
0.9568000000000001	-520.7314474199494
0.9576	-650.7064714500191
0.9584	-598.6852197441732
0.9592	-397.31764638282056
0.9600000000000001	-104.71750470145959
0.9608000000000001	216.1586282594001
0.9616	484.54496501659816
0.9624	645.7643163107316
0.9632000000000001	693.4115216763663
0.9640000000000001	190.06986021080797
0.9648	194.91268530984212
0.9656	-125.18233457458614
0.9664	-412.1585474357756
0.9672000000000001	-594.9359402476331
0.9680000000000001	-578.6890622770647
0.9688	-509.9522679999095
0.9696	-260.31268336066466
0.9704	57.12651868034039
0.9712000000000001	362.69317328458123
0.9720000000000001	579.3706798326293
0.9728	525.4746776358154
0.9736	558.9058201352741
0.9744	348.0084725646433
0.9752000000000001	35.88058243051432
0.9760000000000001	-277.34066759525837
0.9768	-520.7314474199494
0.9776	-634.3033743232329
0.9784	-589.4682409583635
0.9792000000000001	-396.3803263073513
0.9800000000000001	-104.56128462345647
0.9808	216.47106860398026
0.9816	485.0136258241657
0.9824	646.5454179874333
0.9832000000000001	684.6631818569787
0.9840000000000001	310.3594017037544
0.9848	195.06890547513973
0.9856	-124.71367435610567
0.9864	-412.1585474357756
0.9872000000000001	-596.0294801021391
0.9880000000000001	-632.4287346367539
0.9888	-509.7960480074179
0.9896	-260.0002432791431
0.9904000000000001	57.595179048319274
0.9912000000000001	362.8493935076968
0.992	579.8393407546525
0.9928	515.1641389413707
0.9936	567.8103772728707
0.9944000000000001	350.66421627488603
0.9952000000000001	36.34924277990108
0.996	-276.71578744705084
0.9968	-519.794127475201
0.9976	-633.5222744542403
0.9984000000000001	-589.4682409583635
0.9992000000000001	-396.69276633262683
