0	-230.02763385018375
0.0008	93.50417324426809
0.0016	395.1653501456511
0.0024000000000000002	597.7830492811207
0.0032	651.8352831852347
0.004	543.574602915075
0.0048000000000000004	301.7456582832422
0.0056	-13.662828856159777
0.0064	-324.69697722460063
0.007200000000000001	-557.3085663802042
0.008	-652.4465335537878
0.0088	-585.5843834528843
0.009600000000000001	-376.4058048589521
0.010400000000000001	-70.05828369498515
0.0112	252.06763623299148
0.012	512.799205946287
0.0128	645.5864696092748
0.013600000000000001	618.8727927788318
0.014400000000000001	437.03237592625607
0.0152	148.80610423767789
0.016	-175.66305453738204
0.016800000000000002	-454.3595900650636
0.0176	-624.0144982568575
0.0184	-639.9489357084082
0.019200000000000002	-496.2265499420914
0.02	-229.87141380103853
0.020800000000000003	93.9728336510692
0.0216	395.00912990809826
0.0224	597.9392695989251
0.023200000000000002	651.9915035260132
0.024	544.1994840971863
0.024800000000000003	301.7456582832422
0.0256	-13.97526906460638
0.0264	-325.1656373095236
0.027200000000000002	-557.3085663802042
0.028	-652.4465335537878
0.028800000000000003	-585.1157235077159
0.0296	-376.09336482314245
0.0304	-69.74584351716837
0.031200000000000002	252.06763623299148
0.032	512.9554262293166
0.0328	646.0551306237412
0.033600000000000005	618.5603521256525
0.0344	437.3448164331448
0.0352	149.2747646959566
0.036000000000000004	-174.7257341648306
0.0368	-454.67203007145366
0.0376	-623.8582782807224
0.038400000000000004	-639.0116158645278
0.0392	-495.75788995419447
0.04	-230.34007394836618
0.0408	94.12905378676454
0.041600000000000005	395.79023109644476
0.0424	598.0954899167949
0.0432	652.1477238668589
0.044000000000000004	544.1994840971863
0.0448	302.2143188947721
0.0456	-13.819048960404906
0.046400000000000004	-324.69697722460063
0.0472	-556.527466449918
0.048	-652.4465335537878
0.0488	-585.1157235077159
0.049600000000000005	-376.4058048589521
0.0504	-70.37072387263532
0.0512	251.91141604643215
0.052000000000000005	512.9554262293166
0.0528	645.1178085954125
0.0536	619.1852334322758
0.054400000000000004	437.03237592625607
0.055200000000000006	149.2747646959566
0.056	-174.4132940403434
0.0568	-454.8282500746067
0.057600000000000005	-624.326938209062
0.0584	-639.4802757865642
0.0592	-496.2265499420914
0.060000000000000005	-230.18385389929293
0.0608	93.66039337982097
0.0616	395.3215703832622
0.062400000000000004	597.9392695989251
0.0632	651.9915035260132
0.064	544.1994840971863
0.0648	301.5894380795087
0.0656	-14.131489168764197
0.0664	-325.3218573377661
0.06720000000000001	-556.527466449918
0.068	-652.9151934703672
0.0688	-585.1157235077159
0.06960000000000001	-376.8744649124358
0.0704	-70.21450378383105
0.0712	251.75519585992586
0.07200000000000001	512.799205946287
0.0728	645.8989102855185
0.0736	618.5603521256525
0.07440000000000001	436.5637151663707
0.0752	148.64988408501722
0.076	-174.7257341648306
0.07680000000000001	-454.8282500746067
0.0776	-624.6393781611786
0.0784	-639.7927157344816
0.0792	-496.0703299461523
0.08	-230.18385389929293
0.08080000000000001	93.66039337982097
0.0816	395.1653501456511
0.0824	596.8457273756691
0.08320000000000001	651.5228425038802
0.084	543.1059420291582
0.0848	301.9018784870306
0.08560000000000001	-13.819048960404906
0.0864	-325.63429739415346
0.0872	-557.1523463941957
0.08800000000000001	-652.758973498195
0.0888	-585.1157235077159
0.0896	-377.186904947938
0.09040000000000001	-70.05828369498515
0.0912	252.06763623299148
0.092	512.4867653804148
0.09280000000000001	644.8053679198398
0.0936	619.0290131055208
0.0944	436.7199354196061
0.0952	148.962324390388
0.096	-175.19439435127694
0.09680000000000001	-454.98447007773177
0.0976	-624.0144982568575
0.0984	-639.6364957605335
0.09920000000000001	-495.75788995419447
0.1	-230.4962939974035
0.1008	93.19173297330477
0.10160000000000001	395.1653501456511
0.1024	597.0019476930808
0.1032	651.5228425038802
0.10400000000000001	543.8870435060036
0.1048	301.43321787583005
0.1056	-13.662828856159777
0.10640000000000001	-325.00941728124855
0.1072	-556.6836864360239
0.108	-652.134093609297
0.10880000000000001	-585.8968234162135
0.1096	-376.56202487681065
0.11040000000000001	-69.90206360609758
0.11120000000000001	252.38007660626968
0.112	513.1116465124087
0.11280000000000001	645.742689947363
0.1136	618.716572452209
0.1144	437.1885961796706
0.11520000000000001	149.2747646959566
0.116	-174.4132940403434
0.1168	-455.1406900808289
0.11760000000000001	-624.326938209062
0.1184	-639.4802757865642
0.1192	-495.6016699581758
0.12000000000000001	-230.34007394836618
0.1208	93.9728336510692
0.1216	395.79023109644476
0.12240000000000001	597.1581680105579
0.1232	652.1477238668589
0.124	543.8870435060036
0.12480000000000001	302.52675930273324
0.12560000000000002	-13.506608751870981
0.1264	-325.00941728124855
0.1272	-556.8399064221054
0.128	-652.134093609297
0.1288	-585.1157235077159
0.1296	-376.56202487681065
0.13040000000000002	-69.74584351716837
0.1312	251.59897567347272
0.132	512.799205946287
0.1328	645.8989102855185
0.1336	618.8727927788318
0.13440000000000002	436.8761556729012
0.13520000000000001	149.2747646959566
0.136	-174.7257341648306
0.1368	-454.0471500585617
0.1376	-624.6393781611786
0.1384	-638.8553958904729
0.13920000000000002	-495.6016699581758
0.14	-230.4962939974035
0.1408	94.12905378676454
0.1416	395.1653501456511
0.1424	597.3143883281004
0.1432	651.9915035260132
0.14400000000000002	544.824365280314
0.1448	302.05809869087386
0.1456	-13.662828856159777
0.1464	-325.00941728124855
0.1472	-557.1523463941957
0.14800000000000002	-652.134093609297
0.14880000000000002	-585.1157235077159
0.1496	-376.56202487681065
0.1504	-69.74584351716837
0.1512	251.91141604643215
0.152	513.4240870787801
0.15280000000000002	645.742689947363
0.15360000000000001	619.0290131055208
0.1544	436.7199354196061
0.1552	148.80610423767789
0.156	-174.8819542270173
0.1568	-454.20337006182666
0.15760000000000002	-624.1707182329707
0.1584	-639.1678358385614
0.1592	-495.75788995419447
0.16	-230.34007394836618
0.1608	93.50417324426809
0.16160000000000002	395.4777906209315
0.16240000000000002	597.0019476930808
0.1632	652.3039442077719
0.164	543.8870435060036
0.1648	301.9018784870306
0.1656	-13.662828856159777
0.16640000000000002	-325.3218573377661
0.16720000000000002	-556.8399064221054
0.168	-652.134093609297
0.1688	-585.7406034345605
0.1696	-376.8744649124358
0.1704	-70.21450378383105
0.17120000000000002	251.44275548707262
0.17200000000000001	512.9554262293166
0.1728	645.5864696092748
0.1736	619.0290131055208
0.1744	436.5637151663707
0.1752	148.962324390388
0.17600000000000002	-174.8819542270173
0.1768	-454.8282500746067
0.1776	-623.8582782807224
0.1784	-639.3240558125734
0.1792	-495.9141099501866
0.18000000000000002	-230.34007394836618
0.18080000000000002	93.50417324426809
0.1816	395.1653501456511
0.1824	597.3143883281004
0.1832	651.3666221633038
0.184	543.574602915075
0.18480000000000002	301.7456582832422
0.18560000000000001	-14.131489168764197
0.1864	-325.4780773659761
0.1872	-557.1523463941957
0.188	-652.758973498195
0.1888	-585.5843834528843
0.18960000000000002	-376.71824489463864
0.1904	-70.68316405011889
0.1912	252.06763623299148
0.192	512.9554262293166
0.1928	645.742689947363
0.19360000000000002	617.9354708200879
0.19440000000000002	436.09505440702264
0.1952	148.962324390388
0.196	-174.8819542270173
0.1968	-454.67203007145366
0.1976	-624.6393781611786
0.19840000000000002	-639.6364957605335
0.19920000000000002	-496.2265499420914
0.2	-230.4962939974035
0.2008	93.50417324426809
0.2016	394.69668943316725
0.2024	597.1581680105579
0.20320000000000002	651.5228425038802
0.20400000000000001	543.1059420291582
0.2048	301.9018784870306
0.2056	-13.97526906460638
0.2064	-325.1656373095236
0.20720000000000002	-556.527466449918
0.20800000000000002	-652.758973498195
0.2088	-586.2092633794493
0.2096	-376.8744649124358
0.2104	-70.37072387263532
0.2112	251.91141604643215
0.21200000000000002	512.9554262293166
0.21280000000000002	645.742689947363
0.2136	618.2479114727378
0.2144	436.8761556729012
0.2152	149.11854454314758
0.216	-174.2570739780429
0.21680000000000002	-454.8282500746067
0.21760000000000002	-624.6393781611786
0.2184	-639.9489357084082
0.2192	-496.0703299461523
0.22	-230.4962939974035
0.22080000000000002	93.3479531087627
0.22160000000000002	395.4777906209315
0.22240000000000001	597.0019476930808
0.2232	651.9915035260132
0.224	543.7308232105075
0.2248	301.9018784870306
0.22560000000000002	-13.819048960404906
0.22640000000000002	-325.4780773659761
0.2272	-556.8399064221054
0.228	-652.134093609297
0.2288	-586.2092633794493
0.2296	-376.2495848410626
0.23040000000000002	-70.05828369498515
0.23120000000000002	252.06763623299148
0.232	512.9554262293166
0.2328	646.5237916388122
0.2336	618.8727927788318
0.23440000000000003	436.8761556729012
0.23520000000000002	149.11854454314758
0.23600000000000002	-174.8819542270173
0.2368	-454.98447007773177
0.2376	-624.0144982568575
0.2384	-639.6364957605335
0.23920000000000002	-495.28922996605905
0.24000000000000002	-229.87141380103853
0.24080000000000001	94.2852739225074
0.2416	395.1653501456511
0.2424	596.6895070583226
0.2432	652.3039442077719
0.24400000000000002	543.574602915075
0.24480000000000002	302.05809869087386
0.2456	-13.819048960404906
0.2464	-325.4780773659761
0.2472	-556.3712464637879
0.248	-652.758973498195
0.24880000000000002	-585.5843834528843
0.24960000000000002	-376.56202487681065
0.2504	-69.90206360609758
0.25120000000000003	252.38007660626968
0.252	512.9554262293166
0.2528	646.0551306237412
0.2536	618.716572452209
0.2544	436.251274660079
0.25520000000000004	149.11854454314758
0.256	-175.03817428916608
0.25680000000000003	-455.1406900808289
0.2576	-624.0144982568575
0.2584	-639.3240558125734
0.2592	-495.75788995419447
0.26	-230.18385389929293
0.26080000000000003	93.81661351542132
0.2616	394.85290967060365
0.2624	597.626828963382
0.2632	651.8352831852347
0.264	543.7308232105075
0.26480000000000004	302.05809869087386
0.2656	-13.662828856159777
0.2664	-324.69697722460063
0.2672	-556.8399064221054
0.268	-652.4465335537878
0.26880000000000004	-585.8968234162135
0.2696	-376.56202487681065
0.27040000000000003	-70.05828369498515
0.2712	251.75519585992586
0.272	512.6429856633196
0.2728	646.0551306237412
0.2736	618.8727927788318
0.27440000000000003	437.1885961796706
0.2752	149.2747646959566
0.276	-174.8819542270173
0.2768	-455.2969100838981
0.2776	-624.0144982568575
0.27840000000000004	-638.8553958904729
0.2792	-496.0703299461523
0.28	-230.96495414429975
0.2808	93.50417324426809
0.2816	395.9464513342888
0.28240000000000004	597.3143883281004
0.2832	651.3666221633038
0.28400000000000003	544.0432638015633
0.2848	302.68297950679613
0.2856	-13.506608751870981
0.2864	-324.8531972529409
0.2872	-557.1523463941957
0.28800000000000003	-652.4465335537878
0.2888	-585.7406034345605
0.2896	-376.8744649124358
0.2904	-70.05828369498515
0.2912	251.1303151144319
0.29200000000000004	512.6429856633196
0.2928	646.0551306237412
0.2936	617.9354708200879
0.2944	436.4074949131951
0.2952	148.80610423767789
0.29600000000000004	-175.35061441334986
0.2968	-455.1406900808289
0.29760000000000003	-624.4831581851312
0.2984	-639.1678358385614
0.2992	-496.0703299461523
0.3	-230.80873409537028
0.3008	93.66039337982097
0.30160000000000003	394.85290967060365
0.3024	597.3143883281004
0.3032	651.9915035260132
0.304	543.7308232105075
0.3048	302.05809869087386
0.30560000000000004	-13.506608751870981
0.3064	-324.8531972529409
0.30720000000000003	-556.8399064221054
0.308	-652.758973498195
0.3088	-585.5843834528843
0.30960000000000004	-376.56202487681065
0.3104	-69.74584351716837
0.31120000000000003	251.44275548707262
0.312	512.9554262293166
0.3128	645.8989102855185
0.3136	618.2479114727378
0.3144	436.7199354196061
0.31520000000000004	149.2747646959566
0.316	-174.7257341648306
0.3168	-455.2969100838981
0.3176	-624.1707182329707
0.3184	-638.6991759163966
0.31920000000000004	-495.9141099501866
0.32	-230.02763385018375
0.32080000000000003	94.12905378676454
0.3216	395.4777906209315
0.3224	597.3143883281004
0.32320000000000004	652.3039442077719
0.324	543.8870435060036
0.32480000000000003	302.83919971091404
0.3256	-13.819048960404906
0.3264	-324.69697722460063
0.3272	-556.8399064221054
0.328	-652.4465335537878
0.32880000000000004	-585.5843834528843
0.3296	-375.9371448051915
0.3304	-69.58962342819747
0.3312	251.91141604643215
0.332	513.4240870787801
0.33280000000000004	645.5864696092748
0.3336	618.4041317991621
0.33440000000000003	436.7199354196061
0.3352	148.962324390388
0.336	-174.8819542270173
0.33680000000000004	-454.8282500746067
0.3376	-624.0144982568575
0.33840000000000003	-639.3240558125734
0.3392	-495.6016699581758
0.34	-230.02763385018375
0.3408	94.12905378676454
0.3416	394.85290967060365
0.34240000000000004	597.3143883281004
0.3432	651.9915035260132
0.34400000000000003	544.5119246886233
0.3448	302.05809869087386
0.3456	-13.97526906460638
0.34640000000000004	-325.00941728124855
0.3472	-556.6836864360239
0.34800000000000003	-652.2903135815529
0.3488	-585.8968234162135
0.3496	-375.9371448051915
0.3504	-69.58962342819747
0.3512	251.75519585992586
0.35200000000000004	512.6429856633196
0.3528	646.367571300388
0.3536	618.2479114727378
0.3544	436.4074949131951
0.3552	149.11854454314758
0.35600000000000004	-174.4132940403434
0.3568	-454.98447007773177
0.35760000000000003	-624.0144982568575
0.3584	-639.6364957605335
0.3592	-495.6016699581758
0.36000000000000004	-230.34007394836618
0.3608	93.66039337982097
0.36160000000000003	394.38424895846896
0.3624	597.0019476930808
0.3632	652.1477238668589
0.364	543.7308232105075
0.3648	302.3705390987252
0.36560000000000004	-13.819048960404906
0.3664	-325.63429739415346
0.3672	-556.8399064221054
0.368	-652.758973498195
0.3688	-585.8968234162135
0.36960000000000004	-376.2495848410626
0.3704	-70.21450378383105
0.37120000000000003	251.44275548707262
0.372	513.5803073620594
0.3728	646.367571300388
0.37360000000000004	618.5603521256525
0.3744	436.251274660079
0.37520000000000003	148.64988408501722
0.376	-175.03817428916608
0.3768	-454.8282500746067
0.3776	-624.1707182329707
0.3784	-639.3240558125734
0.37920000000000004	-495.6016699581758
0.38	-230.34007394836618
0.3808	93.81661351542132
0.3816	395.1653501456511
0.3824	597.1581680105579
0.38320000000000004	651.9915035260132
0.384	544.0432638015633
0.38480000000000003	301.9018784870306
0.3856	-13.819048960404906
0.3864	-325.1656373095236
0.38720000000000004	-556.8399064221054
0.388	-653.2276334146491
0.38880000000000003	-585.7406034345605
0.3896	-376.56202487681065
0.3904	-70.05828369498515
0.3912	252.06763623299148
0.392	513.1116465124087
0.39280000000000004	645.742689947363
0.3936	618.5603521256525
0.39440000000000003	437.03237592625607
0.3952	149.4309848488151
0.396	-174.8819542270173
0.39680000000000004	-454.67203007145366
0.3976	-623.5458383283865
0.39840000000000003	-639.7927157344816
0.3992	-495.75788995419447
0.4	-230.4962939974035
0.40080000000000005	93.50417324426809
0.4016	395.1653501456511
0.40240000000000004	597.3143883281004
0.4032	652.1477238668589
0.404	544.6681449844368
0.4048	302.3705390987252
0.4056	-13.662828856159777
0.40640000000000004	-324.8531972529409
0.4072	-556.9961264081627
0.40800000000000003	-653.2276334146491
0.4088	-585.8968234162135
0.4096	-375.9371448051915
0.41040000000000004	-70.21450378383105
0.4112	251.75519585992586
0.41200000000000003	513.8927479288056
0.4128	646.5237916388122
0.4136	618.8727927788318
0.41440000000000005	436.8761556729012
0.4152	149.7434251546805
0.41600000000000004	-174.8819542270173
0.4168	-454.67203007145366
0.4176	-624.0144982568575
0.4184	-639.4802757865642
0.4192	-495.28922996605905
0.42000000000000004	-230.80873409537028
0.4208	93.66039337982097
0.42160000000000003	395.00912990809826
0.4224	597.4706086457085
0.4232	651.9915035260132
0.42400000000000004	544.1994840971863
0.4248	302.52675930273324
0.42560000000000003	-13.35038864753852
0.4264	-324.54075719622784
0.4272	-556.6836864360239
0.42800000000000005	-652.602753526002
0.4288	-585.8968234162135
0.42960000000000004	-376.4058048589521
0.4304	-70.21450378383105
0.4312	251.59897567347272
0.432	513.5803073620594
0.4328	646.6800119773035
0.43360000000000004	618.716572452209
0.4344	437.50103668667873
0.43520000000000003	148.962324390388
0.436	-174.8819542270173
0.4368	-454.8282500746067
0.43760000000000004	-623.7020583045653
0.4384	-640.1051556823134
0.43920000000000003	-496.2265499420914
0.44	-230.65251404640486
0.4408	93.66039337982097
0.44160000000000005	394.85290967060365
0.4424	596.6895070583226
0.44320000000000004	652.1477238668589
0.444	544.6681449844368
0.44480000000000003	302.2143188947721
0.4456	-13.03794843874256
0.4464	-325.1656373095236
0.44720000000000004	-556.8399064221054
0.448	-653.0714134425186
0.44880000000000003	-586.0530433978431
0.4496	-376.56202487681065
0.4504	-70.21450378383105
0.45120000000000005	251.91141604643215
0.452	513.4240870787801
0.45280000000000004	645.5864696092748
0.4536	618.0916911463797
0.4544	437.03237592625607
0.45520000000000005	149.11854454314758
0.456	-174.4132940403434
0.45680000000000004	-454.98447007773177
0.4576	-624.0144982568575
0.45840000000000003	-639.6364957605335
0.4592	-495.75788995419447
0.46	-230.96495414429975
0.46080000000000004	93.50417324426809
0.4616	395.1653501456511
0.46240000000000003	597.0019476930808
0.4632	651.8352831852347
0.464	543.7308232105075
0.46480000000000005	302.2143188947721
0.4656	-13.662828856159777
0.46640000000000004	-325.3218573377661
0.4672	-556.6836864360239
0.468	-653.0714134425186
0.46880000000000005	-585.7406034345605
0.4696	-376.8744649124358
0.47040000000000004	-70.37072387263532
0.4712	251.28653530072577
0.47200000000000003	512.799205946287
0.4728	645.742689947363
0.4736	618.5603521256525
0.47440000000000004	436.7199354196061
0.4752	149.11854454314758
0.47600000000000003	-175.03817428916608
0.4768	-454.51581006827263
0.4776	-623.8582782807224
0.47840000000000005	-639.6364957605335
0.4792	-495.9141099501866
0.48000000000000004	-230.80873409537028
0.4808	93.66039337982097
0.48160000000000003	394.540469195789
0.4824	597.0019476930808
0.4832	652.1477238668589
0.48400000000000004	544.5119246886233
0.4848	302.2143188947721
0.48560000000000003	-13.662828856159777
0.4864	-325.3218573377661
0.4872	-556.6836864360239
0.48800000000000004	-652.9151934703672
0.4888	-585.5843834528843
0.48960000000000004	-376.56202487681065
0.4904	-70.05828369498515
0.4912	252.06763623299148
0.49200000000000005	513.4240870787801
0.4928	646.367571300388
0.49360000000000004	618.716572452209
0.4944	436.7199354196061
0.49520000000000003	148.962324390388
0.496	-174.10085391570448
0.4968	-454.67203007145366
0.49760000000000004	-623.8582782807224
0.4984	-639.1678358385614
0.49920000000000003	-495.75788995419447
0.5	-230.65251404640486
0.5008	93.9728336510692
0.5016	395.00912990809826
0.5024000000000001	597.3143883281004
0.5032	651.9915035260132
0.504	544.3557043928731
0.5048	302.68297950679613
0.5056	-13.819048960404906
0.5064000000000001	-324.69697722460063
0.5072	-556.3712464637879
0.508	-652.4465335537878
0.5088	-586.2092633794493
0.5096	-375.7809247872098
0.5104000000000001	-70.37072387263532
0.5112	252.38007660626968
0.512	513.5803073620594
0.5128	645.742689947363
0.5136000000000001	618.2479114727378
0.5144000000000001	437.1885961796706
0.5152	149.2747646959566
0.516	-174.7257341648306
0.5168	-454.67203007145366
0.5176000000000001	-623.7020583045653
0.5184	-639.6364957605335
0.5192	-496.2265499420914
0.52	-230.34007394836618
0.5208	93.9728336510692
0.5216000000000001	394.540469195789
0.5224	597.0019476930808
0.5232	652.3039442077719
0.524	544.6681449844368
0.5248	302.05809869087386
0.5256000000000001	-13.819048960404906
0.5264	-325.00941728124855
0.5272	-556.8399064221054
0.528	-653.0714134425186
0.5288	-585.5843834528843
0.5296000000000001	-376.71824489463864
0.5304	-70.05828369498515
0.5312	252.06763623299148
0.532	513.4240870787801
0.5328	645.742689947363
0.5336000000000001	618.5603521256525
0.5344	437.3448164331448
0.5352	149.4309848488151
0.536	-174.8819542270173
0.5368	-454.67203007145366
0.5376000000000001	-623.8582782807224
0.5384	-639.9489357084082
0.5392	-495.6016699581758
0.54	-230.18385389929293
0.5408000000000001	93.3479531087627
0.5416000000000001	395.1653501456511
0.5424	597.4706086457085
0.5432	652.3039442077719
0.544	544.5119246886233
0.5448000000000001	302.3705390987252
0.5456	-13.506608751870981
0.5464	-324.8531972529409
0.5472	-556.8399064221054
0.548	-653.2276334146491
0.5488000000000001	-586.0530433978431
0.5496	-376.09336482314245
0.5504	-69.90206360609758
0.5512	252.06763623299148
0.552	513.2678667955631
0.5528000000000001	646.0551306237412
0.5536	618.5603521256525
0.5544	437.3448164331448
0.5552	149.11854454314758
0.556	-174.7257341648306
0.5568000000000001	-454.3595900650636
0.5576	-623.7020583045653
0.5584	-639.6364957605335
0.5592	-495.6016699581758
0.56	-230.96495414429975
0.5608000000000001	93.3479531087627
0.5616	394.69668943316725
0.5624	597.3143883281004
0.5632	651.9915035260132
0.5640000000000001	544.824365280314
0.5648000000000001	301.9018784870306
0.5656	-13.819048960404906
0.5664	-325.00941728124855
0.5672	-557.1523463941957
0.5680000000000001	-653.0714134425186
0.5688	-586.3654833610324
0.5696	-376.4058048589521
0.5704	-70.68316405011889
0.5712	252.06763623299148
0.5720000000000001	513.1116465124087
0.5728	645.4302492712535
0.5736	618.4041317991621
0.5744	436.8761556729012
0.5752	149.4309848488151
0.5760000000000001	-175.03817428916608
0.5768	-454.51581006827263
0.5776	-623.8582782807224
0.5784	-639.6364957605335
0.5792	-496.3827699380041
0.5800000000000001	-231.12117419319335
0.5808	93.66039337982097
0.5816	394.69668943316725
0.5824	597.4706086457085
0.5832	652.4601645487523
0.5840000000000001	544.1994840971863
0.5848	302.05809869087386
0.5856	-13.97526906460638
0.5864	-325.1656373095236
0.5872	-557.3085663802042
0.5880000000000001	-653.2276334146491
0.5888	-585.2719434894619
0.5896	-376.56202487681065
0.5904	-70.21450378383105
0.5912000000000001	252.06763623299148
0.5920000000000001	512.9554262293166
0.5928	645.742689947363
0.5936	618.716572452209
0.5944	437.1885961796706
0.5952000000000001	149.4309848488151
0.596	-174.7257341648306
0.5968	-454.3595900650636
0.5976	-623.8582782807224
0.5984	-639.6364957605335
0.5992000000000001	-496.5389899338903
0.6	-230.18385389929293
0.6008	93.3479531087627
0.6016	394.85290967060365
0.6024	597.1581680105579
0.6032000000000001	652.3039442077719
0.604	544.824365280314
0.6048	302.68297950679613
0.6056	-13.819048960404906
0.6064	-324.8531972529409
0.6072000000000001	-557.4647863661885
0.608	-653.3838533867585
0.6088	-585.2719434894619
0.6096	-376.71824489463864
0.6104	-70.37072387263532
0.6112000000000001	251.75519585992586
0.612	513.2678667955631
0.6128	645.1178085954125
0.6136	618.0916911463797
0.6144000000000001	437.1885961796706
0.6152000000000001	149.4309848488151
0.616	-174.8819542270173
0.6168	-454.8282500746067
0.6176	-624.0144982568575
0.6184000000000001	-639.6364957605335
0.6192000000000001	-496.69520992975004
0.62	-230.02763385018375
0.6208	93.66039337982097
0.6216	394.540469195789
0.6224000000000001	597.3143883281004
0.6232	652.4601645487523
0.624	544.824365280314
0.6248	302.05809869087386
0.6256	-13.19416854316238
0.6264000000000001	-324.8531972529409
0.6272	-557.1523463941957
0.628	-652.758973498195
0.6288	-585.7406034345605
0.6296	-376.71824489463864
0.6304000000000001	-70.21450378383105
0.6312	252.06763623299148
0.632	513.1116465124087
0.6328	645.742689947363
0.6336	618.8727927788318
0.6344000000000001	437.3448164331448
0.6352	149.58720500172308
0.636	-174.7257341648306
0.6368	-454.98447007773177
0.6376000000000001	-623.5458383283865
0.6384000000000001	-639.4802757865642
0.6392	-496.0703299461523
0.64	-230.18385389929293
0.6408	93.3479531087627
0.6416000000000001	394.85290967060365
0.6424000000000001	597.4706086457085
0.6432	653.0850459133482
0.644	544.5119246886233
0.6448	302.3705390987252
0.6456000000000001	-13.03794843874256
0.6464000000000001	-324.69697722460063
0.6472	-555.5901465327715
0.648	-652.758973498195
0.6488	-585.4281634711848
0.6496000000000001	-376.71824489463864
0.6504	-70.05828369498515
0.6512	252.06763623299148
0.652	513.1116465124087
0.6528	646.0551306237412
0.6536000000000001	618.8727927788318
0.6544	437.50103668667873
0.6552	149.2747646959566
0.656	-174.4132940403434
0.6568	-454.51581006827263
0.6576000000000001	-624.0144982568575
0.6584	-639.3240558125734
0.6592	-496.69520992975004
0.66	-230.02763385018375
0.6608	93.81661351542132
0.6616000000000001	395.1653501456511
0.6624	597.3143883281004
0.6632	652.4601645487523
0.664	544.3557043928731
0.6648000000000001	302.52675930273324
0.6656000000000001	-13.35038864753852
0.6664	-324.69697722460063
0.6672	-556.6836864360239
0.668	-652.9151934703672
0.6688000000000001	-585.2719434894619
0.6696000000000001	-376.56202487681065
0.6704	-70.05828369498515
0.6712	252.06763623299148
0.672	512.6429856633196
0.6728000000000001	645.742689947363
0.6736000000000001	618.5603521256525
0.6744	437.03237592625607
0.6752	149.4309848488151
0.676	-174.4132940403434
0.6768000000000001	-454.51581006827263
0.6776	-623.5458383283865
0.6784	-639.4802757865642
0.6792	-496.69520992975004
0.68	-230.65251404640486
0.6808000000000001	93.03551283789432
0.6816	394.38424895846896
0.6824	597.626828963382
0.6832	652.3039442077719
0.684	544.3557043928731
0.6848000000000001	301.7456582832422
0.6856	-13.35038864753852
0.6864	-325.00941728124855
0.6872	-556.8399064221054
0.6880000000000001	-652.758973498195
0.6888000000000001	-585.5843834528843
0.6896	-376.56202487681065
0.6904	-70.52694396139792
0.6912	251.44275548707262
0.6920000000000001	513.4240870787801
0.6928000000000001	645.742689947363
0.6936	618.5603521256525
0.6944	437.1885961796706
0.6952	149.58720500172308
0.6960000000000001	-174.8819542270173
0.6968000000000001	-454.67203007145366
0.6976	-624.0144982568575
0.6984	-640.1051556823134
0.6992	-496.85142992558326
0.7000000000000001	-230.65251404640486
0.7008	93.19173297330477
0.7016	394.69668943316725
0.7024	597.0019476930808
0.7032	652.1477238668589
0.7040000000000001	544.0432638015633
0.7048	301.9018784870306
0.7056	-13.819048960404906
0.7064	-324.8531972529409
0.7072	-557.4647863661885
0.7080000000000001	-652.758973498195
0.7088	-585.4281634711848
0.7096	-376.71824489463864
0.7104	-70.83938413879822
0.7112	251.59897567347272
0.7120000000000001	513.5803073620594
0.7128	645.4302492712535
0.7136	618.5603521256525
0.7144	437.3448164331448
0.7152000000000001	149.2747646959566
0.7160000000000001	-174.7257341648306
0.7168	-454.0471500585617
0.7176	-624.0144982568575
0.7184	-639.6364957605335
0.7192000000000001	-496.5389899338903
0.7200000000000001	-230.4962939974035
0.7208	93.3479531087627
0.7216	394.540469195789
0.7224	597.626828963382
0.7232000000000001	652.3039442077719
0.7240000000000001	544.9805855762551
0.7248	302.68297950679613
0.7256	-13.662828856159777
0.7264	-324.69697722460063
0.7272000000000001	-557.4647863661885
0.728	-652.4465335537878
0.7288	-585.5843834528843
0.7296	-376.4058048589521
0.7304	-70.05828369498515
0.7312000000000001	251.59897567347272
0.732	513.2678667955631
0.7328	645.742689947363
0.7336	618.716572452209
0.7344	437.65725694027236
0.7352000000000001	149.58720500172308
0.736	-173.94463385332807
0.7368	-454.51581006827263
0.7376	-623.2333983759626
0.7384000000000001	-639.1678358385614
0.7392000000000001	-496.2265499420914
0.74	-230.34007394836618
0.7408	93.66039337982097
0.7416	394.85290967060365
0.7424000000000001	597.7830492811207
0.7432000000000001	652.6163848898003
0.744	544.6681449844368
0.7448	302.52675930273324
0.7456	-13.35038864753852
0.7464000000000001	-324.69697722460063
0.7472000000000001	-556.6836864360239
0.748	-652.602753526002
0.7488	-585.4281634711848
0.7496	-376.56202487681065
0.7504000000000001	-70.05828369498515
0.7512000000000001	252.38007660626968
0.752	513.2678667955631
0.7528	646.2113509620311
0.7536	619.0290131055208
0.7544000000000001	437.3448164331448
0.7552	149.7434251546805
0.756	-173.94463385332807
0.7568	-454.3595900650636
0.7576	-623.7020583045653
0.7584000000000001	-639.4802757865642
0.7592	-496.5389899338903
0.76	-230.65251404640486
0.7608	93.3479531087627
0.7616	394.38424895846896
0.7624000000000001	597.626828963382
0.7632	652.6163848898003
0.764	544.5119246886233
0.7648	302.68297950679613
0.7656000000000001	-13.19416854316238
0.7664000000000001	-324.69697722460063
0.7672	-556.8399064221054
0.768	-652.4465335537878
0.7688	-585.2719434894619
0.7696000000000001	-376.56202487681065
0.7704000000000001	-69.90206360609758
0.7712	252.22385641960406
0.772	513.2678667955631
0.7728	646.0551306237412
0.7736000000000001	618.716572452209
0.7744000000000001	437.03237592625607
0.7752	149.58720500172308
0.776	-174.10085391570448
0.7768	-454.8282500746067
0.7776000000000001	-624.6393781611786
0.7784000000000001	-639.9489357084082
0.7792	-496.85142992558326
0.78	-230.80873409537028
0.7808	93.66039337982097
0.7816000000000001	394.22802872120707
0.7824	597.3143883281004
0.7832	652.4601645487523
0.784	544.1994840971863
0.7848	302.52675930273324
0.7856000000000001	-13.19416854316238
0.7864	-324.69697722460063
0.7872	-557.3085663802042
0.788	-652.2903135815529
0.7888000000000001	-585.4281634711848
0.7896000000000001	-376.4058048589521
0.7904	-70.52694396139792
0.7912	251.75519585992586
0.792	512.799205946287
0.7928000000000001	645.4302492712535
0.7936000000000001	618.2479114727378
0.7944	437.1885961796706
0.7952	149.11854454314758
0.796	-174.7257341648306
0.7968000000000001	-454.98447007773177
0.7976000000000001	-624.0144982568575
0.7984	-640.1051556823134
0.7992	-496.3827699380041
0.8	-230.4962939974035
0.8008000000000001	93.19173297330477
0.8016000000000001	394.540469195789
0.8024	597.3143883281004
0.8032	651.8352831852347
0.804	544.0432638015633
0.8048000000000001	302.05809869087386
0.8056000000000001	-13.506608751870981
0.8064	-325.1656373095236
0.8072	-557.1523463941957
0.808	-652.4465335537878
0.8088000000000001	-585.5843834528843
0.8096	-376.2495848410626
0.8104	-70.52694396139792
0.8112	251.75519585992586
0.812	512.4867653804148
0.8128000000000001	645.742689947363
0.8136	618.716572452209
0.8144	437.03237592625607
0.8152	149.11854454314758
0.8160000000000001	-174.7257341648306
0.8168000000000001	-454.3595900650636
0.8176	-623.3896183521855
0.8184	-640.1051556823134
0.8192	-496.69520992975004
0.8200000000000001	-230.65251404640486
0.8208000000000001	93.3479531087627
0.8216	394.85290967060365
0.8224	597.626828963382
0.8232	652.4601645487523
0.8240000000000001	544.1994840971863
0.8248000000000001	302.2143188947721
0.8256	-13.819048960404906
0.8264	-325.1656373095236
0.8272	-557.1523463941957
0.8280000000000001	-652.2903135815529
0.8288000000000001	-585.5843834528843
0.8296	-376.8744649124358
0.8304	-70.68316405011889
0.8312	252.38007660626968
0.8320000000000001	513.5803073620594
0.8328	645.8989102855185
0.8336	618.4041317991621
0.8344	437.65725694027236
0.8352	149.11854454314758
0.8360000000000001	-174.8819542270173
0.8368	-454.0471500585617
0.8376	-624.0144982568575
0.8384	-639.6364957605335
0.8392000000000001	-496.3827699380041
0.8400000000000001	-230.34007394836618
0.8408	93.50417324426809
0.8416	394.85290967060365
0.8424	597.7830492811207
0.8432000000000001	652.1477238668589
0.8440000000000001	543.8870435060036
0.8448	302.05809869087386
0.8456	-13.819048960404906
0.8464	-324.8531972529409
0.8472000000000001	-557.4647863661885
0.8480000000000001	-652.4465335537878
0.8488	-585.2719434894619
0.8496	-376.56202487681065
0.8504	-69.90206360609758
0.8512000000000001	252.06763623299148
0.8520000000000001	513.1116465124087
0.8528	645.8989102855185
0.8536	618.4041317991621
0.8544	437.65725694027236
0.8552000000000001	149.4309848488151
0.8560000000000001	-174.4132940403434
0.8568	-454.67203007145366
0.8576	-624.0144982568575
0.8584	-639.9489357084082
0.8592000000000001	-496.3827699380041
0.86	-230.18385389929293
0.8608	93.50417324426809
0.8616	394.85290967060365
0.8624	597.626828963382
0.8632000000000001	652.3039442077719
0.864	544.1994840971863
0.8648	302.3705390987252
0.8656	-13.03794843874256
0.8664000000000001	-325.00941728124855
0.8672000000000001	-557.3085663802042
0.868	-651.9778736370201
0.8688	-585.2719434894619
0.8696	-376.4058048589521
0.8704000000000001	-70.37072387263532
0.8712000000000001	251.59897567347272
0.872	512.799205946287
0.8728	645.4302492712535
0.8736	618.2479114727378
0.8744000000000001	437.1885961796706
0.8752000000000001	149.2747646959566
0.876	-174.4132940403434
0.8768	-454.20337006182666
0.8776	-624.0144982568575
0.8784000000000001	-640.1051556823134
0.8792000000000001	-496.2265499420914
0.88	-230.34007394836618
0.8808	93.50417324426809
0.8816	394.22802872120707
0.8824000000000001	597.4706086457085
0.8832000000000001	652.1477238668589
0.884	543.574602915075
0.8848	301.7456582832422
0.8856	-13.819048960404906
0.8864000000000001	-324.69697722460063
0.8872	-556.9961264081627
0.888	-652.4465335537878
0.8888	-585.4281634711848
0.8896000000000001	-376.8744649124358
0.8904000000000001	-70.21450378383105
0.8912	251.75519585992586
0.892	512.799205946287
0.8928	645.742689947363
0.8936000000000001	618.5603521256525
0.8944000000000001	437.96969744763896
0.8952	149.7434251546805
0.896	-174.7257341648306
0.8968	-454.20337006182666
0.8976000000000001	-624.0144982568575
0.8984000000000001	-640.1051556823134
0.8992	-496.0703299461523
0.9	-230.02763385018375
0.9008	93.50417324426809
0.9016000000000001	394.22802872120707
0.9024000000000001	597.4706086457085
0.9032	651.6790628445237
0.904	544.0432638015633
0.9048	302.2143188947721
0.9056000000000001	-13.662828856159777
0.9064000000000001	-325.1656373095236
0.9072	-556.9961264081627
0.908	-652.758973498195
0.9088	-585.7406034345605
0.9096000000000001	-376.56202487681065
0.9104000000000001	-70.68316405011889
0.9112	251.59897567347272
0.912	513.1116465124087
0.9128000000000001	645.4302492712535
0.9136000000000001	618.8727927788318
0.9144	437.50103668667873
0.9152	149.7434251546805
0.916	-174.7257341648306
0.9168000000000001	-454.67203007145366
0.9176000000000001	-623.7020583045653
0.9184	-639.9489357084082
0.9192	-496.3827699380041
0.92	-230.18385389929293
0.9208000000000001	93.19173297330477
0.9216000000000001	394.69668943316725
0.9224	598.2517102347299
0.9232	652.1477238668589
0.924	544.3557043928731
0.9248000000000001	302.05809869087386
0.9256000000000001	-13.506608751870981
0.9264	-325.3218573377661
0.9272	-556.527466449918
0.928	-652.2903135815529
0.9288000000000001	-585.4281634711848
0.9296000000000001	-376.56202487681065
0.9304	-70.83938413879822
0.9312	251.59897567347272
0.932	512.9554262293166
0.9328000000000001	646.0551306237412
0.9336000000000001	618.8727927788318
0.9344	437.3448164331448
0.9352	149.58720500172308
0.936	-174.10085391570448
0.9368000000000001	-454.51581006827263
0.9376000000000001	-624.0144982568575
0.9384	-640.1051556823134
0.9392	-495.6016699581758
0.9400000000000001	-230.65251404640486
0.9408000000000001	93.3479531087627
0.9416	395.1653501456511
0.9424	597.626828963382
0.9432	652.6163848898003
0.9440000000000001	544.1994840971863
0.9448000000000001	302.05809869087386
0.9456	-13.506608751870981
0.9464	-324.69697722460063
0.9472	-556.2150264776333
0.9480000000000001	-652.758973498195
0.9488000000000001	-585.5843834528843
0.9496	-376.2495848410626
0.9504	-69.74584351716837
0.9512	251.59897567347272
0.9520000000000001	512.9554262293166
0.9528000000000001	645.4302492712535
0.9536	619.0290131055208
0.9544	437.65725694027236
0.9552	149.11854454314758
0.9560000000000001	-174.4132940403434
0.9568000000000001	-454.0471500585617
0.9576	-624.1707182329707
0.9584	-639.6364957605335
0.9592	-495.9141099501866
0.9600000000000001	-230.34007394836618
0.9608000000000001	93.50417324426809
0.9616	395.3215703832622
0.9624	597.626828963382
0.9632000000000001	651.8352831852347
0.9640000000000001	544.3557043928731
0.9648	302.3705390987252
0.9656	-13.662828856159777
0.9664	-325.3218573377661
0.9672000000000001	-556.527466449918
0.9680000000000001	-652.134093609297
0.9688	-585.4281634711848
0.9696	-376.8744649124358
0.9704	-70.52694396139792
0.9712000000000001	251.28653530072577
0.9720000000000001	512.9554262293166
0.9728	645.742689947363
0.9736	618.2479114727378
0.9744	437.50103668667873
0.9752000000000001	149.11854454314758
0.9760000000000001	-174.2570739780429
0.9768	-454.3595900650636
0.9776	-624.0144982568575
0.9784	-640.1051556823134
0.9792000000000001	-496.2265499420914
0.9800000000000001	-230.80873409537028
0.9808	93.3479531087627
0.9816	394.540469195789
0.9824	597.3143883281004
0.9832000000000001	651.3666221633038
0.9840000000000001	544.0432638015633
0.9848	302.05809869087386
0.9856	-13.819048960404906
0.9864	-325.1656373095236
0.9872000000000001	-557.1523463941957
0.9880000000000001	-652.602753526002
0.9888	-586.0530433978431
0.9896	-376.56202487681065
0.9904000000000001	-70.52694396139792
0.9912000000000001	251.44275548707262
0.992	512.6429856633196
0.9928	645.5864696092748
0.9936	618.4041317991621
0.9944000000000001	437.03237592625607
0.9952000000000001	149.2747646959566
0.996	-174.4132940403434
0.9968	-454.51581006827263
0.9976	-624.0144982568575
0.9984000000000001	-640.1051556823134
0.9992000000000001	-496.2265499420914
