0	147.00364502648682
0.0008	369.30497404653676
0.0016	500.3737659971905
0.0024000000000000002	505.9976960440019
0.0032	386.8016399360893
0.004	172.46753046945355
0.0048000000000000004	-84.82700926551827
0.0056	-319.1570934720626
0.0064	-477.5641874673968
0.007200000000000001	-515.5256464582043
0.008	-428.823546402396
0.0088	-233.39229220106625
0.009600000000000001	19.996677235413248
0.010400000000000001	266.5120762025182
0.0112	449.60217889997057
0.012	518.8077592295386
0.0128	460.2251565914313
0.013600000000000001	286.19582075196
0.014400000000000001	45.460556374651254
0.0152	-208.86574417251492
0.016	-412.88910545279373
0.016800000000000002	-512.5574665930212
0.0176	-486.3125073740219
0.0184	-342.43387750197
0.019200000000000002	-109.97844240426136
0.02	147.31608533067165
0.020800000000000003	369.1487538186287
0.0216	500.5299862751832
0.0224	505.52903520369443
0.023200000000000002	386.48919946742853
0.024	171.6864296692558
0.024800000000000003	-84.67078918060432
0.0256	-319.46953353093267
0.0264	-477.72040746647275
0.027200000000000002	-515.2132064728346
0.028	-428.9797664102092
0.028800000000000003	-233.86095234580972
0.0296	19.528016894399887
0.0304	266.1996358197388
0.031200000000000002	449.91461941632923
0.032	519.4326403712852
0.0328	460.3813768536837
0.033600000000000005	285.88338035557865
0.0344	45.30433625355062
0.0352	-208.24086395623794
0.036000000000000004	-413.20154547433816
0.0368	-512.8699065792696
0.0376	-486.15628737643
0.038400000000000004	-341.9652174278897
0.0392	-109.82222232589642
0.04	147.15986517855453
0.0408	369.1487538186287
0.041600000000000005	500.9986471095328
0.0424	505.3728149237162
0.0432	386.6454197017301
0.044000000000000004	171.530209509367
0.0448	-84.51456909564924
0.0456	-319.78197358967157
0.046400000000000004	-477.5641874673968
0.0472	-515.2132064728346
0.048	-429.4484264334754
0.0488	-233.70473229759773
0.049600000000000005	19.21557666728184
0.0504	266.8245165855122
0.0512	449.44595864188153
0.052000000000000005	518.4953186590411
0.0528	460.6938173783703
0.0536	286.3520409502323
0.054400000000000004	45.460556374651254
0.055200000000000006	-208.5533040644499
0.056	-413.20154547433816
0.0568	-512.8699065792696
0.057600000000000005	-485.5314073857938
0.0584	-342.43387750197
0.0592	-109.82222232589642
0.060000000000000005	147.47230548283812
0.0608	369.46119427450225
0.0616	500.6862065532378
0.062400000000000004	505.2165946438002
0.0632	386.6454197017301
0.064	172.1550901492236
0.0648	-84.67078918060432
0.0656	-319.93819361899193
0.0664	-477.5641874673968
0.06720000000000001	-515.3694264655323
0.068	-429.1359864179935
0.0688	-232.92363205600026
0.06960000000000001	19.059356553790067
0.0704	266.35585601110165
0.0712	450.07083967459874
0.07200000000000001	518.8077592295386
0.0728	461.1624781658543
0.0736	286.8207015453749
0.07440000000000001	45.929216738227744
0.0752	-207.77220379364462
0.076	-412.73288544197726
0.07680000000000001	-512.2450266066694
0.0776	-485.8438473811655
0.0784	-342.1214374526151
0.0792	-109.66600224749124
0.08	147.62852563505402
0.08080000000000001	369.617414502525
0.0816	500.9986471095328
0.0824	505.06037436394627
0.08320000000000001	387.11408040498173
0.084	172.1550901492236
0.0848	-84.04590884053717
0.08560000000000001	-319.46953353093267
0.0864	-477.4079674682937
0.0872	-515.3694264655323
0.08800000000000001	-428.823546402396
0.0888	-233.5485122493499
0.0896	19.684237008026166
0.09040000000000001	266.6682963939884
0.0912	449.7583991581198
0.092	519.1201998002866
0.09280000000000001	460.6938173783703
0.0936	286.8207015453749
0.0944	45.460556374651254
0.0952	-208.0846439020769
0.096	-412.88910545279373
0.09680000000000001	-512.4012465998583
0.0976	-486.00006737881114
0.0984	-341.652777378343
0.09920000000000001	-109.97844240426136
0.1	147.47230548283812
0.1008	369.92985495874234
0.10160000000000001	500.6862065532378
0.1024	505.2165946438002
0.1032	387.11408040498173
0.10400000000000001	171.9988699891841
0.1048	-83.73346867025673
0.1056	-319.93819361899193
0.10640000000000001	-477.2517474691634
0.1072	-515.3694264655323
0.108	-428.9797664102092
0.10880000000000001	-233.86095234580972
0.1096	19.684237008026166
0.11040000000000001	266.5120762025182
0.11120000000000001	449.60217889997057
0.112	519.2764200857547
0.11280000000000001	460.3813768536837
0.1136	286.9769217438645
0.1144	45.460556374651254
0.11520000000000001	-208.5533040644499
0.116	-413.20154547433816
0.1168	-513.0261265723549
0.11760000000000001	-486.00006737881114
0.1184	-342.1214374526151
0.1192	-110.29088256087059
0.12000000000000001	146.8474248744685
0.1208	369.46119427450225
0.1216	500.6862065532378
0.12240000000000001	505.2165946438002
0.1232	386.3329792331851
0.124	172.1550901492236
0.12480000000000001	-84.20212892561567
0.12560000000000002	-320.09441364827956
0.1264	-477.8766274655216
0.1272	-515.2132064728346
0.128	-428.9797664102092
0.1288	-233.5485122493499
0.1296	19.528016894399887
0.13040000000000002	266.6682963939884
0.1312	449.91461941632923
0.132	518.8077592295386
0.1328	460.8500376408044
0.1336	286.3520409502323
0.13440000000000002	45.148116132495744
0.13520000000000001	-207.9284238478791
0.136	-413.20154547433816
0.1368	-513.0261265723549
0.1376	-486.00006737881114
0.1384	-342.2776574773085
0.13920000000000002	-110.1346624825861
0.14	146.6912047224995
0.1408	368.9925335907778
0.1416	500.9986471095328
0.1424	505.06037436394627
0.1432	387.11408040498173
0.14400000000000002	171.9988699891841
0.1448	-84.35834901065301
0.1456	-319.6257535603185
0.1464	-477.2517474691634
0.1472	-515.3694264655323
0.14800000000000002	-429.60464644117326
0.14880000000000002	-233.86095234580972
0.1496	19.21557666728184
0.1504	266.0434156284295
0.1512	449.7583991581198
0.152	518.3390983738861
0.15280000000000002	460.53759711599673
0.15360000000000001	286.9769217438645
0.1544	45.460556374651254
0.1552	-208.0846439020769
0.156	-413.35776548506635
0.1568	-513.1823465654143
0.15760000000000002	-485.8438473811655
0.1584	-341.652777378343
0.1592	-109.97844240426136
0.16	147.15986517855453
0.1608	369.30497404653676
0.16160000000000002	500.5299862751832
0.16240000000000002	505.8414757638373
0.1632	386.95786017050654
0.164	171.9988699891841
0.1648	-84.20212892561567
0.1656	-319.78197358967157
0.16640000000000002	-476.7830874716096
0.16720000000000002	-515.2132064728346
0.168	-428.823546402396
0.1688	-233.5485122493499
0.1696	19.684237008026166
0.1704	266.35585601110165
0.17120000000000002	449.7583991581198
0.17200000000000001	518.8077592295386
0.1728	460.8500376408044
0.1736	287.1331419424085
0.1744	45.460556374651254
0.1752	-207.77220379364462
0.17600000000000002	-412.4204454202561
0.1768	-513.0261265723549
0.1776	-485.68762738349307
0.1784	-341.9652174278897
0.1792	-109.35356209056015
0.18000000000000002	147.62852563505402
0.18080000000000002	369.773634730605
0.1816	500.9986471095328
0.1824	505.3728149237162
0.1832	386.95786017050654
0.184	172.31131030931346
0.18480000000000002	-84.51456909564924
0.18560000000000001	-319.6257535603185
0.1864	-477.09552747000595
0.1872	-515.056986480111
0.188	-428.667326394554
0.1888	-233.86095234580972
0.18960000000000002	19.996677235413248
0.1904	266.98073677708965
0.1912	449.7583991581198
0.192	519.2764200857547
0.1928	461.00625790329906
0.19360000000000002	287.60180253836654
0.19440000000000002	45.30433625355062
0.1952	-207.30354363072055
0.196	-412.73288544197726
0.1968	-512.7136865861584
0.1976	-485.5314073857938
0.19840000000000002	-341.9652174278897
0.19920000000000002	-109.97844240426136
0.2	147.31608533067165
0.2008	369.617414502525
0.2016	500.8424268313544
0.2024	505.06037436394627
0.20320000000000002	386.6454197017301
0.20400000000000001	172.62375062964395
0.2048	-84.51456909564924
0.2056	-319.93819361899193
0.2064	-477.4079674682937
0.20720000000000002	-515.056986480111
0.20800000000000002	-429.4484264334754
0.2088	-233.86095234580972
0.2096	19.371796780818446
0.2104	266.1996358197388
0.2112	449.44595864188153
0.21200000000000002	518.6515389442586
0.21280000000000002	461.00625790329906
0.2136	286.8207015453749
0.2144	44.835675890523234
0.2152	-208.24086395623794
0.216	-412.88910545279373
0.21680000000000002	-512.8699065792696
0.21760000000000002	-486.46872737158697
0.2184	-342.2776574773085
0.2192	-110.1346624825861
0.22	146.5349845705799
0.22080000000000002	369.1487538186287
0.22160000000000002	500.5299862751832
0.22240000000000001	505.3728149237162
0.2232	388.3638422828687
0.224	173.09241111051682
0.2248	-84.51456909564924
0.22560000000000002	-319.78197358967157
0.22640000000000002	-477.8766274655216
0.2272	-515.3694264655323
0.228	-428.9797664102092
0.2288	-234.17339244212633
0.2296	18.903136440343104
0.23040000000000002	266.0434156284295
0.23120000000000002	449.60217889997057
0.232	518.4953186590411
0.2328	459.756495805037
0.2336	292.6008489257367
0.23440000000000003	44.835675890523234
0.23520000000000002	-208.39708401036225
0.23600000000000002	-412.10800539841705
0.2368	-512.8699065792696
0.2376	-486.15628737643
0.2384	-342.59009752659955
0.23920000000000002	-109.97844240426136
0.24000000000000002	147.15986517855453
0.24080000000000001	369.46119427450225
0.2416	500.3737659971905
0.2424	505.52903520369443
0.2432	387.4265208741058
0.24400000000000002	172.46753046945355
0.24480000000000002	-83.88968875541752
0.2456	-319.93819361899193
0.2464	-477.4079674682937
0.2472	-515.6818664508504
0.248	-428.667326394554
0.24880000000000002	-234.17339244212633
0.24960000000000002	19.684237008026166
0.2504	265.8871954371738
0.25120000000000003	449.44595864188153
0.252	518.6515389442586
0.2528	461.1624781658543
0.2536	289.78888532597813
0.2544	45.30433625355062
0.25520000000000004	-207.77220379364462
0.256	-411.32690534330374
0.25680000000000003	-513.1823465654143
0.2576	-485.8438473811655
0.2584	-342.2776574773085
0.2592	-109.66600224749124
0.26	146.8474248744685
0.26080000000000003	370.24229541518895
0.2616	500.5299862751832
0.2624	505.06037436394627
0.2632	387.73896134346165
0.264	172.31131030931346
0.26480000000000004	-84.04590884053717
0.2656	-320.09441364827956
0.2664	-477.2517474691634
0.2672	-515.3694264655323
0.268	-427.73000634689504
0.26880000000000004	-233.70473229759773
0.2696	19.84045712169728
0.27040000000000003	266.6682963939884
0.2712	450.07083967459874
0.272	518.8077592295386
0.2728	460.8500376408044
0.2736	289.32022472773474
0.27440000000000003	45.460556374651254
0.2752	-207.9284238478791
0.276	-411.95178538745336
0.2768	-513.0261265723549
0.2776	-486.15628737643
0.27840000000000004	-342.2776574773085
0.2792	-110.1346624825861
0.28	147.31608533067165
0.2808	370.5547358718649
0.2816	500.6862065532378
0.28240000000000004	505.3728149237162
0.2832	386.6454197017301
0.28400000000000003	172.62375062964395
0.2848	-84.20212892561567
0.2856	-319.78197358967157
0.2864	-476.93930747082135
0.2872	-515.056986480111
0.28800000000000003	-427.8862263549105
0.2888	-233.86095234580972
0.2896	19.996677235413248
0.2904	266.8245165855122
0.2912	449.91461941632923
0.29200000000000004	519.2764200857547
0.2928	460.3813768536837
0.2936	292.4446287252867
0.2944	45.460556374651254
0.2952	-208.24086395623794
0.29600000000000004	-412.10800539841705
0.2968	-513.0261265723549
0.29760000000000003	-486.3125073740219
0.2984	-341.9652174278897
0.2992	-110.1346624825861
0.3	147.00364502648682
0.3008	369.617414502525
0.30160000000000003	500.8424268313544
0.3024	505.3728149237162
0.3032	391.488246993824
0.304	173.2486312709084
0.3048	-84.04590884053717
0.30560000000000004	-319.78197358967157
0.3064	-477.5641874673968
0.30720000000000003	-515.5256464582043
0.308	-428.823546402396
0.3088	-234.17339244212633
0.30960000000000004	19.528016894399887
0.3104	266.6682963939884
0.31120000000000003	449.2897383838526
0.312	518.8077592295386
0.3128	460.8500376408044
0.3136	281.5092148290332
0.3144	45.61677649579765
0.31520000000000004	-208.39708401036225
0.316	-412.57666543113146
0.3168	-513.0261265723549
0.3176	-486.3125073740219
0.3184	-341.652777378343
0.31920000000000004	-109.97844240426136
0.32	146.6912047224995
0.32080000000000003	369.617414502525
0.3216	500.9986471095328
0.3224	505.2165946438002
0.32320000000000004	391.6444672299812
0.324	173.87351191297785
0.32480000000000003	-84.51456909564924
0.3256	-319.78197358967157
0.3264	-476.93930747082135
0.3272	-515.056986480111
0.328	-428.823546402396
0.32880000000000004	-234.01717239398593
0.3296	19.684237008026166
0.3304	266.35585601110165
0.3312	449.60217889997057
0.332	519.1201998002866
0.33280000000000004	461.31869842846993
0.3336	283.8525177843937
0.33440000000000003	44.991896011486624
0.3352	-207.77220379364462
0.336	-412.10800539841705
0.33680000000000004	-513.0261265723549
0.3376	-486.46872737158697
0.33840000000000003	-342.43387750197
0.3392	-110.29088256087059
0.34	147.31608533067165
0.3408	369.1487538186287
0.3416	500.3737659971905
0.34240000000000004	505.3728149237162
0.3432	389.30116369371854
0.34400000000000003	173.717291752385
0.3448	-84.20212892561567
0.3456	-319.93819361899193
0.34640000000000004	-477.09552747000595
0.3472	-515.3694264655323
0.34800000000000003	-429.1359864179935
0.3488	-234.48583253829966
0.3496	19.528016894399887
0.3504	266.6682963939884
0.3512	449.44595864188153
0.35200000000000004	518.8077592295386
0.3528	460.6938173783703
0.3536	282.75897640370766
0.3544	45.148116132495744
0.3552	-208.0846439020769
0.35600000000000004	-412.57666543113146
0.3568	-513.0261265723549
0.35760000000000003	-486.3125073740219
0.3584	-342.2776574773085
0.3592	-110.1346624825861
0.36000000000000004	146.8474248744685
0.3608	370.08607518693697
0.36160000000000003	500.6862065532378
0.3624	505.06037436394627
0.3632	387.11408040498173
0.364	172.1550901492236
0.3648	-84.04590884053717
0.36560000000000004	-319.93819361899193
0.3664	-476.93930747082135
0.3672	-514.9007664873617
0.368	-428.9797664102092
0.3688	-233.23607215274671
0.36960000000000004	19.684237008026166
0.3704	266.6682963939884
0.37120000000000003	449.7583991581198
0.372	519.1201998002866
0.3728	461.47491869114634
0.37360000000000004	288.0704631348141
0.3744	45.772996616989815
0.37520000000000003	-207.9284238478791
0.376	-413.04532546358075
0.3768	-512.8699065792696
0.3776	-486.00006737881114
0.3784	-341.80899740313237
0.37920000000000004	-109.97844240426136
0.38	147.47230548283812
0.3808	370.3985156434983
0.3816	500.6862065532378
0.3824	505.06037436394627
0.38320000000000004	386.95786017050654
0.384	171.9988699891841
0.38480000000000003	-83.88968875541752
0.3856	-319.78197358967157
0.3864	-476.7830874716096
0.38720000000000004	-515.056986480111
0.388	-428.5111063866831
0.38880000000000003	-234.01717239398593
0.3896	19.84045712169728
0.3904	266.35585601110165
0.3912	449.44595864188153
0.392	518.9639795148813
0.39280000000000004	461.00625790329906
0.3936	288.0704631348141
0.39440000000000003	45.460556374651254
0.3952	-208.0846439020769
0.396	-412.88910545279373
0.39680000000000004	-512.7136865861584
0.3976	-486.15628737643
0.39840000000000003	-342.2776574773085
0.3992	-110.29088256087059
0.4	146.8474248744685
0.40080000000000005	369.617414502525
0.4016	499.9051051635843
0.40240000000000004	505.2165946438002
0.4032	386.8016399360893
0.404	172.1550901492236
0.4048	-84.20212892561567
0.4056	-319.78197358967157
0.40640000000000004	-476.93930747082135
0.4072	-515.3694264655323
0.40800000000000003	-428.667326394554
0.4088	-234.01717239398593
0.4096	19.21557666728184
0.41040000000000004	266.0434156284295
0.4112	449.60217889997057
0.41200000000000003	518.8077592295386
0.4128	460.8500376408044
0.4136	287.60180253836654
0.41440000000000005	45.772996616989815
0.4152	-208.5533040644499
0.41600000000000004	-412.88910545279373
0.4168	-513.1823465654143
0.4176	-486.3125073740219
0.4184	-341.9652174278897
0.4192	-109.97844240426136
0.42000000000000004	147.31608533067165
0.4208	369.617414502525
0.42160000000000003	500.6862065532378
0.4224	505.3728149237162
0.4232	387.4265208741058
0.42400000000000004	172.7799707898846
0.4248	-84.04590884053717
0.42560000000000003	-319.78197358967157
0.4264	-477.09552747000595
0.4272	-514.4321065089588
0.42800000000000005	-428.1986663708546
0.4288	-234.3296124902309
0.42960000000000004	19.996677235413248
0.4304	266.1996358197388
0.4312	449.7583991581198
0.432	518.4953186590411
0.4328	461.31869842846993
0.43360000000000004	287.91424293594383
0.4344	45.460556374651254
0.43520000000000003	-208.39708401036225
0.436	-412.4204454202561
0.4368	-513.6510065444373
0.43760000000000004	-486.15628737643
0.4384	-342.59009752659955
0.43920000000000003	-109.82222232589642
0.44	147.31608533067165
0.4408	369.617414502525
0.44160000000000005	500.8424268313544
0.4424	505.52903520369443
0.44320000000000004	387.5827411087548
0.444	172.46753046945355
0.44480000000000003	-83.88968875541752
0.4456	-319.31331350151396
0.4464	-476.93930747082135
0.44720000000000004	-514.9007664873617
0.448	-428.5111063866831
0.44880000000000003	-233.70473229759773
0.4496	19.684237008026166
0.4504	266.5120762025182
0.45120000000000005	450.07083967459874
0.452	519.4326403712852
0.45280000000000004	461.6311389538832
0.4536	287.60180253836654
0.4544	45.148116132495744
0.45520000000000005	-207.9284238478791
0.456	-412.88910545279373
0.45680000000000004	-512.8699065792696
0.4576	-485.8438473811655
0.45840000000000003	-342.2776574773085
0.4592	-109.82222232589642
0.46	147.00364502648682
0.46080000000000004	369.617414502525
0.4616	500.5299862751832
0.46240000000000003	505.3728149237162
0.4632	387.2703006395148
0.464	172.62375062964395
0.46480000000000005	-84.20212892561567
0.4656	-319.31331350151396
0.46640000000000004	-476.93930747082135
0.4672	-515.056986480111
0.468	-428.9797664102092
0.46880000000000005	-233.86095234580972
0.4696	19.21557666728184
0.47040000000000004	267.13695696872077
0.4712	449.7583991581198
0.47200000000000003	518.9639795148813
0.4728	461.31869842846993
0.4736	288.0704631348141
0.47440000000000004	45.30433625355062
0.4752	-207.61598373937335
0.47600000000000003	-413.04532546358075
0.4768	-513.0261265723549
0.4776	-485.68762738349307
0.47840000000000005	-341.9652174278897
0.4792	-110.1346624825861
0.48000000000000004	147.47230548283812
0.4808	369.46119427450225
0.48160000000000003	500.3737659971905
0.4824	504.74793380442463
0.4832	386.95786017050654
0.48400000000000004	172.46753046945355
0.4848	-84.51456909564924
0.48560000000000003	-319.46953353093267
0.4864	-477.2517474691634
0.4872	-515.3694264655323
0.48800000000000004	-428.823546402396
0.4888	-234.48583253829966
0.48960000000000004	19.528016894399887
0.4904	265.8871954371738
0.4912	449.44595864188153
0.49200000000000005	519.2764200857547
0.4928	460.8500376408044
0.49360000000000004	288.0704631348141
0.4944	45.30433625355062
0.49520000000000003	-208.39708401036225
0.496	-413.20154547433816
0.4968	-512.8699065792696
0.49760000000000004	-486.15628737643
0.4984	-342.2776574773085
0.49920000000000003	-110.1346624825861
0.5	147.47230548283812
0.5008	369.617414502525
0.5016	500.06132544139115
0.5024000000000001	504.90415408415447
0.5032	387.4265208741058
0.504	171.84264982919478
0.5048	-84.51456909564924
0.5056	-319.46953353093267
0.5064000000000001	-477.09552747000595
0.5072	-515.5256464582043
0.508	-429.1359864179935
0.5088	-234.01717239398593
0.5096	19.528016894399887
0.5104000000000001	266.5120762025182
0.5112	449.44595864188153
0.512	519.5888606568784
0.5128	460.3813768536837
0.5136000000000001	292.1321883245502
0.5144000000000001	45.460556374651254
0.5152	-207.77220379364462
0.516	-412.88910545279373
0.5168	-512.8699065792696
0.5176000000000001	-485.68762738349307
0.5184	-342.59009752659955
0.5192	-110.1346624825861
0.52	146.8474248744685
0.5208	369.92985495874234
0.5216000000000001	500.3737659971905
0.5224	504.90415408415447
0.5232	392.26934817519117
0.524	173.09241111051682
0.5248	-84.04590884053717
0.5256000000000001	-320.25063367753444
0.5264	-477.4079674682937
0.5272	-515.2132064728346
0.528	-428.667326394554
0.5288	-234.01717239398593
0.5296000000000001	19.371796780818446
0.5304	266.5120762025182
0.5312	449.1335181258838
0.532	519.1201998002866
0.5328	460.6938173783703
0.5336000000000001	297.44367516677767
0.5344	45.460556374651254
0.5352	-208.0846439020769
0.536	-412.73288544197726
0.5368	-513.3385665584477
0.5376000000000001	-486.15628737643
0.5384	-342.59009752659955
0.5392	-110.44710263911489
0.54	147.15986517855453
0.5408000000000001	369.30497404653676
0.5416000000000001	500.5299862751832
0.5424	505.52903520369443
0.5432	399.4554791120194
0.544	174.029732073621
0.5448000000000001	-84.20212892561567
0.5456	-319.6257535603185
0.5464	-476.7830874716096
0.5472	-515.3694264655323
0.548	-428.5111063866831
0.5488000000000001	-233.86095234580972
0.5496	19.684237008026166
0.5504	266.0434156284295
0.5512	449.44595864188153
0.552	518.9639795148813
0.5528000000000001	460.3813768536837
0.5536	291.9759681242638
0.5544	45.772996616989815
0.5552	-207.61598373937335
0.556	-412.2642254093513
0.5568000000000001	-512.8699065792696
0.5576	-485.5314073857938
0.5584	-342.59009752659955
0.5592	-109.97844240426136
0.56	147.47230548283812
0.5608000000000001	369.46119427450225
0.5616	500.8424268313544
0.5624	505.2165946438002
0.5632	398.2057172011061
0.5640000000000001	173.56107159184248
0.5648000000000001	-84.20212892561567
0.5656	-319.46953353093267
0.5664	-477.09552747000595
0.5672	-514.9007664873617
0.5680000000000001	-428.667326394554
0.5688	-233.86095234580972
0.5696	19.84045712169728
0.5704	266.6682963939884
0.5712	450.07083967459874
0.5720000000000001	519.5888606568784
0.5728	460.3813768536837
0.5736	276.3539483701126
0.5744	45.148116132495744
0.5752	-208.24086395623794
0.5760000000000001	-412.4204454202561
0.5768	-513.0261265723549
0.5776	-485.3751873880677
0.5784	-341.80899740313237
0.5792	-109.82222232589642
0.5800000000000001	147.15986517855453
0.5808	369.46119427450225
0.5816	500.5299862751832
0.5824	505.6852554837349
0.5832	388.83250298803273
0.5840000000000001	174.81083287759208
0.5848	-84.04590884053717
0.5856	-319.46953353093267
0.5864	-476.93930747082135
0.5872	-515.056986480111
0.5880000000000001	-429.1359864179935
0.5888	-233.70473229759773
0.5896	19.528016894399887
0.5904	266.1996358197388
0.5912000000000001	449.7583991581198
0.5920000000000001	519.2764200857547
0.5928	460.53759711599673
0.5936	280.103233061668
0.5944	45.148116132495744
0.5952000000000001	-208.24086395623794
0.596	-412.88910545279373
0.5968	-512.2450266066694
0.5976	-485.68762738349307
0.5984	-342.2776574773085
0.5992000000000001	-110.29088256087059
0.6	147.15986517855453
0.6008	369.617414502525
0.6016	500.2175457192598
0.6024	505.06037436394627
0.6032000000000001	387.11408040498173
0.604	172.31131030931346
0.6048	-84.04590884053717
0.6056	-319.93819361899193
0.6064	-477.2517474691634
0.6072000000000001	-515.8380864434708
0.608	-428.5111063866831
0.6088	-233.86095234580972
0.6096	19.528016894399887
0.6104	266.0434156284295
0.6112000000000001	449.7583991581198
0.612	518.9639795148813
0.6128	461.00625790329906
0.6136	287.4455823396595
0.6144000000000001	45.460556374651254
0.6152000000000001	-208.0846439020769
0.616	-413.20154547433816
0.6168	-512.8699065792696
0.6176	-486.00006737881114
0.6184000000000001	-342.43387750197
0.6192000000000001	-110.1346624825861
0.62	147.15986517855453
0.6208	369.46119427450225
0.6216	500.3737659971905
0.6224000000000001	505.2165946438002
0.6232	386.95786017050654
0.624	172.31131030931346
0.6248	-84.35834901065301
0.6256	-319.46953353093267
0.6264000000000001	-477.4079674682937
0.6272	-514.9007664873617
0.628	-429.760866448842
0.6288	-233.86095234580972
0.6296	19.21557666728184
0.6304000000000001	266.35585601110165
0.6312	449.60217889997057
0.632	519.4326403712852
0.6328	461.00625790329906
0.6336	286.3520409502323
0.6344000000000001	45.460556374651254
0.6352	-207.9284238478791
0.636	-412.88910545279373
0.6368	-513.0261265723549
0.6376000000000001	-485.68762738349307
0.6384000000000001	-342.2776574773085
0.6392	-109.97844240426136
0.64	146.37876441870964
0.6408	369.46119427450225
0.6416000000000001	500.9986471095328
0.6424000000000001	504.74793380442463
0.6432	387.4265208741058
0.644	172.46753046945355
0.6448	-84.20212892561567
0.6456000000000001	-319.1570934720626
0.6464000000000001	-476.93930747082135
0.6472	-515.5256464582043
0.648	-429.760866448842
0.6488	-233.23607215274671
0.6496000000000001	19.528016894399887
0.6504	265.8871954371738
0.6512	449.7583991581198
0.652	519.9013012282528
0.6528	461.31869842846993
0.6536000000000001	286.3520409502323
0.6544	45.148116132495744
0.6552	-207.61598373937335
0.656	-412.88910545279373
0.6568	-513.0261265723549
0.6576000000000001	-485.8438473811655
0.6584	-341.80899740313237
0.6592	-110.60332271731897
0.66	147.47230548283812
0.6608	369.46119427450225
0.6616000000000001	500.5299862751832
0.6624	505.06037436394627
0.6632	386.8016399360893
0.664	172.9361909501756
0.6648000000000001	-84.35834901065301
0.6656000000000001	-319.0008734425784
0.6664	-477.2517474691634
0.6672	-515.6818664508504
0.668	-428.823546402396
0.6688000000000001	-233.5485122493499
0.6696000000000001	19.528016894399887
0.6704	265.73097524597165
0.6712	449.7583991581198
0.672	519.4326403712852
0.6728000000000001	461.00625790329906
0.6736000000000001	286.3520409502323
0.6744	45.460556374651254
0.6752	-207.77220379364462
0.676	-412.88910545279373
0.6768000000000001	-513.3385665584477
0.6776	-485.3751873880677
0.6784	-341.652777378343
0.6792	-110.1346624825861
0.68	146.8474248744685
0.6808000000000001	368.9925335907778
0.6816	500.2175457192598
0.6824	505.2165946438002
0.6832	387.4265208741058
0.684	172.1550901492236
0.6848000000000001	-84.51456909564924
0.6856	-319.46953353093267
0.6864	-477.2517474691634
0.6872	-515.3694264655323
0.6880000000000001	-429.4484264334754
0.6888000000000001	-233.5485122493499
0.6896	19.528016894399887
0.6904	266.35585601110165
0.6912	450.38328019131836
0.6920000000000001	519.4326403712852
0.6928000000000001	460.6938173783703
0.6936	287.2893621410068
0.6944	44.991896011486624
0.6952	-208.0846439020769
0.6960000000000001	-413.04532546358075
0.6968000000000001	-512.2450266066694
0.6976	-485.68762738349307
0.6984	-341.652777378343
0.6992	-109.82222232589642
0.7000000000000001	147.00364502648682
0.7008	369.773634730605
0.7016	500.3737659971905
0.7024	505.2165946438002
0.7032	387.11408040498173
0.7040000000000001	172.31131030931346
0.7048	-84.20212892561567
0.7056	-319.6257535603185
0.7064	-477.09552747000595
0.7072	-515.056986480111
0.7080000000000001	-429.2922064257489
0.7088	-233.5485122493499
0.7096	19.21557666728184
0.7104	266.0434156284295
0.7112	449.7583991581198
0.7120000000000001	519.5888606568784
0.7128	461.00625790329906
0.7136	286.9769217438645
0.7144	45.460556374651254
0.7152000000000001	-207.9284238478791
0.7160000000000001	-412.73288544197726
0.7168	-512.8699065792696
0.7176	-485.3751873880677
0.7184	-342.9025375757627
0.7192000000000001	-110.29088256087059
0.7200000000000001	146.8474248744685
0.7208	369.1487538186287
0.7216	500.5299862751832
0.7224	505.3728149237162
0.7232000000000001	387.11408040498173
0.7240000000000001	172.7799707898846
0.7248	-84.51456909564924
0.7256	-319.1570934720626
0.7264	-476.93930747082135
0.7272000000000001	-515.9943064360655
0.728	-429.4484264334754
0.7288	-233.39229220106625
0.7296	19.684237008026166
0.7304	266.35585601110165
0.7312000000000001	449.60217889997057
0.732	518.9639795148813
0.7328	460.53759711599673
0.7336	286.66448134693974
0.7344	45.460556374651254
0.7352000000000001	-208.0846439020769
0.736	-413.04532546358075
0.7368	-512.7136865861584
0.7376	-485.68762738349307
0.7384000000000001	-342.59009752659955
0.7392000000000001	-111.07198295169002
0.74	146.8474248744685
0.7408	369.30497404653676
0.7416	500.5299862751832
0.7424000000000001	505.2165946438002
0.7432000000000001	387.11408040498173
0.744	172.31131030931346
0.7448	-84.51456909564924
0.7456	-318.84465341306145
0.7464000000000001	-477.5641874673968
0.7472000000000001	-515.6818664508504
0.748	-430.0733064640933
0.7488	-233.86095234580972
0.7496	19.21557666728184
0.7504000000000001	266.0434156284295
0.7512000000000001	449.91461941632923
0.752	519.1201998002866
0.7528	460.3813768536837
0.7536	285.88338035557865
0.7544000000000001	45.148116132495744
0.7552	-208.0846439020769
0.756	-412.88910545279373
0.7568	-512.2450266066694
0.7576	-486.00006737881114
0.7584000000000001	-341.9652174278897
0.7592	-110.1346624825861
0.76	146.37876441870964
0.7608	368.9925335907778
0.7616	500.6862065532378
0.7624000000000001	505.06037436394627
0.7632	387.4265208741058
0.764	172.7799707898846
0.7648	-84.35834901065301
0.7656000000000001	-319.1570934720626
0.7664000000000001	-477.4079674682937
0.7672	-515.5256464582043
0.768	-429.4484264334754
0.7688	-233.39229220106625
0.7696000000000001	19.528016894399887
0.7704000000000001	265.57475505482324
0.7712	449.60217889997057
0.772	518.6515389442586
0.7728	460.3813768536837
0.7736000000000001	286.5082611485588
0.7744000000000001	45.460556374651254
0.7752	-208.24086395623794
0.776	-412.4204454202561
0.7768	-512.7136865861584
0.7776000000000001	-485.3751873880677
0.7784000000000001	-341.652777378343
0.7792	-109.97844240426136
0.78	147.31608533067165
0.7808	369.1487538186287
0.7816000000000001	500.6862065532378
0.7824	505.3728149237162
0.7832	387.73896134346165
0.784	172.9361909501756
0.7848	-84.04590884053717
0.7856000000000001	-319.1570934720626
0.7864	-477.09552747000595
0.7872	-515.3694264655323
0.788	-429.2922064257489
0.7888000000000001	-233.39229220106625
0.7896000000000001	19.528016894399887
0.7904	266.6682963939884
0.7912	450.38328019131836
0.792	519.7450809425343
0.7928000000000001	461.00625790329906
0.7936000000000001	287.1331419424085
0.7944	45.929216738227744
0.7952	-207.77220379364462
0.796	-412.73288544197726
0.7968000000000001	-513.1823465654143
0.7976000000000001	-485.3751873880677
0.7984	-341.9652174278897
0.7992	-109.97844240426136
0.8	147.62852563505402
0.8008000000000001	369.30497404653676
0.8016000000000001	500.6862065532378
0.8024	505.6852554837349
0.8032	387.89518157822647
0.804	172.1550901492236
0.8048000000000001	-84.04590884053717
0.8056000000000001	-319.6257535603185
0.8064	-477.5641874673968
0.8072	-515.5256464582043
0.808	-429.1359864179935
0.8088000000000001	-233.70473229759773
0.8096	19.996677235413248
0.8104	266.0434156284295
0.8112	450.38328019131836
0.812	519.1201998002866
0.8128000000000001	460.3813768536837
0.8136	286.9769217438645
0.8144	44.991896011486624
0.8152	-207.9284238478791
0.8160000000000001	-412.88910545279373
0.8168000000000001	-512.8699065792696
0.8176	-486.00006737881114
0.8184	-342.2776574773085
0.8192	-110.44710263911489
0.8200000000000001	147.31608533067165
0.8208000000000001	369.30497404653676
0.8216	500.6862065532378
0.8224	505.52903520369443
0.8232	386.95786017050654
0.8240000000000001	172.31131030931346
0.8248000000000001	-84.04590884053717
0.8256	-319.46953353093267
0.8264	-477.09552747000595
0.8272	-515.9943064360655
0.8280000000000001	-429.2922064257489
0.8288000000000001	-233.5485122493499
0.8296	19.21557666728184
0.8304	266.1996358197388
0.8312	450.07083967459874
0.8320000000000001	518.8077592295386
0.8328	461.00625790329906
0.8336	286.3520409502323
0.8344	45.772996616989815
0.8352	-208.5533040644499
0.8360000000000001	-412.2642254093513
0.8368	-512.8699065792696
0.8376	-485.68762738349307
0.8384	-342.2776574773085
0.8392000000000001	-110.60332271731897
0.8400000000000001	147.15986517855453
0.8408	369.46119427450225
0.8416	500.6862065532378
0.8424	505.3728149237162
0.8432000000000001	387.2703006395148
0.8440000000000001	171.6864296692558
0.8448	-84.20212892561567
0.8456	-319.93819361899193
0.8464	-477.5641874673968
0.8472000000000001	-515.6818664508504
0.8480000000000001	-429.9170864564821
0.8488	-234.01717239398593
0.8496	19.528016894399887
0.8504	266.1996358197388
0.8512000000000001	449.7583991581198
0.8520000000000001	518.4953186590411
0.8528	460.3813768536837
0.8536	286.0396005537422
0.8544	45.460556374651254
0.8552000000000001	-208.39708401036225
0.8560000000000001	-412.2642254093513
0.8568	-512.8699065792696
0.8576	-485.5314073857938
0.8584	-342.43387750197
0.8592000000000001	-110.29088256087059
0.86	146.6912047224995
0.8608	368.5238729075689
0.8616	500.3737659971905
0.8624	505.06037436394627
0.8632000000000001	387.4265208741058
0.864	171.84264982919478
0.8648	-84.04590884053717
0.8656	-319.46953353093267
0.8664000000000001	-477.09552747000595
0.8672000000000001	-515.5256464582043
0.868	-429.2922064257489
0.8688	-234.01717239398593
0.8696	19.684237008026166
0.8704000000000001	265.8871954371738
0.8712000000000001	450.38328019131836
0.872	518.8077592295386
0.8728	461.31869842846993
0.8736	286.5082611485588
0.8744000000000001	45.929216738227744
0.8752000000000001	-208.0846439020769
0.876	-411.95178538745336
0.8768	-512.4012465998583
0.8776	-485.3751873880677
0.8784000000000001	-341.80899740313237
0.8792000000000001	-109.66600224749124
0.88	147.00364502648682
0.8808	369.617414502525
0.8816	500.5299862751832
0.8824000000000001	505.6852554837349
0.8832000000000001	388.3638422828687
0.884	172.62375062964395
0.8848	-83.88968875541752
0.8856	-319.46953353093267
0.8864000000000001	-476.7830874716096
0.8872	-515.5256464582043
0.888	-429.4484264334754
0.8888	-233.07985210439142
0.8896000000000001	19.684237008026166
0.8904000000000001	266.98073677708965
0.8912	449.91461941632923
0.892	519.1201998002866
0.8928	460.8500376408044
0.8936000000000001	286.66448134693974
0.8944000000000001	45.929216738227744
0.8952	-208.24086395623794
0.896	-412.88910545279373
0.8968	-512.8699065792696
0.8976000000000001	-486.15628737643
0.8984000000000001	-341.9652174278897
0.8992	-109.97844240426136
0.9	146.6912047224995
0.9008	369.1487538186287
0.9016000000000001	500.3737659971905
0.9024000000000001	505.3728149237162
0.9032	387.4265208741058
0.904	172.31131030931346
0.9048	-84.04590884053717
0.9056000000000001	-319.31331350151396
0.9064000000000001	-477.09552747000595
0.9072	-515.8380864434708
0.908	-428.823546402396
0.9088	-233.70473229759773
0.9096000000000001	19.684237008026166
0.9104000000000001	266.1996358197388
0.9112	450.69572070827866
0.912	518.8077592295386
0.9128000000000001	460.53759711599673
0.9136000000000001	287.2893621410068
0.9144	45.460556374651254
0.9152	-207.77220379364462
0.916	-413.04532546358075
0.9168000000000001	-512.7136865861584
0.9176000000000001	-485.5314073857938
0.9184	-342.2776574773085
0.9192	-110.44710263911489
0.92	147.15986517855453
0.9208000000000001	369.1487538186287
0.9216000000000001	500.9986471095328
0.9224	505.6852554837349
0.9232	386.95786017050654
0.924	172.31131030931346
0.9248000000000001	-84.20212892561567
0.9256000000000001	-319.1570934720626
0.9264	-477.4079674682937
0.9272	-515.056986480111
0.928	-429.60464644117326
0.9288000000000001	-233.86095234580972
0.9296000000000001	19.21557666728184
0.9304	266.35585601110165
0.9312	450.07083967459874
0.932	518.8077592295386
0.9328000000000001	460.8500376408044
0.9336000000000001	287.4455823396595
0.9344	45.30433625355062
0.9352	-208.39708401036225
0.936	-413.20154547433816
0.9368000000000001	-512.5574665930212
0.9376000000000001	-485.68762738349307
0.9384	-342.74631755119714
0.9392	-110.60332271731897
0.9400000000000001	146.5349845705799
0.9408000000000001	369.30497404653676
0.9416	500.3737659971905
0.9424	505.06037436394627
0.9432	387.89518157822647
0.9440000000000001	172.1550901492236
0.9448000000000001	-83.88968875541752
0.9456	-319.46953353093267
0.9464	-476.93930747082135
0.9472	-515.6818664508504
0.9480000000000001	-429.4484264334754
0.9488000000000001	-234.01717239398593
0.9496	19.371796780818446
0.9504	266.8245165855122
0.9512	449.7583991581198
0.9520000000000001	518.8077592295386
0.9528000000000001	460.3813768536837
0.9536	286.9769217438645
0.9544	45.460556374651254
0.9552	-207.9284238478791
0.9560000000000001	-412.73288544197726
0.9568000000000001	-513.0261265723549
0.9576	-485.5314073857938
0.9584	-342.2776574773085
0.9592	-110.75954279548284
0.9600000000000001	146.8474248744685
0.9608000000000001	368.83631336298424
0.9616	500.8424268313544
0.9624	505.3728149237162
0.9632000000000001	387.11408040498173
0.9640000000000001	172.62375062964395
0.9648	-83.88968875541752
0.9656	-319.1570934720626
0.9664	-476.93930747082135
0.9672000000000001	-515.6818664508504
0.9680000000000001	-428.9797664102092
0.9688	-233.5485122493499
0.9696	19.996677235413248
0.9704	265.73097524597165
0.9712000000000001	450.2270599329285
0.9720000000000001	519.1201998002866
0.9728	461.31869842846993
0.9736	288.3829035327177
0.9744	45.148116132495744
0.9752000000000001	-208.0846439020769
0.9760000000000001	-412.10800539841705
0.9768	-513.0261265723549
0.9776	-485.68762738349307
0.9784	-342.2776574773085
0.9792000000000001	-110.44710263911489
0.9800000000000001	146.8474248744685
0.9808	369.30497404653676
0.9816	500.2175457192598
0.9824	504.74793380442463
0.9832000000000001	386.8016399360893
0.9840000000000001	172.46753046945355
0.9848	-84.20212892561567
0.9856	-319.93819361899193
0.9864	-477.4079674682937
0.9872000000000001	-515.3694264655323
0.9880000000000001	-429.4484264334754
0.9888	-233.70473229759773
0.9896	19.371796780818446
0.9904000000000001	266.8245165855122
0.9912000000000001	449.7583991581198
0.992	518.4953186590411
0.9928	461.31869842846993
0.9936	287.4455823396595
0.9944000000000001	45.460556374651254
0.9952000000000001	-207.9284238478791
0.996	-412.88910545279373
0.9968	-512.2450266066694
0.9976	-485.5314073857938
0.9984000000000001	-342.2776574773085
0.9992000000000001	-110.44710263911489
