0	-13.743732667286213
0.0008	74.20819516765381
0.0016	311.19419526912367
0.0024000000000000002	454.9168141857034
0.0032	509.75013103283254
0.004	419.4548155558061
0.0048000000000000004	221.99246337458098
0.0056	-33.73990610345804
0.0064	-283.2233577167699
0.007200000000000001	-466.46944234795126
0.008	-537.0808810690652
0.0088	-478.49838252003076
0.009600000000000001	-176.99372226906266
0.010400000000000001	-65.29636586557099
0.0112	199.65297807274962
0.012	189.03000641305098
0.0128	507.2506064518087
0.013600000000000001	480.06827766407866
0.014400000000000001	332.440144558018
0.0152	97.9536560075143
0.016	-163.2463564246892
0.016800000000000002	-387.26589695315846
0.0176	-517.2409419763078
0.0184	-521.92754179967
0.019200000000000002	-404.4500987713805
0.02	-4.839186452121094
0.020800000000000003	74.05197503418478
0.0216	314.6310399368454
0.0224	457.26011816955565
0.023200000000000002	509.75013103283254
0.024	419.29859530435897
0.024800000000000003	222.61734409768437
0.0256	-33.89612620561385
0.0264	-283.6920178365111
0.027200000000000002	-466.7818823545091
0.028	-537.2371010602761
0.028800000000000003	-477.5610625125253
0.0296	-169.02649891835839
0.0304	-60.14110275620118
0.031200000000000002	199.80919824599533
0.032	123.26131944190321
0.0328	507.2506064518087
0.033600000000000005	479.9120573891154
0.0344	332.59636477722614
0.0352	97.9536560075143
0.036000000000000004	-162.93391628838617
0.0368	-386.6410168800615
0.0376	-517.7096019597019
0.038400000000000004	-522.8648617615279
0.0392	-405.5436388746413
0.04	-14.212392990421359
0.0408	74.05197503418478
0.041600000000000005	307.1324697874637
0.0424	454.2919331256538
0.0432	509.90635131967963
0.044000000000000004	420.70457756952567
0.0448	222.61734409768437
0.0456	-33.73990610345804
0.046400000000000004	-283.53579779663187
0.0472	-466.62566235124416
0.048	-537.2371010602761
0.0488	-477.87350251513743
0.049600000000000005	-249.7922683647611
0.0504	-53.89229892526204
0.0512	199.65297807274962
0.052000000000000005	80.9256609515857
0.0528	507.2506064518087
0.0536	480.06827766407866
0.054400000000000004	332.9088052158118
0.055200000000000006	97.48499558551833
0.056	-163.55879656083712
0.0568	-386.95345691667166
0.057600000000000005	-517.5533819652633
0.0584	-522.083761793378
0.0592	-406.63717897642425
0.060000000000000005	-16.399474493140836
0.0608	72.80221396813242
0.0616	311.5066356923476
0.062400000000000004	455.69791551213336
0.0632	510.3750121805974
0.064	420.23591681393407
0.0648	221.83624319393638
0.0656	-34.208566409795296
0.0664	-284.00445791616613
0.06720000000000001	-466.7818823545091
0.068	-535.362461164062
0.0688	-479.74814252849467
0.06960000000000001	-216.36117737762996
0.0704	-44.206652852225204
0.0712	199.65297807274962
0.07200000000000001	106.70198396437253
0.0728	506.3132847380615
0.0736	479.7558371142139
0.07440000000000001	332.28392433886637
0.0752	97.9536560075143
0.076	-162.6214761519279
0.07680000000000001	-387.73455700765766
0.0776	-517.3971619707987
0.0784	-449.5976818264006
0.0792	-404.29387875650826
0.08	-11.712871262444661
0.08080000000000001	72.95843410122373
0.0816	319.3176463454564
0.0824	474.2881275314775
0.08320000000000001	509.5939107460482
0.084	420.0796965621894
0.0848	221.68002301334428
0.08560000000000001	-33.89612620561385
0.0864	-283.6920178365111
0.0872	-466.46944234795126
0.08800000000000001	-537.7057610337562
0.0888	-477.87350251513743
0.0896	-208.3939545119273
0.09040000000000001	-52.95497834474011
0.0912	199.65297807274962
0.092	250.11209675127017
0.09280000000000001	507.2506064518087
0.0936	479.9120573891154
0.0944	332.75258499649084
0.0952	97.32877544494916
0.096	-162.93391628838617
0.09680000000000001	-387.10967693493046
0.0976	-517.2409419763078
0.0984	-523.177301748606
0.09920000000000001	-407.574499062492
0.1	-118.72363541590778
0.1008	73.4270945007809
0.10160000000000001	312.28773675138194
0.1024	471.4761626325565
0.1032	509.4376904593265
0.10400000000000001	418.9861548016436
0.1048	221.83624319393638
0.1056	-34.36478651182094
0.10640000000000001	-283.84823787635594
0.1072	-466.7818823545091
0.108	-537.5495410426216
0.10880000000000001	-478.1859425176392
0.1096	-248.85494807924482
0.11040000000000001	-59.82866256627054
0.11120000000000001	199.02809738028358
0.112	356.3418387564036
0.11280000000000001	507.5630470235592
0.1136	479.7558371142139
0.1144	332.59636477722614
0.11520000000000001	97.9536560075143
0.116	-162.77769622017644
0.1168	-386.7972368983819
0.11760000000000001	-518.0220419485005
0.1184	-523.02108175508
0.1192	-406.16851893298383
0.12000000000000001	-69.3580882829439
0.1208	74.05197503418478
0.1216	312.6001771753857
0.12240000000000001	464.2900302033736
0.1232	510.2187918935622
0.124	420.0796965621894
0.12480000000000001	222.30490373602765
0.12560000000000002	-33.73990610345804
0.1264	-283.37957775671816
0.1272	-466.0007823379045
0.128	-537.8619810248654
0.1288	-477.09240250840014
0.1296	-311.6554044244564
0.13040000000000002	-52.48631805390261
0.1312	199.34053772641317
0.132	50.462735419233795
0.1328	508.50036874031423
0.1336	480.38071821419027
0.13440000000000002	333.5336860936605
0.13520000000000001	98.57853657084885
0.136	-162.15281594694952
0.1368	-386.32857684332805
0.1376	-517.5533819652633
0.1384	-522.7086417679499
0.13920000000000002	-406.48095896197424
0.14	-16.711914707110463
0.1408	83.73762339880729
0.1416	299.4776795586074
0.1424	454.7605939205999
0.1432	509.75013103283254
0.14400000000000002	420.23591681393407
0.1448	222.61734409768437
0.1456	-33.42746589901624
0.1464	-283.6920178365111
0.1472	-466.7818823545091
0.14800000000000002	-533.3316012723466
0.14880000000000002	-478.1859425176392
0.1496	-248.07384784033187
0.1504	-11.40043104565278
0.1512	211.36949121005813
0.152	39.68354680940156
0.15280000000000002	506.3132847380615
0.15360000000000001	479.9120573891154
0.1544	332.12770411977107
0.1552	97.64121572613557
0.156	-162.77769622017644
0.1568	-386.7972368983819
0.15760000000000002	-517.2409419763078
0.1584	-196.8336701817013
0.1592	-402.1067985451224
0.16	-139.6571256942959
0.1608	-19.211436412534756
0.16160000000000002	316.5056824942549
0.16240000000000002	504.75108188682566
0.1632	509.75013103283254
0.164	420.23591681393407
0.1648	221.83624319393638
0.1656	-34.208566409795296
0.16640000000000002	-283.6920178365111
0.16720000000000002	-466.93810235774606
0.168	-519.4280218968001
0.1688	-478.0297225164021
0.1696	-164.4961169683504
0.1704	-10.463110394216349
0.17120000000000002	198.87187720729634
0.17200000000000001	268.38985937368136
0.1728	506.46950502352956
0.1736	479.4433965645958
0.1744	333.0650254351892
0.1752	97.32877544494916
0.17600000000000002	-163.2463564246892
0.1768	-386.95345691667166
0.1776	-517.5533819652633
0.1784	-522.8648617615279
0.1792	-406.94961900523396
0.18000000000000002	-16.399474493140836
0.18080000000000002	72.95843410122373
0.1816	319.7863069890854
0.1824	487.2544103791661
0.1832	509.1252498860715
0.184	419.14237505297154
0.18480000000000002	221.68002301334428
0.18560000000000001	-34.36478651182094
0.1864	-284.47311803539
0.1872	-467.09432236095506
0.188	-538.1744210070071
0.1888	-478.0297225164021
0.18960000000000002	-205.11333330386717
0.1904	-54.985839600595796
0.1912	198.71565703436073
0.192	402.895469232619
0.1928	505.688403596816
0.19360000000000002	479.7558371142139
0.19440000000000002	332.59636477722614
0.1952	97.48499558551833
0.196	-163.40257649278254
0.1968	-387.4221169713557
0.1976	-518.3344819371944
0.19840000000000002	-522.8648617615279
0.19920000000000002	-407.73071907673136
0.2	-40.61359055733894
0.2008	73.27087436754796
0.2016	316.5056824942549
0.2024	461.6342856427433
0.20320000000000002	509.2814701726677
0.20400000000000001	419.7672560588786
0.2048	221.99246337458098
0.2056	-34.36478651182094
0.2064	-283.53579779663187
0.20720000000000002	-466.7818823545091
0.20800000000000002	-537.7057610337562
0.2088	-477.4048425111778
0.2096	-298.8453615416764
0.2104	-52.01765776268053
0.2112	199.02809738028358
0.21200000000000002	148.4127640053183
0.21280000000000002	507.87548759556
0.2136	480.06827766407866
0.2144	332.75258499649084
0.2152	97.7974358668009
0.216	-162.93391628838617
0.21680000000000002	-387.10967693493046
0.21760000000000002	-517.2409419763078
0.2184	-522.5524217743458
0.2192	-403.51277868169365
0.22	-15.930814171856275
0.22080000000000002	73.73953476738839
0.22160000000000002	297.4468168671263
0.22240000000000001	454.13571286079343
0.2232	509.75013103283254
0.224	419.9234763105042
0.2248	222.30490373602765
0.22560000000000002	-33.58368600125884
0.22640000000000002	-283.53579779663187
0.2272	-466.3132223446304
0.228	-538.018201015949
0.2288	-477.87350251513743
0.2296	-310.87430425515726
0.23040000000000002	-11.556651154070817
0.23120000000000002	209.18240873557406
0.232	63.897666459760984
0.2328	506.3132847380615
0.2336	480.06827766407866
0.23440000000000003	332.9088052158118
0.23520000000000002	97.9536560075143
0.23600000000000002	-162.77769622017644
0.2368	-386.48479686171015
0.2376	-517.2409419763078
0.2384	-298.8453615416764
0.23920000000000002	-406.63717897642425
0.24000000000000002	-17.649235347963444
0.24080000000000001	-18.898996199971982
0.2416	312.44395696335596
0.2424	485.8484278811345
0.2432	509.75013103283254
0.24400000000000002	420.0796965621894
0.24480000000000002	222.30490373602765
0.2456	-33.89612620561385
0.2464	-283.53579779663187
0.2472	-466.93810235774606
0.248	-517.8658219541142
0.24880000000000002	-470.99982243210457
0.24960000000000002	-205.89443359299042
0.2504	-13.587512559486287
0.25120000000000003	197.1534553078459
0.252	206.05800521828874
0.2528	505.688403596816
0.2536	479.7558371142139
0.2544	332.59636477722614
0.25520000000000004	97.7974358668009
0.256	-162.93391628838617
0.25680000000000003	-386.6410168800615
0.2576	-517.5533819652633
0.2584	-303.84440269366104
0.2592	-407.2620590339232
0.26	-13.899952775042031
0.26080000000000003	-17.336795134521722
0.2616	314.7872601496558
0.2624	494.75298378684306
0.2632	509.4376904593265
0.264	419.7672560588786
0.26480000000000004	221.68002301334428
0.2656	-34.36478651182094
0.2664	-284.1606779559419
0.2672	-467.4067623672891
0.268	-528.0201215350597
0.26880000000000004	-481.62278253788946
0.2696	-194.80280939979272
0.27040000000000003	-11.712871262444661
0.2712	197.1534553078459
0.272	229.4910321073656
0.2728	504.5948616020463
0.2736	479.2871762898793
0.27440000000000003	332.440144558018
0.2752	97.64121572613557
0.276	-162.93391628838617
0.2768	-387.26589695315846
0.2776	-518.0220419485005
0.27840000000000004	-523.4897417355802
0.2792	-406.0122989184435
0.28	-11.244210937190555
0.2808	72.64599383508829
0.2816	318.224104845614
0.28240000000000004	476.31899108197456
0.2832	510.0625716065896
0.28400000000000003	419.4548155558061
0.2848	221.99246337458098
0.2856	-34.05234630772626
0.2864	-284.1606779559419
0.2872	-467.09432236095506
0.28800000000000003	-537.8619810248654
0.2888	-478.3421625188488
0.2896	-264.32073262664056
0.2904	-65.7650261459552
0.2912	202.62116137326706
0.29200000000000004	73.58331463406104
0.2928	507.2506064518087
0.2936	480.06827766407866
0.2944	332.440144558018
0.2952	97.64121572613557
0.29600000000000004	-163.40257649278254
0.2968	-386.7972368983819
0.29760000000000003	-517.7096019597019
0.2984	-523.177301748606
0.2992	-406.3247389474941
0.3	-23.116939054762746
0.3008	72.64599383508829
0.30160000000000003	296.9781562473402
0.3024	456.010356043131
0.3032	509.2814701726677
0.304	419.6110358073126
0.3048	222.14868355527804
0.30560000000000004	-34.36478651182094
0.3064	-283.6920178365111
0.30720000000000003	-466.62566235124416
0.308	-538.1744210070071
0.3088	-477.87350251513743
0.30960000000000004	-310.4056441531755
0.3104	-12.493971803651291
0.31120000000000003	198.24699651586394
0.312	12.657466181544862
0.3128	507.40682673765264
0.3136	479.7558371142139
0.3144	332.28392433886637
0.31520000000000004	98.26609628908538
0.316	-162.77769622017644
0.3168	-386.6410168800615
0.3176	-517.2409419763078
0.3184	-230.108542097143
0.31920000000000004	-406.79339899084414
0.32	-13.899952775042031
0.32080000000000003	-19.211436412534756
0.3216	307.75735062835014
0.3224	483.03646290010795
0.32320000000000004	510.0625716065896
0.324	420.23591681393407
0.32480000000000003	222.7735642785915
0.3256	-33.73990610345804
0.3264	-283.0671376767872
0.3272	-466.93810235774606
0.328	-518.8031419200393
0.32880000000000004	-477.24862250980283
0.3296	-154.96669276010147
0.3304	-9.525789741187788
0.3312	203.87092276855213
0.332	203.55848241941985
0.33280000000000004	507.5630470235592
0.3336	480.06827766407866
0.33440000000000003	332.9088052158118
0.3352	97.9536560075143
0.336	-162.6214761519279
0.33680000000000004	-386.6410168800615
0.3376	-516.772281992678
0.33840000000000003	-208.3939545119273
0.3392	-401.7943585144402
0.34	-181.83654425704333
0.3408	-22.96071894959951
0.3416	318.69276548806795
0.34240000000000004	506.46950502352956
0.3432	510.3750121805974
0.34400000000000003	420.0796965621894
0.3448	221.68002301334428
0.3456	-33.73990610345804
0.34640000000000004	-284.00445791616613
0.3472	-466.7818823545091
0.34800000000000003	-526.6141415996184
0.3488	-480.3730225320661
0.3496	-275.8810158001741
0.3504	-15.618373957446423
0.3512	197.309675480265
0.35200000000000004	367.58969531255775
0.3528	510.0625716065896
0.3536	479.2871762898793
0.3544	332.28392433886637
0.3552	98.26609628908538
0.35600000000000004	-163.2463564246892
0.3568	-386.32857684332805
0.35760000000000003	-516.9285019872475
0.3584	-207.30041411106484
0.3592	-400.85703842166663
0.36000000000000004	-177.77482259218965
0.3608	-19.52387662492187
0.36160000000000003	318.224104845614
0.3624	510.99989332936684
0.3632	509.4376904593265
0.364	419.6110358073126
0.3648	221.05514229150086
0.36560000000000004	-34.208566409795296
0.3664	-283.6920178365111
0.3672	-467.2505423641361
0.368	-522.083761793378
0.3688	-480.3730225320661
0.36960000000000004	-117.94253501844
0.3704	-12.962632127845383
0.37120000000000003	202.30872102496403
0.372	177.9383744922069
0.3728	505.2197427415391
0.37360000000000004	479.2871762898793
0.3744	331.65904346282383
0.37520000000000003	97.64121572613557
0.376	-163.55879656083712
0.3768	-387.26589695315846
0.3776	-517.2409419763078
0.3784	-200.73917166752696
0.37920000000000004	-406.48095896197424
0.38	-11.869091370774328
0.3808	-19.83631683713337
0.3816	309.631993156344
0.3824	479.9120573891154
0.38320000000000004	509.90635131967963
0.384	419.7672560588786
0.38480000000000003	221.99246337458098
0.3856	-34.05234630772626
0.3864	-284.1606779559419
0.38720000000000004	-467.2505423641361
0.388	-514.8976420557996
0.38880000000000003	-469.4376224057367
0.3896	-219.48557847519885
0.3904	-10.931770720133503
0.3912	210.900830678952
0.392	47.18211277555113
0.39280000000000004	506.3132847380615
0.3936	480.38071821419027
0.39440000000000003	332.75258499649084
0.3952	97.48499558551833
0.396	-162.77769622017644
0.39680000000000004	-386.6410168800615
0.3976	-517.2409419763078
0.39840000000000003	-156.0602332503777
0.3992	-407.574499062492
0.4	-17.024354920904077
0.40080000000000005	-20.461197261029717
0.4016	303.07074434334436
0.40240000000000004	462.5716072503619
0.4032	510.53123246769565
0.404	420.70457756952567
0.4048	222.61734409768437
0.4056	-33.89612620561385
0.40640000000000004	-283.37957775671816
0.4072	-467.2505423641361
0.40800000000000003	-516.3036220088125
0.4088	-475.3739824911473
0.4096	-196.36501000182517
0.41040000000000004	-11.40043104565278
0.4112	198.09077634313505
0.41200000000000003	132.9469687494971
0.4128	506.46950502352956
0.4136	479.59961683937394
0.41440000000000005	333.2212456546232
0.4152	98.1098761482758
0.41600000000000004	-163.0901363565571
0.4168	-386.32857684332805
0.4176	-516.9285019872475
0.4184	-78.5750736630365
0.4192	-399.1386182487454
0.42000000000000004	-182.77386463757688
0.4208	-18.742776093624713
0.42160000000000003	317.91166441759106
0.4224	492.72212014146936
0.4232	510.53123246769565
0.42400000000000004	420.0796965621894
0.4248	222.46112391682976
0.42560000000000003	-34.05234630772626
0.4264	-284.00445791616613
0.4272	-466.93810235774606
0.42800000000000005	-517.2409419763078
0.4288	-472.40580245345603
0.42960000000000004	-231.67074261554185
0.4304	-9.057129414076087
0.4312	199.96541841929283
0.432	348.84326788407793
0.4328	512.874536781704
0.43360000000000004	479.9120573891154
0.4344	333.0650254351892
0.43520000000000003	98.89097685280473
0.436	-162.77769622017644
0.4368	-386.01613680647114
0.43760000000000004	-516.9285019872475
0.4384	-35.14588702129867
0.43920000000000003	-403.668998696717
0.44	-186.21070602114378
0.4408	57.023980768031024
0.44160000000000005	316.66190270773546
0.4424	336.97053093798905
0.44320000000000004	510.2187918935622
0.444	419.7672560588786
0.44480000000000003	221.99246337458098
0.4456	-33.58368600125884
0.4464	-283.37957775671816
0.44720000000000004	-467.2505423641361
0.448	-515.5225220351789
0.44880000000000003	-465.5321223276058
0.4496	-303.0633025159482
0.4504	-54.20473911842785
0.45120000000000005	200.2778587660429
0.452	353.21743421026326
0.45280000000000004	513.0307570698071
0.4536	479.59961683937394
0.4544	332.59636477722614
0.45520000000000005	97.9536560075143
0.456	-162.93391628838617
0.45680000000000004	-386.32857684332805
0.4576	-517.7096019597019
0.45840000000000003	-55.14205969690143
0.4592	-392.10871750297304
0.46	-178.55592291435985
0.46080000000000004	73.73953476738839
0.4616	316.3494622808303
0.46240000000000003	465.0711315480963
0.4632	509.5939107460482
0.464	419.7672560588786
0.46480000000000005	222.30490373602765
0.4656	-33.89612620561385
0.46640000000000004	-283.84823787635594
0.4672	-467.71920237351134
0.468	-517.5533819652633
0.46880000000000005	-460.22064219322374
0.4696	-85.91741784469237
0.47040000000000004	-52.01765776268053
0.4712	199.65297807274962
0.47200000000000003	138.727114394295
0.4728	505.688403596816
0.4736	479.9120573891154
0.47440000000000004	332.28392433886637
0.4752	97.64121572613557
0.47600000000000003	-162.30903601531443
0.4768	-386.95345691667166
0.4776	-517.7096019597019
0.47840000000000005	-48.89325581136117
0.4792	-404.1376587416058
0.48000000000000004	-180.43056368366925
0.4808	73.4270945007809
0.48160000000000003	312.44395696335596
0.4824	500.8455747860977
0.4832	509.4376904593265
0.48400000000000004	420.0796965621894
0.4848	222.46112391682976
0.48560000000000003	-33.42746589901624
0.4864	-283.53579779663187
0.4872	-467.2505423641361
0.48800000000000004	-518.8031419200393
0.4888	-457.09624209895475
0.48960000000000004	-61.23464341962129
0.4904	-57.64158123199718
0.4912	199.96541841929283
0.49200000000000005	192.46685015924976
0.4928	508.1879281678117
0.49360000000000004	479.4433965645958
0.4944	332.59636477722614
0.49520000000000003	97.48499558551833
0.496	-163.0901363565571
0.4968	-386.6410168800615
0.49760000000000004	-516.6160619980824
0.4984	-17.649235347963444
0.49920000000000003	-391.95249748569745
0.5	-181.99276432056087
0.5008	74.36441530117011
0.5016	318.224104845614
0.5024000000000001	492.2534593017212
0.5032	510.3750121805974
0.504	420.70457756952567
0.5048	221.99246337458098
0.5056	-33.42746589901624
0.5064000000000001	-283.6920178365111
0.5072	-467.09432236095506
0.508	-515.9911820194377
0.5088	-461.31418222354944
0.5096	-190.74108781686854
0.5104000000000001	-43.89421265357436
0.5112	199.49675789955555
0.512	310.7255346347054
0.5128	508.0317078816546
0.5136000000000001	479.59961683937394
0.5144000000000001	332.59636477722614
0.5152	97.9536560075143
0.516	-163.2463564246892
0.5168	-386.48479686171015
0.5176000000000001	-516.772281992678
0.5184	-102.94540719038655
0.5192	-400.7008184060982
0.52	-185.58582577095473
0.5208	57.023980768031024
0.5216000000000001	317.59922398979177
0.5224	442.5754134293737
0.5232	510.0625716065896
0.524	419.6110358073126
0.5248	222.30490373602765
0.5256000000000001	-34.208566409795296
0.5264	-283.84823787635594
0.5272	-467.5629823704142
0.528	-515.0538620506837
0.5288	-465.5321223276058
0.5296000000000001	-303.53196262267727
0.5304	-57.32914104070632
0.5312	199.80919824599533
0.532	345.0939824972176
0.5328	511.93721505440453
0.5336000000000001	479.2871762898793
0.5344	332.75258499649084
0.5352	98.1098761482758
0.536	-162.77769622017644
0.5368	-386.32857684332805
0.5376000000000001	-517.2409419763078
0.5384	-57.79780132757878
0.5392	-401.7943585144402
0.54	-189.49132732467774
0.5408000000000001	74.05197503418478
0.5416000000000001	317.75544420366344
0.5424	387.8983259644429
0.5432	510.6874527548566
0.544	419.9234763105042
0.5448000000000001	222.14868355527804
0.5456	-33.89612620561385
0.5464	-284.1606779559419
0.5472	-466.3132223446304
0.548	-515.8349620247109
0.5488000000000001	-462.7201622605116
0.5496	-67.48344717077805
0.5504	-57.01670084924524
0.5512	200.12163859264197
0.552	185.12450218615913
0.5528000000000001	510.0625716065896
0.5536	479.7558371142139
0.5544	333.0650254351892
0.5552	97.64121572613557
0.556	-163.0901363565571
0.5568000000000001	-386.6410168800615
0.5576	-518.0220419485005
0.5584	-48.42459551718578
0.5592	-397.73263810452977
0.56	-175.11908148965034
0.5608000000000001	73.58331463406104
0.5616	313.22505802406187
0.5624	501.15801535271885
0.5632	509.75013103283254
0.5640000000000001	420.0796965621894
0.5648000000000001	222.14868355527804
0.5656	-33.58368600125884
0.5664	-283.53579779663187
0.5672	-467.5629823704142
0.5680000000000001	-517.5533819652633
0.5688	-458.6584421475027
0.5696	-51.080337179082086
0.5704	-57.95402142311785
0.5712	199.96541841929283
0.5720000000000001	191.37330896457905
0.5728	511.7809947667413
0.5736	479.4433965645958
0.5744	332.59636477722614
0.5752	98.1098761482758
0.5760000000000001	-162.6214761519279
0.5768	-386.6410168800615
0.5776	-517.5533819652633
0.5784	-69.20186819049525
0.5792	-391.48383743368714
0.5800000000000001	-183.24252482732933
0.5808	73.89575490076297
0.5816	315.8808016408917
0.5824	466.3208937028332
0.5832	509.90635131967963
0.5840000000000001	420.0796965621894
0.5848	222.14868355527804
0.5856	-33.58368600125884
0.5864	-284.00445791616613
0.5872	-466.93810235774606
0.5880000000000001	-517.7096019597019
0.5888	-458.1897821332354
0.5896	-142.00042680033337
0.5904	-57.64158123199718
0.5912000000000001	200.12163859264197
0.5920000000000001	242.61352768266053
0.5928	511.7809947667413
0.5936	479.9120573891154
0.5944	333.5336860936605
0.5952000000000001	97.64121572613557
0.596	-162.93391628838617
0.5968	-386.7972368983819
0.5976	-517.0847219817907
0.5984	-66.38990651920926
0.5992000000000001	-393.3584776400745
0.6	-183.71118501673914
0.6008	74.52063543473363
0.6016	316.974343134864
0.6024	399.45862385252707
0.6032000000000001	510.2187918935622
0.604	420.0796965621894
0.6048	222.46112391682976
0.6056	-33.58368600125884
0.6064	-284.00445791616613
0.6072000000000001	-467.2505423641361
0.608	-516.6160619980824
0.6088	-462.5639422565172
0.6096	-218.07959798311632
0.6104	-57.32914104070632
0.6112000000000001	199.80919824599533
0.612	349.15570833446435
0.6128	512.5620962056862
0.6136	479.7558371142139
0.6144000000000001	333.0650254351892
0.6152000000000001	97.48499558551833
0.616	-162.93391628838617
0.6168	-386.7972368983819
0.6176	-517.8658219541142
0.6184000000000001	-18.117895667796265
0.6192000000000001	-404.1376587416058
0.62	-190.8973078782222
0.6208	73.4270945007809
0.6216	317.1305633485121
0.6224000000000001	389.1480878828298
0.6232	510.0625716065896
0.624	419.9234763105042
0.6248	221.68002301334428
0.6256	-33.89612620561385
0.6264000000000001	-283.84823787635594
0.6272	-467.5629823704142
0.628	-520.3653418611582
0.6288	-458.1897821332354
0.6296	-163.0901363565571
0.6304000000000001	-57.32914104070632
0.6312	199.80919824599533
0.632	176.06373250283573
0.6328	511.6247744791407
0.6336	479.59961683937394
0.6344000000000001	333.2212456546232
0.6352	97.7974358668009
0.636	-163.2463564246892
0.6368	-386.7972368983819
0.6376000000000001	-517.5533819652633
0.6384000000000001	-54.36095921494676
0.6392	-397.2639780559103
0.64	-174.33798116326534
0.6408	73.73953476738839
0.6416000000000001	312.9126175996123
0.6424000000000001	504.43864131732937
0.6432	510.0625716065896
0.644	420.3921370657384
0.6448	222.30490373602765
0.6456000000000001	-34.52100661380321
0.6464000000000001	-283.37957775671816
0.6472	-466.93810235774606
0.648	-517.8658219541142
0.6488	-458.81466215220183
0.6496000000000001	-72.95115039764649
0.6504	-56.70426065761387
0.6512	199.96541841929283
0.652	123.57375973920183
0.6528	506.7819455946533
0.6536000000000001	479.9120573891154
0.6544	332.59636477722614
0.6552	97.7974358668009
0.656	-162.77769622017644
0.6568	-386.32857684332805
0.6576000000000001	-517.7096019597019
0.6584	-26.86622156556076
0.6592	-400.85703842166663
0.66	-174.6504212939345
0.6608	59.05484244026157
0.6616000000000001	314.00615908616163
0.6624	496.62762716113525
0.6632	510.0625716065896
0.664	420.3921370657384
0.6648000000000001	222.61734409768437
0.6656000000000001	-33.58368600125884
0.6664	-283.6920178365111
0.6672	-466.7818823545091
0.668	-515.0538620506837
0.6688000000000001	-467.87542237658056
0.6696000000000001	-109.35043057948313
0.6704	-6.245167443032518
0.6712	198.87187720729634
0.672	227.30394954777168
0.6728000000000001	508.50036874031423
0.6736000000000001	480.38071821419027
0.6744	333.3774658741136
0.6752	97.9536560075143
0.676	-162.77769622017644
0.6768000000000001	-386.32857684332805
0.6776	-516.772281992678
0.6784	-112.3186121268151
0.6792	-397.1077580396429
0.68	-179.80568342784406
0.6808000000000001	33.27852179728639
0.6816	318.8489857023311
0.6824	500.68935450288075
0.6832	509.90635131967963
0.684	420.0796965621894
0.6848000000000001	222.92978445955114
0.6856	-33.27124579673023
0.6864	-283.84823787635594
0.6872	-467.09432236095506
0.6880000000000001	-518.8031419200393
0.6888000000000001	-469.59384240849886
0.6896	-303.53196262267727
0.6904	-15.930814171856275
0.6912	200.59029911299987
0.6920000000000001	419.7672560588786
0.6928000000000001	511.1561136167161
0.6936	480.06827766407866
0.6944	333.0650254351892
0.6952	98.1098761482758
0.6960000000000001	-162.6214761519279
0.6968000000000001	-386.6410168800615
0.6976	-516.772281992678
0.6984	-54.67339940785658
0.6992	-403.82521871171014
0.7000000000000001	-185.42960570831252
0.7008	82.01920190145324
0.7016	317.1305633485121
0.7024	406.33231464123935
0.7032	510.0625716065896
0.7040000000000001	419.7672560588786
0.7048	222.61734409768437
0.7056	-34.208566409795296
0.7064	-283.84823787635594
0.7072	-467.2505423641361
0.7080000000000001	-515.2100820455418
0.7088	-467.71920237351134
0.7096	-275.0999155917702
0.7104	-56.548040561734325
0.7112	200.12163859264197
0.7120000000000001	326.9724369212473
0.7128	512.7183164936638
0.7136	480.2244979391036
0.7144	332.59636477722614
0.7152000000000001	97.7974358668009
0.7160000000000001	-163.2463564246892
0.7168	-386.6410168800615
0.7176	-518.0220419485005
0.7184	-66.23368642595912
0.7192000000000001	-393.8271376909827
0.7200000000000001	-187.14802639528835
0.7208	37.6526852118385
0.7216	316.974343134864
0.7224	444.7624970801703
0.7232000000000001	509.75013103283254
0.7240000000000001	419.9234763105042
0.7248	222.30490373602765
0.7256	-33.58368600125884
0.7264	-284.1606779559419
0.7272000000000001	-466.7818823545091
0.728	-515.678742029958
0.7288	-468.6565223915075
0.7296	-56.86048075345083
0.7304	-28.42842260430311
0.7312000000000001	199.80919824599533
0.732	236.20850003370973
0.7328	509.5939107460482
0.7336	480.06827766407866
0.7344	333.2212456546232
0.7352000000000001	97.64121572613557
0.736	-163.2463564246892
0.7368	-386.95345691667166
0.7376	-517.8658219541142
0.7384000000000001	-74.20091112798366
0.7392000000000001	-396.7953180070167
0.74	-179.96190349185764
0.7408	68.27183012898927
0.7416	317.2867835622161
0.7424000000000001	479.1309560152244
0.7432000000000001	510.0625716065896
0.744	419.4548155558061
0.7448	222.30490373602765
0.7456	-34.05234630772626
0.7464000000000001	-284.00445791616613
0.7472000000000001	-466.93810235774606
0.748	-520.0529018731432
0.7488	-469.4376224057367
0.7496	-303.2195225515584
0.7504000000000001	-7.651148430349497
0.7512000000000001	199.49675789955555
0.752	288.69848537952396
0.7528	512.7183164936638
0.7536	480.38071821419027
0.7544000000000001	333.0650254351892
0.7552	98.1098761482758
0.756	-162.77769622017644
0.7568	-386.48479686171015
0.7576	-517.2409419763078
0.7584000000000001	-107.63200967694553
0.7592	-403.51277868169365
0.76	-185.42960570831252
0.7608	5.315120811555364
0.7616	318.224104845614
0.7624000000000001	448.66800362892127
0.7632	510.0625716065896
0.764	420.23591681393407
0.7648	222.61734409768437
0.7656000000000001	-33.89612620561385
0.7664000000000001	-283.53579779663187
0.7672	-466.46944234795126
0.768	-530.5196414151316
0.7688	-480.3730225320661
0.7696000000000001	-303.0633025159482
0.7704000000000001	-11.40043104565278
0.7712	196.99723513547838
0.772	441.01321082890564
0.7728	511.7809947667413
0.7736000000000001	480.38071821419027
0.7744000000000001	333.0650254351892
0.7752	99.2034171349531
0.776	-162.6214761519279
0.7768	-386.32857684332805
0.7776000000000001	-515.9911820194377
0.7784000000000001	-243.69968648587573
0.7792	-403.20033865155625
0.78	-188.86644707767405
0.7808	47.02589265017096
0.7816000000000001	316.3494622808303
0.7824	364.3090704528809
0.7832	509.75013103283254
0.784	419.7672560588786
0.7848	222.14868355527804
0.7856000000000001	-33.58368600125884
0.7864	-284.00445791616613
0.7872	-466.93810235774606
0.788	-519.7404618850237
0.7888000000000001	-474.9053224858612
0.7896000000000001	-304.0006227291022
0.7904	-8.90090930495031
0.7912	198.40321668864453
0.792	406.6447551343487
0.7928000000000001	513.0307570698071
0.7936000000000001	479.7558371142139
0.7944	332.75258499649084
0.7952	98.26609628908538
0.796	-162.46525608364058
0.7968000000000001	-386.95345691667166
0.7976000000000001	-517.5533819652633
0.7984	-119.81717597066728
0.7992	-403.82521871171014
0.8	-187.304246457513
0.8008000000000001	28.12325781906411
0.8016000000000001	317.1305633485121
0.8024	464.4462504721959
0.8032	509.5939107460482
0.804	419.4548155558061
0.8048000000000001	222.30490373602765
0.8056000000000001	-33.89612620561385
0.8064	-283.84823787635594
0.8072	-467.09432236095506
0.808	-521.6151018121759
0.8088000000000001	-471.1560424345882
0.8096	-221.047779018463
0.8104	-3.1207652361198797
0.8112	200.2778587660429
0.812	282.60589748094776
0.8128000000000001	510.6874527548566
0.8136	479.9120573891154
0.8144	332.28392433886637
0.8152	98.26609628908538
0.8160000000000001	-163.2463564246892
0.8168000000000001	-386.7972368983819
0.8176	-517.2409419763078
0.8184	-62.95306445793999
0.8192	-397.2639780559103
0.8200000000000001	-182.61764457424988
0.8208000000000001	69.83403144835712
0.8216	318.06788463157454
0.8224	452.88595074409693
0.8232	510.0625716065896
0.8240000000000001	420.0796965621894
0.8248000000000001	222.46112391682976
0.8256	-33.58368600125884
0.8264	-284.3168979956832
0.8272	-466.7818823545091
0.8280000000000001	-516.4598420034605
0.8288000000000001	-464.90724231348173
0.8296	-115.44301373975263
0.8304	-49.51813620299505
0.8312	201.05895963382346
0.8320000000000001	274.17000668163945
0.8328	507.5630470235592
0.8336	480.38071821419027
0.8344	332.59636477722614
0.8352	97.7974358668009
0.8360000000000001	-162.6214761519279
0.8368	-386.6410168800615
0.8376	-516.4598420034605
0.8384	-55.92316017779024
0.8392000000000001	-396.32665795784885
0.8400000000000001	-182.77386463757688
0.8408	-6.088947333108823
0.8416	318.224104845614
0.8424	508.9690295995382
0.8432000000000001	510.0625716065896
0.8440000000000001	419.7672560588786
0.8448	222.14868355527804
0.8456	-33.73990610345804
0.8464	-283.84823787635594
0.8472000000000001	-467.2505423641361
0.8480000000000001	-521.1464418307396
0.8488	-471.31226243704396
0.8496	-261.040111691042
0.8504	-7.651148430349497
0.8512000000000001	198.09077634313505
0.8520000000000001	373.68228440520346
0.8528	511.3123339041281
0.8536	480.2244979391036
0.8544	332.75258499649084
0.8552000000000001	97.7974358668009
0.8560000000000001	-162.6214761519279
0.8568	-386.48479686171015
0.8576	-516.6160619980824
0.8584	-123.09779762309566
0.8592000000000001	-404.29387875650826
0.86	-184.80472545736362
0.8608	57.33642102478403
0.8616	314.1623792987489
0.8624	421.6418990823174
0.8632000000000001	509.90635131967963
0.864	419.29859530435897
0.8648	222.30490373602765
0.8656	-33.89612620561385
0.8664000000000001	-284.1606779559419
0.8672000000000001	-466.7818823545091
0.868	-533.8002612477416
0.8688	-482.0914425396202
0.8696	-304.0006227291022
0.8704000000000001	-5.776507113128293
0.8712000000000001	197.93455617045774
0.872	412.89356504622094
0.8728	512.874536781704
0.8736	480.2244979391036
0.8744000000000001	332.28392433886637
0.8752000000000001	98.42231642994307
0.876	-162.93391628838617
0.8768	-386.32857684332805
0.8776	-516.4598420034605
0.8784000000000001	-166.68319791379307
0.8792000000000001	-403.668998696717
0.88	-196.0525698817197
0.8808	-23.741819474978012
0.8816	317.44300377597597
0.8824000000000001	494.9092040676918
0.8832000000000001	509.4376904593265
0.884	419.7672560588786
0.8848	222.14868355527804
0.8856	-33.89612620561385
0.8864000000000001	-283.84823787635594
0.8872	-466.7818823545091
0.888	-523.02108175508
0.8888	-476.9361825069699
0.8896000000000001	-271.66307466444715
0.8904000000000001	-4.839186452121094
0.8912	196.84101496316248
0.892	319.1614261310254
0.8928	511.3123339041281
0.8936000000000001	480.6931587645487
0.8944000000000001	332.59636477722614
0.8952	97.7974358668009
0.896	-162.93391628838617
0.8968	-386.32857684332805
0.8976000000000001	-517.3971619707987
0.8984000000000001	-64.51526539741842
0.8992	-403.98143872667305
0.9	-184.80472545736362
0.9008	66.70962881432433
0.9016000000000001	317.91166441759106
0.9024000000000001	464.4462504721959
0.9032	510.0625716065896
0.904	419.9234763105042
0.9048	222.61734409768437
0.9056000000000001	-33.89612620561385
0.9064000000000001	-283.2233577167699
0.9072	-466.62566235124416
0.908	-516.3036220088125
0.9088	-466.0007823379045
0.9096000000000001	-219.01691831150262
0.9104000000000001	-19.52387662492187
0.9112	200.12163859264197
0.912	273.85756628471466
0.9128000000000001	508.1879281678117
0.9136000000000001	480.53693848933864
0.9144	332.59636477722614
0.9152	98.26609628908538
0.916	-162.6214761519279
0.9168000000000001	-386.95345691667166
0.9176000000000001	-517.5533819652633
0.9184	-79.8248343813127
0.9192	-399.7634983120508
0.92	-171.68224004637304
0.9208000000000001	27.342157220640043
0.9216000000000001	315.8808016408917
0.9224	506.0008441673135
0.9232	510.3750121805974
0.924	419.7672560588786
0.9248000000000001	221.99246337458098
0.9256000000000001	-33.73990610345804
0.9264	-283.37957775671816
0.9272	-466.7818823545091
0.928	-515.9911820194377
0.9288000000000001	-470.8436024295931
0.9296000000000001	-231.35830251215307
0.9304	-27.647322085477107
0.9312	198.71565703436073
0.932	330.87794236903966
0.9328000000000001	509.4376904593265
0.9336000000000001	480.06827766407866
0.9344	332.75258499649084
0.9352	97.32877544494916
0.936	-162.93391628838617
0.9368000000000001	-386.7972368983819
0.9376000000000001	-517.3971619707987
0.9384	-65.92124623933209
0.9392	-403.98143872667305
0.9400000000000001	-185.42960570831252
0.9408000000000001	22.967993890499688
0.9416	317.91166441759106
0.9424	425.07874464758993
0.9432	510.3750121805974
0.9440000000000001	419.7672560588786
0.9448000000000001	222.61734409768437
0.9456	-33.42746589901624
0.9464	-283.6920178365111
0.9472	-466.62566235124416
0.9480000000000001	-524.1146217092171
0.9488000000000001	-477.24862250980283
0.9496	-303.2195225515584
0.9504	-12.80641201982483
0.9512	195.74747375839598
0.9520000000000001	314.47481972409076
0.9528000000000001	507.5630470235592
0.9536	480.38071821419027
0.9544	332.75258499649084
0.9552	97.7974358668009
0.9560000000000001	-162.46525608364058
0.9568000000000001	-386.95345691667166
0.9576	-516.4598420034605
0.9584	-189.49132732467774
0.9592	-401.3256984681898
0.9600000000000001	-183.55496495364062
0.9608000000000001	-23.58559936998984
0.9616	319.1614261310254
0.9624	515.998942555719
0.9632000000000001	509.90635131967963
0.9640000000000001	419.4548155558061
0.9648	222.61734409768437
0.9656	-33.27124579673023
0.9664	-283.37957775671816
0.9672000000000001	-466.93810235774606
0.9680000000000001	-528.8012214982905
0.9688	-483.9660825440754
0.9696	-229.01500173209803
0.9704	-12.650191911760135
0.9712000000000001	199.80919824599533
0.9720000000000001	321.03606870789315
0.9728	507.7192673095283
0.9736	480.06827766407866
0.9744	333.0650254351892
0.9752000000000001	98.1098761482758
0.9760000000000001	-162.6214761519279
0.9768	-386.95345691667166
0.9776	-517.2409419763078
0.9784	-198.39587077884596
0.9792000000000001	-401.6381384990537
0.9800000000000001	-174.1817610978732
0.9808	-19.52387662492187
0.9816	319.00520591665025
0.9824	510.99989332936684
0.9832000000000001	510.0625716065896
0.9840000000000001	420.0796965621894
0.9848	222.61734409768437
0.9856	-33.58368600125884
0.9864	-283.2233577167699
0.9872000000000001	-466.7818823545091
0.9880000000000001	-517.7096019597019
0.9888	-475.99886249780815
0.9896	-152.46717163227615
0.9904000000000001	-13.275072343754086
0.9912000000000001	196.52857461868555
0.992	181.6876584929621
0.9928	506.0008441673135
0.9936	480.38071821419027
0.9944000000000001	332.28392433886637
0.9952000000000001	97.64121572613557
0.996	-162.30903601531443
0.9968	-387.26589695315846
0.9976	-517.2409419763078
0.9984000000000001	-127.94062002999613
0.9992000000000001	-403.0441186364422
