0	158.27511825404122
0.0008	383.38842028571764
0.0016	511.33281321846
0.0024000000000000002	184.05144496912777
0.0032	382.76353934375896
0.004	157.33779730839285
0.0048000000000000004	-106.0493215688214
0.0056	-344.59734135909713
0.0064	-500.0362518232812
0.007200000000000001	-534.0922104115303
0.008	-439.2666711672596
0.0088	-234.77465512336929
0.009600000000000001	27.518863186720104
0.010400000000000001	279.345755968438
0.0112	462.7483075827774
0.012	510.39549150959607
0.0128	445.5640787113882
0.013600000000000001	278.4084347802714
0.014400000000000001	26.893982715710315
0.0152	-232.58757442651333
0.016	-435.2049509719873
0.016800000000000002	-534.0922104115303
0.0176	-500.97357180106457
0.0184	-346.7844217139942
0.019200000000000002	-106.36176173092639
0.02	157.80645778099202
0.020800000000000003	382.13865840272854
0.0216	511.0203726485884
0.0224	185.45742646596884
0.023200000000000002	381.8262179325612
0.024	157.80645778099202
0.024800000000000003	-106.2055416498942
0.0256	-343.9724612565426
0.0264	-500.0362518232812
0.027200000000000002	-534.2484304022331
0.028	-439.7353311885389
0.028800000000000003	-234.14977492498863
0.0296	27.050202833394742
0.0304	279.65819636492813
0.031200000000000002	462.2796467856421
0.032	515.5507609362475
0.0328	441.81479250930573
0.033600000000000005	278.5646549781634
0.0344	26.581542480477474
0.0352	-232.11891427626705
0.036000000000000004	-435.82983100329767
0.0368	-533.6235504392703
0.0376	-501.5984517857225
0.038400000000000004	-347.2530817892262
0.0392	-106.83042197377945
0.04	157.65023762340897
0.0408	381.98243816761584
0.041600000000000005	511.0203726485884
0.0424	205.92226872291621
0.0432	381.98243816761584
0.044000000000000004	156.24425620741053
0.0448	-106.2055416498942
0.0456	-344.90978141018167
0.046400000000000004	-500.3486918159819
0.0472	-533.9359904208025
0.048	-438.9542311529297
0.0488	-234.61843507382815
0.049600000000000005	26.893982715710315
0.0504	279.18953577027446
0.0512	461.9672062545227
0.052000000000000005	520.7060304312189
0.0528	438.8466076238829
0.0536	278.0959943846503
0.054400000000000004	26.893982715710315
0.055200000000000006	-232.58757442651333
0.056	-436.1422710187796
0.0568	-534.4046503929102
0.057600000000000005	-501.44223178959777
0.0584	-347.4093018142394
0.0592	-107.45530229701548
0.060000000000000005	157.33779730839285
0.0608	384.48196193637955
0.0616	537.5778219858018
0.062400000000000004	197.3301592710384
0.0632	381.8262179325612
0.064	156.24425620741053
0.0648	-105.89310148770801
0.0656	-344.7535613846554
0.0664	-499.880031826891
0.06720000000000001	-534.0922104115303
0.068	-440.5164312234301
0.0688	-234.30599497463788
0.06960000000000001	26.73776259807122
0.0704	279.03331557216524
0.0712	466.1851534451818
0.07200000000000001	513.6761175004801
0.0728	441.81479250930573
0.0736	278.4084347802714
0.07440000000000001	26.73776259807122
0.0752	-232.11891427626705
0.076	-435.0487309640874
0.07680000000000001	-534.4046503929102
0.0776	-501.44223178959777
0.0784	-346.94064173910357
0.0792	-106.51798181191799
0.08	157.65023762340897
0.08080000000000001	386.66904524624164
0.0816	543.6704135622275
0.0824	302.62256610497155
0.08320000000000001	381.98243816761584
0.084	157.4940174658759
0.0848	-106.2055416498942
0.08560000000000001	-344.7535613846554
0.0864	-499.5675918340308
0.0872	-534.0922104115303
0.08800000000000001	-440.67265123032223
0.0888	-234.61843507382815
0.0896	26.893982715710315
0.09040000000000001	279.18953577027446
0.0912	451.50044860235084
0.092	512.4263552149824
0.09280000000000001	442.283453282671
0.0936	279.18953577027446
0.0944	26.581542480477474
0.0952	-231.8064741759223
0.096	-434.73629094820114
0.09680000000000001	-533.4673304484662
0.0976	-501.44223178959777
0.0984	-347.4093018142394
0.09920000000000001	-106.51798181191799
0.1	157.18157715095978
0.1008	386.82526548309625
0.10160000000000001	542.4206511796834
0.1024	312.4644392145261
0.1032	381.6699976975645
0.10400000000000001	157.65023762340897
0.1048	-106.2055416498942
0.1056	-344.59734135909713
0.10640000000000001	-500.1924718196448
0.1072	-534.2484304022331
0.108	-440.3602112165093
0.10880000000000001	-234.30599497463788
0.1096	27.36264306889963
0.11040000000000001	279.18953577027446
0.11120000000000001	463.37318864647654
0.112	521.7995724541057
0.11280000000000001	445.72029897056086
0.1136	278.8770953741103
0.1144	26.425322362929045
0.11520000000000001	-232.27513432638523
0.116	-435.5173909877002
0.1168	-533.3111104576367
0.11760000000000001	-501.7546717818206
0.1184	-346.94064173910357
0.1192	-106.36176173092639
0.12000000000000001	157.65023762340897
0.1208	384.79440240851983
0.1216	538.9838046486974
0.12240000000000001	341.3651789893253
0.1232	381.6699976975645
0.124	156.7129166789603
0.12480000000000001	-106.2055416498942
0.12560000000000002	-344.59734135909713
0.1264	-500.3486918159819
0.1272	-533.9359904208025
0.128	-382.87124667471363
0.1288	-233.68111477582474
0.1296	26.893982715710315
0.13040000000000002	279.5019761666558
0.1312	472.2777439101978
0.132	525.080198541284
0.1328	446.9700610461114
0.1336	278.5646549781634
0.13440000000000002	26.73776259807122
0.13520000000000001	-231.65025412569568
0.136	-435.5173909877002
0.1368	-533.6235504392703
0.1376	-497.3805118810286
0.1384	-336.16145993111576
0.13920000000000002	-106.51798181191799
0.14	157.18157715095978
0.1408	384.3257417003965
0.1416	551.168987943255
0.1424	322.30631254438254
0.1432	381.51377746262585
0.14400000000000002	157.18157715095978
0.1448	-105.89310148770801
0.1456	-344.44112133350666
0.1464	-500.97357180106457
0.1472	-534.2484304022331
0.14800000000000002	-235.55575537053457
0.14880000000000002	-234.61843507382815
0.1496	26.893982715710315
0.1504	279.65819636492813
0.1512	487.11866979207474
0.152	521.7995724541057
0.15280000000000002	441.5023519940294
0.15360000000000001	277.7835539892463
0.1544	26.26910224542594
0.1552	-232.11891427626705
0.156	-435.6736109955134
0.1568	-533.6235504392703
0.15760000000000002	-493.63123194942557
0.1584	-338.34854031037315
0.1592	-106.51798181191799
0.16	157.33779730839285
0.1608	385.73172382633464
0.16160000000000002	561.1670873474571
0.16240000000000002	340.2716374493336
0.1632	381.2013369929223
0.164	156.86913683624348
0.1648	-106.36176173092639
0.1656	-344.7535613846554
0.16640000000000002	-500.81735180483366
0.16720000000000002	-534.2484304022331
0.168	-265.7062242300436
0.1688	-234.462215024251
0.1696	26.581542480477474
0.1704	279.345755968438
0.17120000000000002	446.65762052686205
0.17200000000000001	520.2373695652112
0.1728	446.34518000785397
0.1736	278.25221458243374
0.1744	26.425322362929045
0.1752	-231.9626942261127
0.17600000000000002	-435.6736109955134
0.1768	-533.6235504392703
0.1776	-489.5695120060966
0.1784	-338.03610025658185
0.1792	-106.67420189286902
0.18000000000000002	157.65023762340897
0.18080000000000002	387.9188071427074
0.1816	554.2933939788378
0.1824	329.0237817697499
0.1832	381.51377746262585
0.184	157.02535699357665
0.18480000000000002	-105.58066132535936
0.18560000000000001	-344.1286812822294
0.1864	-500.0362518232812
0.1872	-533.4673304484662
0.188	-275.70430687876103
0.1888	-234.30599497463788
0.18960000000000002	27.050202833394742
0.1904	280.28307715856033
0.1912	449.0009244271124
0.192	520.3935898538175
0.1928	445.72029897056086
0.19360000000000002	278.5646549781634
0.19440000000000002	26.581542480477474
0.1952	-232.11891427626705
0.196	-435.5173909877002
0.1968	-533.1548904667819
0.1976	-488.3197520198732
0.19840000000000002	-338.03610025658185
0.19920000000000002	-106.2055416498942
0.2	157.65023762340897
0.2008	386.20038453602655
0.2016	552.4187503544134
0.2024	393.69895596235136
0.20320000000000002	381.6699976975645
0.20400000000000001	156.7129166789603
0.2048	-106.0493215688214
0.2056	-344.1286812822294
0.2064	-500.50491181229233
0.20720000000000002	-533.9359904208025
0.20800000000000002	-207.5923659561739
0.2088	-234.462215024251
0.2096	27.206422951124516
0.2104	279.65819636492813
0.2112	482.74450210604874
0.21200000000000002	523.2055550594936
0.21280000000000002	450.25068651279844
0.2136	278.4084347802714
0.2144	26.581542480477474
0.2152	-231.9626942261127
0.216	-436.1422710187796
0.21680000000000002	-533.4673304484662
0.21760000000000002	-492.69391196411533
0.2184	-334.13059957326027
0.2192	-106.67420189286902
0.22	157.02535699357665
0.22080000000000002	385.8879440628405
0.22160000000000002	560.8546467370932
0.22240000000000001	400.10398582886046
0.2232	380.8888965234506
0.224	157.02535699357665
0.2248	-106.51798181191799
0.22560000000000002	-344.1286812822294
0.22640000000000002	-500.1924718196448
0.2272	-534.2484304022331
0.228	-217.12178929594285
0.2288	-235.0870952223434
0.2296	26.893982715710315
0.23040000000000002	279.345755968438
0.23120000000000002	478.6827750122482
0.232	524.2990970894348
0.2328	445.5640787113882
0.2336	278.7208751761097
0.23440000000000003	26.425322362929045
0.23520000000000002	-232.11891427626705
0.23600000000000002	-435.98605101105306
0.2368	-533.9359904208025
0.2376	-493.31879195442946
0.2384	-335.22413976663313
0.23920000000000002	-106.36176173092639
0.24000000000000002	157.33779730839285
0.24080000000000001	386.20038453602655
0.2416	562.5730700972821
0.2424	455.5621754201326
0.2432	380.8888965234506
0.24400000000000002	156.86913683624348
0.24480000000000002	-106.51798181191799
0.2456	-344.28490130788407
0.2464	-501.12979179726887
0.2472	-533.779770430049
0.248	-208.84212640199098
0.24880000000000002	-235.55575537053457
0.24960000000000002	27.050202833394742
0.2504	279.65819636492813
0.25120000000000003	458.9990212210178
0.252	523.0493347697541
0.2528	450.0944662518763
0.2536	278.4084347802714
0.2544	26.26910224542594
0.25520000000000004	-232.11891427626705
0.256	-435.6736109955134
0.25680000000000003	-533.3111104576367
0.2576	-488.00731202304746
0.2584	-338.8172003908175
0.2592	-106.67420189286902
0.26	157.4940174658759
0.26080000000000003	386.82526548309625
0.2616	551.3252082444259
0.2624	512.4263552149824
0.2632	381.04511675815746
0.264	156.7129166789603
0.26480000000000004	-106.2055416498942
0.2656	-344.44112133350666
0.2664	-500.50491181229233
0.2672	-534.0922104115303
0.268	-156.3521856067197
0.26880000000000004	-234.61843507382815
0.2696	26.73776259807122
0.27040000000000003	279.65819636492813
0.2712	481.3385196457974
0.272	524.923978250788
0.2728	455.5621754201326
0.2736	278.7208751761097
0.27440000000000003	26.581542480477474
0.2752	-232.11891427626705
0.276	-434.2676309241549
0.2768	-532.842450484996
0.2776	-485.19535204675014
0.27840000000000004	-338.1923202834937
0.2792	-106.0493215688214
0.28	157.65023762340897
0.2808	385.1068428808923
0.2816	558.355121863443
0.28240000000000004	388.07502738002745
0.2832	381.6699976975645
0.28400000000000003	157.33779730839285
0.2848	-105.73688140655398
0.2856	-343.9724612565426
0.2864	-500.3486918159819
0.2872	-533.779770430049
0.28800000000000003	-166.19404983324998
0.2888	-234.77465512336929
0.2896	26.73776259807122
0.2904	280.1268569600707
0.2912	477.90167365281917
0.29200000000000004	525.236418831843
0.2928	455.2497348942346
0.2936	278.7208751761097
0.2944	26.425322362929045
0.2952	-231.8064741759223
0.29600000000000004	-435.3611709798582
0.2968	-533.6235504392703
0.29760000000000003	-483.94559205446757
0.2984	-339.59830052424525
0.2992	-106.67420189286902
0.3	157.65023762340897
0.3008	384.3257417003965
0.30160000000000003	556.0118173093371
0.3024	454.62485384316574
0.3032	381.6699976975645
0.304	157.18157715095978
0.3048	-106.36176173092639
0.30560000000000004	-344.7535613846554
0.3064	-500.50491181229233
0.30720000000000003	-534.2484304022331
0.308	-166.81893009643233
0.3088	-234.93087517287432
0.30960000000000004	27.050202833394742
0.3104	279.18953577027446
0.31120000000000003	488.52465227285427
0.312	526.4861811585868
0.3128	449.3133649481716
0.3136	278.25221458243374
0.3144	26.425322362929045
0.31520000000000004	-231.8064741759223
0.316	-435.98605101105306
0.3168	-533.779770430049
0.3176	-487.85109202459415
0.3184	-336.00523990378304
0.31920000000000004	-106.83042197377945
0.32	157.33779730839285
0.32080000000000003	383.700860757045
0.3216	558.355121863443
0.3224	415.2573495646559
0.32320000000000004	380.8888965234506
0.324	156.5566965217271
0.32480000000000003	-106.2055416498942
0.3256	-344.44112133350666
0.3264	-500.50491181229233
0.3272	-534.5608703835622
0.328	-166.03782976735823
0.32880000000000004	-235.24331527177645
0.3296	26.26910224542594
0.3304	279.65819636492813
0.3312	477.4330128378985
0.332	524.923978250788
0.33280000000000004	459.31146174982746
0.3336	278.4084347802714
0.33440000000000003	25.95666201055566
0.3352	-232.11891427626705
0.336	-436.29849102647745
0.33680000000000004	-533.779770430049
0.3376	-489.1008520114651
0.33840000000000003	-334.7554796839538
0.3392	-106.67420189286902
0.34	156.86913683624348
0.3408	386.82526548309625
0.3416	548.3570225331215
0.34240000000000004	511.80147407373687
0.3432	381.3575572277451
0.34400000000000003	156.24425620741053
0.3448	-106.51798181191799
0.3456	-344.7535613846554
0.34640000000000004	-500.3486918159819
0.3472	-533.9359904208025
0.34800000000000003	-157.75816621990907
0.3488	-235.39953532117352
0.3496	26.581542480477474
0.3504	279.345755968438
0.3512	475.4021493129573
0.35200000000000004	524.6115376699852
0.3528	459.93634280817565
0.3536	278.7208751761097
0.3544	26.581542480477474
0.3552	-231.8064741759223
0.35600000000000004	-435.6736109955134
0.3568	-533.9359904208025
0.35760000000000003	-488.3197520198732
0.3584	-335.8490198764179
0.3592	-106.67420189286902
0.36000000000000004	157.4940174658759
0.3608	385.4192833534973
0.36160000000000003	548.200802233166
0.3624	512.1139146442345
0.3632	381.51377746262585
0.364	157.02535699357665
0.3648	-105.89310148770801
0.36560000000000004	-345.0660014356758
0.3664	-500.50491181229233
0.3672	-533.6235504392703
0.368	-151.50936347053337
0.3688	-234.93087517287432
0.36960000000000004	26.581542480477474
0.3704	279.345755968438
0.37120000000000003	487.743550894026
0.372	526.1737405765222
0.3728	455.71839568317233
0.37360000000000004	279.18953577027446
0.3744	26.893982715710315
0.37520000000000003	-232.27513432638523
0.376	-435.3611709798582
0.3768	-533.6235504392703
0.3776	-484.5704720508258
0.3784	-340.06696060391437
0.37920000000000004	-106.67420189286902
0.38	157.4940174658759
0.3808	383.38842028571764
0.3816	553.9809533741261
0.3824	407.75877774984514
0.38320000000000004	381.2013369929223
0.384	157.18157715095978
0.38480000000000003	-105.89310148770801
0.3856	-344.7535613846554
0.3864	-500.81735180483366
0.38720000000000004	-533.6235504392703
0.388	-228.68207316451932
0.38880000000000003	-234.77465512336929
0.3896	27.050202833394742
0.3904	279.65819636492813
0.3912	470.5593209491168
0.392	527.2672826148531
0.39280000000000004	450.0944662518763
0.3936	279.03331557216524
0.39440000000000003	26.73776259807122
0.3952	-231.494034075433
0.396	-435.5173909877002
0.39680000000000004	-532.9986704759016
0.3976	-485.03913204780974
0.39840000000000003	-339.7545205508339
0.3992	-106.0493215688214
0.4	157.4940174658759
0.40080000000000005	382.60731910841434
0.4016	546.1699383395562
0.40240000000000004	372.296783703648
0.4032	381.2013369929223
0.404	157.4940174658759
0.4048	-105.26822116284822
0.4056	-344.59734135909713
0.40640000000000004	-500.1924718196448
0.4072	-533.3111104576367
0.40800000000000003	-218.99642993685407
0.4088	-234.462215024251
0.4096	26.581542480477474
0.41040000000000004	279.97063676163555
0.4112	487.43111034292684
0.41200000000000003	528.0483840726981
0.4128	453.3750917439351
0.4136	279.65819636492813
0.41440000000000005	26.893982715710315
0.4152	-231.9626942261127
0.41600000000000004	-435.82983100329767
0.4168	-533.9359904208025
0.4176	-485.03913204780974
0.4184	-339.9107405773903
0.4192	-106.51798181191799
0.42000000000000004	157.80645778099202
0.4208	383.85708099279583
0.42160000000000003	540.8584482072354
0.4224	511.80147407373687
0.4232	381.51377746262585
0.42400000000000004	157.18157715095978
0.4248	-105.73688140655398
0.42560000000000003	-345.22222146113785
0.4264	-500.50491181229233
0.4272	-533.9359904208025
0.42800000000000005	-177.75433460287874
0.4288	-234.77465512336929
0.42960000000000004	26.26910224542594
0.4304	279.03331557216524
0.4312	483.68182374898663
0.432	525.236418831843
0.4328	459.62390227888
0.43360000000000004	278.7208751761097
0.4344	27.050202833394742
0.43520000000000003	-232.27513432638523
0.436	-436.29849102647745
0.4368	-533.9359904208025
0.43760000000000004	-485.19535204675014
0.4384	-340.22318063040626
0.43920000000000003	-106.83042197377945
0.44	156.86913683624348
0.4408	385.4192833534973
0.44160000000000005	545.5450571436932
0.4424	511.80147407373687
0.44320000000000004	381.04511675815746
0.444	157.18157715095978
0.44480000000000003	-106.2055416498942
0.4456	-345.0660014356758
0.4464	-500.81735180483366
0.44720000000000004	-533.779770430049
0.448	-200.4062433466973
0.44880000000000003	-234.93087517287432
0.4496	27.050202833394742
0.4504	278.7208751761097
0.45120000000000005	473.2150655284534
0.452	524.2990970894348
0.45280000000000004	459.7801225434975
0.4536	279.18953577027446
0.4544	26.26910224542594
0.45520000000000005	-231.9626942261127
0.456	-435.82983100329767
0.45680000000000004	-533.6235504392703
0.4576	-484.25803205270097
0.45840000000000003	-336.63012001291946
0.4592	-107.1428621354786
0.46	157.18157715095978
0.46080000000000004	382.60731910841434
0.4616	532.2663319723739
0.46240000000000003	511.80147407373687
0.4632	380.8888965234506
0.464	157.4940174658759
0.46480000000000005	-106.36176173092639
0.4656	-344.28490130788407
0.46640000000000004	-500.97357180106457
0.4672	-534.0922104115303
0.468	-213.99738821602472
0.46880000000000005	-234.77465512336929
0.4696	26.893982715710315
0.47040000000000004	278.4084347802714
0.4712	471.18420202501716
0.47200000000000003	526.4861811585868
0.4728	455.2497348942346
0.4736	278.8770953741103
0.47440000000000004	26.425322362929045
0.4752	-231.9626942261127
0.47600000000000003	-435.5173909877002
0.4768	-534.0922104115303
0.4776	-486.1326720398234
0.47840000000000005	-344.90978141018167
0.4792	-106.51798181191799
0.48000000000000004	157.18157715095978
0.4808	381.8262179325612
0.48160000000000003	510.55171179425025
0.4824	410.5707421644635
0.4832	381.04511675815746
0.48400000000000004	156.86913683624348
0.4848	-106.36176173092639
0.48560000000000003	-345.0660014356758
0.4864	-500.50491181229233
0.4872	-533.3111104576367
0.48800000000000004	-213.99738821602472
0.4888	-234.93087517287432
0.48960000000000004	26.425322362929045
0.4904	279.18953577027446
0.4912	460.71744413247797
0.49200000000000005	526.9548420321572
0.4928	460.2487833377143
0.49360000000000004	278.0959943846503
0.4944	26.11288212796815
0.49520000000000003	-231.9626942261127
0.496	-435.5173909877002
0.4968	-533.9359904208025
0.49760000000000004	-484.8829120488422
0.4984	-340.37940065686576
0.49920000000000003	-106.67420189286902
0.5	157.18157715095978
0.5008	382.45109887312776
0.5016	523.9866565091364
0.5024000000000001	459.1552414853923
0.5032	381.04511675815746
0.504	157.18157715095978
0.5048	-105.89310148770801
0.5056	-344.44112133350666
0.5064000000000001	-500.50491181229233
0.5072	-533.9359904208025
0.508	-179.62897535663808
0.5088	-234.77465512336929
0.5096	26.581542480477474
0.5104000000000001	279.5019761666558
0.5112	466.653814246886
0.512	526.1737405765222
0.5128	460.5612238674959
0.5136000000000001	278.7208751761097
0.5144000000000001	26.26910224542594
0.5152	-231.8064741759223
0.516	-435.6736109955134
0.5168	-533.779770430049
0.5176000000000001	-487.6948720261138
0.5184	-335.5365798215904
0.5192	-106.0493215688214
0.52	157.18157715095978
0.5208	386.04416429940443
0.5216000000000001	546.0137180404947
0.5224	512.1139146442345
0.5232	381.51377746262585
0.524	157.65023762340897
0.5248	-105.89310148770801
0.5256000000000001	-344.28490130788407
0.5264	-500.3486918159819
0.5272	-533.779770430049
0.528	-164.94428930503858
0.5288	-235.24331527177645
0.5296000000000001	26.581542480477474
0.5304	279.345755968438
0.5312	482.5882818324413
0.532	525.080198541284
0.5328	460.4050036025747
0.5336000000000001	278.5646549781634
0.5344	26.73776259807122
0.5352	-231.494034075433
0.536	-435.5173909877002
0.5368	-533.4673304484662
0.5376000000000001	-488.00731202304746
0.5384	-335.5365798215904
0.5392	-106.67420189286902
0.54	157.80645778099202
0.5408000000000001	384.16952146447153
0.5416000000000001	540.0773467233981
0.5424	511.80147407373687
0.5432	381.3575572277451
0.544	157.4940174658759
0.5448000000000001	-106.2055416498942
0.5456	-344.59734135909713
0.5464	-500.0362518232812
0.5472	-534.0922104115303
0.548	-162.75720837473676
0.5488000000000001	-235.39953532117352
0.5496	27.206422951124516
0.5504	278.7208751761097
0.5512	471.18420202501716
0.552	525.7050797038986
0.5528000000000001	460.2487833377143
0.5536	278.7208751761097
0.5544	26.581542480477474
0.5552	-231.9626942261127
0.556	-435.6736109955134
0.5568000000000001	-533.3111104576367
0.5576	-486.1326720398234
0.5584	-344.7535613846554
0.5592	-106.98664205464931
0.56	157.02535699357665
0.5608000000000001	382.60731910841434
0.5616	511.0203726485884
0.5624	337.7721139397447
0.5632	381.8262179325612
0.5640000000000001	156.86913683624348
0.5648000000000001	-106.2055416498942
0.5656	-344.28490130788407
0.5664	-500.50491181229233
0.5672	-533.9359904208025
0.5680000000000001	-246.17871864293627
0.5688	-235.24331527177645
0.5696	26.581542480477474
0.5704	278.7208751761097
0.5712	460.71744413247797
0.5720000000000001	526.9548420321572
0.5728	456.0308362094339
0.5736	278.4084347802714
0.5744	26.73776259807122
0.5752	-232.11891427626705
0.5760000000000001	-435.82983100329767
0.5768	-534.0922104115303
0.5776	-491.4441519821986
0.5784	-349.5963821610669
0.5792	-106.51798181191799
0.5800000000000001	157.33779730839285
0.5808	381.98243816761584
0.5816	509.6143900872631
0.5824	512.1139146442345
0.5832	381.04511675815746
0.5840000000000001	156.86913683624348
0.5848	-106.36176173092639
0.5856	-344.59734135909713
0.5864	-500.1924718196448
0.5872	-533.1548904667819
0.5880000000000001	-224.4641317761238
0.5888	-234.93087517287432
0.5896	26.581542480477474
0.5904	279.03331557216524
0.5912000000000001	460.5612238674959
0.5920000000000001	526.6424014497138
0.5928	460.4050036025747
0.5936	278.7208751761097
0.5944	26.26910224542594
0.5952000000000001	-231.9626942261127
0.596	-435.82983100329767
0.5968	-533.9359904208025
0.5976	-486.1326720398234
0.5984	-344.59734135909713
0.5992000000000001	-106.83042197377945
0.6	157.4940174658759
0.6008	382.91975957916156
0.6016	510.0830509404753
0.6024	511.17659293349294
0.6032000000000001	381.51377746262585
0.604	156.86913683624348
0.6048	-106.36176173092639
0.6056	-344.59734135909713
0.6064	-500.1924718196448
0.6072000000000001	-533.1548904667819
0.608	-124.3270707802798
0.6088	-234.93087517287432
0.6096	26.26910224542594
0.6104	279.18953577027446
0.6112000000000001	463.37318864647654
0.612	526.0175202855845
0.6128	459.93634280817565
0.6136	278.7208751761097
0.6144000000000001	26.425322362929045
0.6152000000000001	-231.9626942261127
0.616	-434.8925109561588
0.6168	-534.0922104115303
0.6176	-484.25803205270097
0.6184000000000001	-341.16050078867977
0.6192000000000001	-106.2055416498942
0.62	157.65023762340897
0.6208	382.45109887312776
0.6216	510.2392712250043
0.6224000000000001	511.6452537885819
0.6232	381.3575572277451
0.624	157.18157715095978
0.6248	-106.2055416498942
0.6256	-344.7535613846554
0.6264000000000001	-500.1924718196448
0.6272	-533.6235504392703
0.628	-130.10721357905376
0.6288	-234.93087517287432
0.6296	26.893982715710315
0.6304000000000001	278.7208751761097
0.6312	460.0925630729146
0.632	526.3299608675229
0.6328	459.93634280817565
0.6336	278.5646549781634
0.6344000000000001	27.206422951124516
0.6352	-231.8064741759223
0.636	-435.98605101105306
0.6368	-533.6235504392703
0.6376000000000001	-486.2888920385742
0.6384000000000001	-344.7535613846554
0.6392	-106.98664205464931
0.64	157.02535699357665
0.6408	383.2322000501409
0.6416000000000001	510.55171179425025
0.6424000000000001	457.9054793720964
0.6432	381.2013369929223
0.644	157.80645778099202
0.6448	-106.0493215688214
0.6456000000000001	-344.7535613846554
0.6464000000000001	-500.6611318085763
0.6472	-533.1548904667819
0.648	-221.65217083579614
0.6488	-234.61843507382815
0.6496000000000001	26.893982715710315
0.6504	279.18953577027446
0.6512	460.5612238674959
0.652	524.2990970894348
0.6528	446.1889597484403
0.6536000000000001	279.18953577027446
0.6544	26.73776259807122
0.6552	-232.11891427626705
0.656	-435.6736109955134
0.6568	-534.0922104115303
0.6576000000000001	-490.1943919985613
0.6584	-351.31480242918263
0.6592	-106.51798181191799
0.66	157.80645778099202
0.6608	382.29487863789916
0.6616000000000001	509.7706103716045
0.6624	512.1139146442345
0.6632	381.2013369929223
0.664	157.4940174658759
0.6648000000000001	-106.0493215688214
0.6656000000000001	-344.44112133350666
0.6664	-500.6611318085763
0.6672	-533.1548904667819
0.668	-270.23660544787816
0.6688000000000001	-234.77465512336929
0.6696000000000001	26.425322362929045
0.6704	277.7835539892463
0.6712	460.4050036025747
0.672	518.987607258625
0.6728000000000001	447.2825015656018
0.6736000000000001	279.03331557216524
0.6744	26.26910224542594
0.6752	-232.11891427626705
0.676	-435.6736109955134
0.6768000000000001	-534.2484304022331
0.6776	-490.5068319946321
0.6784	-351.15858240496794
0.6792	-106.51798181191799
0.68	157.4940174658759
0.6808000000000001	382.13865840272854
0.6816	510.2392712250043
0.6824	511.6452537885819
0.6832	381.51377746262585
0.684	157.65023762340897
0.6848000000000001	-106.0493215688214
0.6856	-343.9724612565426
0.6864	-500.50491181229233
0.6872	-533.1548904667819
0.6880000000000001	-160.72634750411365
0.6888000000000001	-233.99355487530343
0.6896	27.050202833394742
0.6904	278.5646549781634
0.6912	460.5612238674959
0.6920000000000001	526.798621740904
0.6928000000000001	460.0925630729146
0.6936	278.7208751761097
0.6944	26.581542480477474
0.6952	-231.33781402513418
0.6960000000000001	-435.82983100329767
0.6968000000000001	-534.0922104115303
0.6976	-483.63315205612554
0.6984	-342.7227010498908
0.6992	-106.0493215688214
0.7000000000000001	157.4940174658759
0.7008	383.07597981462226
0.7016	516.6443029446166
0.7024	511.33281321846
0.7032	381.2013369929223
0.7040000000000001	157.80645778099202
0.7048	-105.73688140655398
0.7056	-343.9724612565426
0.7064	-500.0362518232812
0.7072	-533.6235504392703
0.7080000000000001	-229.3069533679581
0.7088	-234.93087517287432
0.7096	27.206422951124516
0.7104	278.8770953741103
0.7112	462.1234265200519
0.7120000000000001	526.4861811585868
0.7128	460.2487833377143
0.7136	279.03331557216524
0.7144	26.581542480477474
0.7152000000000001	-231.65025412569568
0.7160000000000001	-435.5173909877002
0.7168	-534.0922104115303
0.7176	-486.7575520346642
0.7184	-340.8480607360509
0.7192000000000001	-106.36176173092639
0.7200000000000001	157.02535699357665
0.7208	382.60731910841434
0.7216	510.55171179425025
0.7224	511.17659293349294
0.7232000000000001	381.51377746262585
0.7240000000000001	157.33779730839285
0.7248	-106.2055416498942
0.7256	-344.44112133350666
0.7264	-500.81735180483366
0.7272000000000001	-533.6235504392703
0.728	-167.28759029341546
0.7288	-234.93087517287432
0.7296	26.26910224542594
0.7304	278.7208751761097
0.7312000000000001	460.5612238674959
0.732	526.4861811585868
0.7328	459.7801225434975
0.7336	278.8770953741103
0.7344	26.26910224542594
0.7352000000000001	-232.43135437646734
0.736	-435.2049509719873
0.7368	-534.2484304022331
0.7376	-485.5077920445496
0.7384000000000001	-338.03610025658185
0.7392000000000001	-106.36176173092639
0.74	157.33779730839285
0.7408	381.8262179325612
0.7416	510.2392712250043
0.7424000000000001	511.6452537885819
0.7432000000000001	381.2013369929223
0.744	157.02535699357665
0.7448	-106.36176173092639
0.7456	-344.28490130788407
0.7464000000000001	-500.6611318085763
0.7472000000000001	-533.779770430049
0.748	-196.50074189548292
0.7488	-234.77465512336929
0.7496	26.581542480477474
0.7504000000000001	278.7208751761097
0.7512000000000001	460.2487833377143
0.752	526.4861811585868
0.7528	459.93634280817565
0.7536	278.4084347802714
0.7544000000000001	26.26910224542594
0.7552	-231.65025412569568
0.756	-435.82983100329767
0.7568	-534.2484304022331
0.7576	-483.00827205911554
0.7584000000000001	-342.87892107583485
0.7592	-106.67420189286902
0.76	156.7129166789603
0.7608	382.13865840272854
0.7616	510.39549150959607
0.7624000000000001	511.6452537885819
0.7632	380.8888965234506
0.764	157.18157715095978
0.7648	-106.36176173092639
0.7656000000000001	-343.9724612565426
0.7664000000000001	-500.81735180483366
0.7672	-533.6235504392703
0.768	-162.13232810754783
0.7688	-234.77465512336929
0.7696000000000001	26.893982715710315
0.7704000000000001	279.03331557216524
0.7712	460.87366439752077
0.772	526.798621740904
0.7728	460.2487833377143
0.7736000000000001	278.4084347802714
0.7744000000000001	26.73776259807122
0.7752	-231.65025412569568
0.776	-435.6736109955134
0.7768	-534.2484304022331
0.7776000000000001	-484.8829120488422
0.7784000000000001	-338.03610025658185
0.7792	-106.36176173092639
0.78	157.4940174658759
0.7808	381.98243816761584
0.7816000000000001	510.39549150959607
0.7824	511.6452537885819
0.7832	381.3575572277451
0.784	157.65023762340897
0.7848	-105.58066132535936
0.7856000000000001	-344.28490130788407
0.7864	-500.0362518232812
0.7872	-533.779770430049
0.788	-171.1930919215074
0.7888000000000001	-234.77465512336929
0.7896000000000001	26.893982715710315
0.7904	278.5646549781634
0.7912	460.2487833377143
0.792	526.9548420321572
0.7928000000000001	459.7801225434975
0.7936000000000001	278.4084347802714
0.7944	26.581542480477474
0.7952	-231.65025412569568
0.796	-435.82983100329767
0.7968000000000001	-533.3111104576367
0.7976000000000001	-485.19535204675014
0.7984	-337.7236602026612
0.7992	-106.67420189286902
0.8	157.80645778099202
0.8008000000000001	382.91975957916156
0.8016000000000001	510.7079320789672
0.8024	512.2701349295771
0.8032	381.51377746262585
0.804	157.80645778099202
0.8048000000000001	-106.0493215688214
0.8056000000000001	-344.1286812822294
0.8064	-500.3486918159819
0.8072	-533.9359904208025
0.808	-214.77848848738105
0.8088000000000001	-234.30599497463788
0.8096	27.050202833394742
0.8104	278.7208751761097
0.8112	459.62390227888
0.812	527.4235029062958
0.8128000000000001	459.62390227888
0.8136	278.8770953741103
0.8144	27.050202833394742
0.8152	-231.494034075433
0.8160000000000001	-435.82983100329767
0.8168000000000001	-533.4673304484662
0.8176	-486.1326720398234
0.8184	-342.4102609979062
0.8192	-106.67420189286902
0.8200000000000001	157.80645778099202
0.8208000000000001	382.13865840272854
0.8216	510.55171179425025
0.8224	511.80147407373687
0.8232	381.51377746262585
0.8240000000000001	157.4940174658759
0.8248000000000001	-105.89310148770801
0.8256	-344.28490130788407
0.8264	-500.1924718196448
0.8272	-533.3111104576367
0.8280000000000001	-231.8064741759223
0.8288000000000001	-235.24331527177645
0.8296	26.893982715710315
0.8304	278.7208751761097
0.8312	460.71744413247797
0.8320000000000001	526.4861811585868
0.8328	460.2487833377143
0.8336	278.5646549781634
0.8344	26.425322362929045
0.8352	-231.8064741759223
0.8360000000000001	-435.82983100329767
0.8368	-533.9359904208025
0.8376	-488.9446320132007
0.8384	-345.53466151196557
0.8392000000000001	-106.98664205464931
0.8400000000000001	157.65023762340897
0.8408	381.8262179325612
0.8416	510.2392712250043
0.8424	511.80147407373687
0.8432000000000001	381.8262179325612
0.8440000000000001	156.5566965217271
0.8448	-105.89310148770801
0.8456	-344.7535613846554
0.8464	-500.1924718196448
0.8472000000000001	-533.779770430049
0.8480000000000001	-224.4641317761238
0.8488	-235.24331527177645
0.8496	26.26910224542594
0.8504	279.03331557216524
0.8512000000000001	460.5612238674959
0.8520000000000001	526.9548420321572
0.8528	460.0925630729146
0.8536	278.7208751761097
0.8544	26.581542480477474
0.8552000000000001	-232.11891427626705
0.8560000000000001	-436.1422710187796
0.8568	-534.2484304022331
0.8576	-485.82023204224066
0.8584	-338.97342041756764
0.8592000000000001	-106.98664205464931
0.86	157.18157715095978
0.8608	382.29487863789916
0.8616	510.2392712250043
0.8624	511.6452537885819
0.8632000000000001	381.51377746262585
0.864	157.18157715095978
0.8648	-105.89310148770801
0.8656	-344.59734135909713
0.8664000000000001	-500.0362518232812
0.8672000000000001	-534.2484304022331
0.868	-171.3493119861328
0.8688	-234.462215024251
0.8696	27.050202833394742
0.8704000000000001	279.345755968438
0.8712000000000001	459.62390227888
0.872	526.798621740904
0.8728	459.93634280817565
0.8736	279.03331557216524
0.8744000000000001	26.425322362929045
0.8752000000000001	-231.9626942261127
0.876	-435.82983100329767
0.8768	-533.9359904208025
0.8776	-485.5077920445496
0.8784000000000001	-339.4420804976244
0.8792000000000001	-107.1428621354786
0.88	157.65023762340897
0.8808	381.98243816761584
0.8816	510.55171179425025
0.8824000000000001	511.4890335034898
0.8832000000000001	381.2013369929223
0.884	157.18157715095978
0.8848	-105.73688140655398
0.8856	-344.44112133350666
0.8864000000000001	-500.3486918159819
0.8872	-534.0922104115303
0.888	-181.81605622911135
0.8888	-234.93087517287432
0.8896000000000001	27.050202833394742
0.8904000000000001	278.7208751761097
0.8912	460.5612238674959
0.892	526.9548420321572
0.8928	459.62390227888
0.8936000000000001	278.4084347802714
0.8944000000000001	26.581542480477474
0.8952	-231.494034075433
0.896	-435.2049509719873
0.8968	-533.3111104576367
0.8976000000000001	-484.7266920498476
0.8984000000000001	-339.1296404442855
0.8992	-106.2055416498942
0.9	157.18157715095978
0.9008	382.29487863789916
0.9016000000000001	510.7079320789672
0.9024000000000001	512.1139146442345
0.9032	381.6699976975645
0.904	158.11889809630813
0.9048	-105.58066132535936
0.9056000000000001	-343.9724612565426
0.9064000000000001	-500.1924718196448
0.9072	-533.4673304484662
0.908	-216.96556924229552
0.9088	-235.24331527177645
0.9096000000000001	26.73776259807122
0.9104000000000001	279.03331557216524
0.9112	461.0298846626243
0.912	526.798621740904
0.9128000000000001	460.4050036025747
0.9136000000000001	278.7208751761097
0.9144	27.050202833394742
0.9152	-231.8064741759223
0.916	-435.98605101105306
0.9168000000000001	-532.842450484996
0.9176000000000001	-488.1635320214738
0.9184	-338.1923202834937
0.9192	-106.2055416498942
0.92	157.18157715095978
0.9208000000000001	381.8262179325612
0.9216000000000001	510.55171179425025
0.9224	511.6452537885819
0.9232	381.6699976975645
0.924	157.4940174658759
0.9248000000000001	-105.58066132535936
0.9256000000000001	-344.28490130788407
0.9264	-500.1924718196448
0.9272	-534.0922104115303
0.928	-259.1449824141812
0.9288000000000001	-234.61843507382815
0.9296000000000001	26.73776259807122
0.9304	278.8770953741103
0.9312	460.87366439752077
0.932	526.9548420321572
0.9328000000000001	459.7801225434975
0.9336000000000001	279.18953577027446
0.9344	26.26910224542594
0.9352	-231.9626942261127
0.936	-435.6736109955134
0.9368000000000001	-533.6235504392703
0.9376000000000001	-488.3197520198732
0.9384	-338.50476033722026
0.9392	-106.67420189286902
0.9400000000000001	157.65023762340897
0.9408000000000001	381.8262179325612
0.9416	510.0830509404753
0.9424	511.6452537885819
0.9432	381.8262179325612
0.9440000000000001	157.33779730839285
0.9448000000000001	-106.2055416498942
0.9456	-344.59734135909713
0.9464	-500.0362518232812
0.9472	-534.0922104115303
0.9480000000000001	-319.1334767598738
0.9488000000000001	-235.0870952223434
0.9496	26.26910224542594
0.9504	279.03331557216524
0.9512	461.0298846626243
0.9520000000000001	526.4861811585868
0.9528000000000001	459.93634280817565
0.9536	278.7208751761097
0.9544	26.581542480477474
0.9552	-231.8064741759223
0.9560000000000001	-435.98605101105306
0.9568000000000001	-533.6235504392703
0.9576	-501.12979179726887
0.9584	-347.2530817892262
0.9592	-106.98664205464931
0.9600000000000001	157.02535699357665
0.9608000000000001	381.98243816761584
0.9616	510.2392712250043
0.9624	438.6903873673557
0.9632000000000001	380.8888965234506
0.9640000000000001	157.96267793862503
0.9648	-106.0493215688214
0.9656	-343.9724612565426
0.9664	-500.1924718196448
0.9672000000000001	-533.9359904208025
0.9680000000000001	-435.2049509719873
0.9688	-234.77465512336929
0.9696	26.26910224542594
0.9704	278.7208751761097
0.9712000000000001	460.87366439752077
0.9720000000000001	530.7041290411906
0.9728	453.0626512197328
0.9736	279.18953577027446
0.9744	27.206422951124516
0.9752000000000001	-231.9626942261127
0.9760000000000001	-435.82983100329767
0.9768	-532.9986704759016
0.9776	-501.12979179726887
0.9784	-347.8779618890874
0.9792000000000001	-106.83042197377945
0.9800000000000001	156.86913683624348
0.9808	382.45109887312776
0.9816	509.7706103716045
0.9824	418.6941950252978
0.9832000000000001	380.42023581967754
0.9840000000000001	157.80645778099202
0.9848	-105.73688140655398
0.9856	-344.28490130788407
0.9864	-500.50491181229233
0.9872000000000001	-534.2484304022331
0.9880000000000001	-435.2049509719873
0.9888	-234.14977492498863
0.9896	26.581542480477474
0.9904000000000001	279.03331557216524
0.9912000000000001	461.18610492778873
0.992	531.172789919881
0.9928	454.1561930555002
0.9936	278.8770953741103
0.9944000000000001	26.26910224542594
0.9952000000000001	-231.8064741759223
0.996	-435.98605101105306
0.9968	-533.4673304484662
0.9976	-500.97357180106457
0.9984000000000001	-346.7844217139942
0.9992000000000001	-106.98664205464931
