0	511.2000645690925
0.0008	549.6302554227408
0.0016	440.4322838767535
0.0024000000000000002	239.6893064013808
0.0032	-20.10478571862141
0.004	-279.8987582214543
0.0048000000000000004	-469.5498595155955
0.0056	-541.723496529488
0.0064	-478.14195945437416
0.007200000000000001	-296.4580819337887
0.008	-38.2263171509904
0.0088	228.75389388273507
0.009600000000000001	442.61936742079615
0.010400000000000001	547.9118321729819
0.0112	517.136435266192
0.012	132.2098342237333
0.0128	116.43159973860259
0.013600000000000001	-154.92271741503913
0.014400000000000001	-395.50157652939544
0.0152	-522.6646578523541
0.016	-527.0388175817518
0.016800000000000002	-400.18817691121615
0.0176	-173.20046485142237
0.0184	97.84140330133324
0.019200000000000002	346.54392255859545
0.02	510.4189631682692
0.020800000000000003	549.3178148313038
0.0216	439.1825218568364
0.0224	239.84552658207787
0.023200000000000002	-20.729666122479706
0.024	-278.96143799995957
0.024800000000000003	-482.0474593995466
0.0256	-542.0359365047137
0.0264	-477.51707946158615
0.027200000000000002	-297.0829620664844
0.028	-38.694977439012355
0.028800000000000003	228.75389388273507
0.0296	442.1507066603735
0.0304	547.7556118779304
0.031200000000000002	516.8239947009437
0.032	147.2069684519649
0.0328	115.65049903431415
0.033600000000000005	-154.61027728337103
0.0344	-386.4408157148059
0.0352	-523.1333178243098
0.036000000000000004	-527.0388175817518
0.0368	-400.65683694792466
0.0376	-173.5129049740163
0.038400000000000004	97.84140330133324
0.0392	346.23148212294126
0.04	510.262742888291
0.0408	549.3178148313038
0.041600000000000005	438.87008135245327
0.0424	243.75103111658427
0.0432	-21.04210632414945
0.044000000000000004	-279.7425381846236
0.0448	-470.48717951290587
0.0456	-541.8797165171133
0.046400000000000004	-477.98573945621763
0.0472	-297.55162216565554
0.048	-38.38253724704031
0.0488	228.75389388273507
0.049600000000000005	441.8382661537235
0.0504	548.2242727632757
0.0512	516.1991135711957
0.052000000000000005	180.01320116410784
0.0528	115.65049903431415
0.0536	-154.92271741503913
0.054400000000000004	-386.75325574458066
0.055200000000000006	-522.6646578523541
0.056	-527.1950375717212
0.0568	-401.1254969843658
0.057600000000000005	-173.35668491273825
0.0584	98.62250397838555
0.0592	346.23148212294126
0.060000000000000005	510.88762400857667
0.0608	548.8491539446251
0.0616	442.4631471672622
0.062400000000000004	248.1251962342995
0.0632	-20.885886223336186
0.064	-279.8987582214543
0.0648	-470.48717951290587
0.0656	-542.0359365047137
0.0664	-478.45439945060656
0.06720000000000001	-297.0829620664844
0.068	-38.538757343047635
0.0688	227.81657282161706
0.06960000000000001	442.306926913788
0.0704	547.4431712880175
0.0712	515.8866730066958
0.07200000000000001	209.53881250307205
0.0728	115.80671917507566
0.0736	-154.61027728337103
0.07440000000000001	-386.75325574458066
0.0752	-522.8208778430312
0.076	-527.0388175817518
0.07680000000000001	-400.34439692348207
0.0776	-173.04424479006872
0.0784	97.68518316606516
0.0792	346.54392255859545
0.08	511.2000645690925
0.08080000000000001	549.3178148313038
0.0816	442.306926913788
0.0824	248.1251962342995
0.08320000000000001	-20.729666122479706
0.084	-280.2111982950138
0.0848	-469.86229951480783
0.08560000000000001	-542.0359365047137
0.0864	-477.98573945621763
0.0872	-297.0829620664844
0.08800000000000001	-38.538757343047635
0.0888	229.06633423685795
0.0896	442.4631471672622
0.09040000000000001	547.9118321729819
0.0912	517.9175366804045
0.092	201.25914353116525
0.09280000000000001	116.11915945674292
0.0936	-154.76649734922427
0.0944	-385.8159356548938
0.0952	-522.6646578523541
0.096	-526.1014976414054
0.09680000000000001	-399.8757368865953
0.0976	-173.20046485142237
0.0984	98.31006370742223
0.09920000000000001	346.23148212294126
0.1	510.88762400857667
0.1008	549.3178148313038
0.10160000000000001	442.7755876743898
0.1024	247.18787513416544
0.1032	-21.04210632414945
0.10400000000000001	-279.7425381846236
0.1048	-469.86229951480783
0.1056	-542.3483764798407
0.10640000000000001	-477.51707946158615
0.1072	-297.0829620664844
0.108	-38.538757343047635
0.10880000000000001	228.75389388273507
0.1096	442.1507066603735
0.11040000000000001	547.7556118779304
0.11120000000000001	517.4488758316899
0.112	277.8070320614116
0.11280000000000001	115.65049903431415
0.1136	-154.76649734922427
0.1144	-386.2845956998732
0.11520000000000001	-522.8208778430312
0.116	-526.4139376216218
0.1168	-400.8130569601014
0.11760000000000001	-173.5129049740163
0.1184	98.15384357201178
0.1192	346.70014277650705
0.12000000000000001	510.7314037284121
0.1208	549.1615945356808
0.1216	443.40046868936196
0.12240000000000001	247.50031550066564
0.1232	-20.573446021579986
0.124	-278.96143799995957
0.12480000000000001	-473.92401949467063
0.12560000000000002	-541.8797165171133
0.1264	-477.98573945621763
0.1272	-297.0829620664844
0.128	-37.75765686258498
0.1288	228.59767370575182
0.1296	442.306926913788
0.13040000000000002	547.9118321729819
0.1312	516.9802149835367
0.132	232.34695796774426
0.1328	115.65049903431415
0.1336	-154.61027728337103
0.13440000000000002	-386.4408157148059
0.13520000000000001	-522.6646578523541
0.136	-527.0388175817518
0.1368	-400.5006169357182
0.1376	-173.5129049740163
0.1384	97.84140330133324
0.13920000000000002	346.70014277650705
0.14	510.88762400857667
0.1408	548.6929336491926
0.1416	445.27511174001614
0.1424	247.81275586737698
0.1432	-20.10478571862141
0.14400000000000002	-279.43009811086006
0.1448	-470.48717951290587
0.1456	-542.1921564922895
0.1464	-478.2981794525038
0.1472	-297.55162216565554
0.14800000000000002	-38.38253724704031
0.14880000000000002	229.2225544139975
0.1496	442.61936742079615
0.1504	548.0680524680971
0.1512	516.511554135945
0.152	259.99793033426766
0.15280000000000002	115.96293931588524
0.15360000000000001	-154.61027728337103
0.1544	-386.1283756849103
0.1552	-522.6646578523541
0.156	-526.7263776017372
0.1568	-400.18817691121615
0.15760000000000002	-173.35668491273825
0.1584	97.99762343664878
0.1592	346.8563629944748
0.16	511.04384428880354
0.1608	549.6302554227408
0.16160000000000002	443.0880281817564
0.16240000000000002	248.59385678507928
0.1632	-20.573446021579986
0.164	-279.8987582214543
0.1648	-470.17473951391133
0.1656	-542.0359365047137
0.16640000000000002	-478.45439945060656
0.16720000000000002	-297.55162216565554
0.168	-38.694977439012355
0.1688	228.4414535288207
0.1696	442.1507066603735
0.1704	548.0680524680971
0.17120000000000002	516.8239947009437
0.17200000000000001	214.85029833464571
0.1728	115.96293931588524
0.1736	-154.76649734922427
0.1744	-386.5970357297084
0.1752	-523.6019777960374
0.17600000000000002	-527.0388175817518
0.1768	-400.5006169357182
0.1776	-173.66912503525657
0.1784	97.84140330133324
0.1792	346.54392255859545
0.18000000000000002	510.7314037284121
0.18080000000000002	549.0053742401211
0.1816	446.6810940336594
0.1824	246.8754347678763
0.1832	-20.729666122479706
0.184	-279.1176580369604
0.18480000000000002	-468.61253951730396
0.18560000000000001	-542.0359365047137
0.1864	-477.67329945982357
0.1872	-297.70784219864584
0.188	-38.851197534934485
0.1888	228.4414535288207
0.18960000000000002	442.4631471672622
0.1904	547.7556118779304
0.1912	517.136435266192
0.192	281.2438763346874
0.1928	116.11915945674292
0.19360000000000002	-154.4540572174793
0.19440000000000002	-407.21807743384227
0.1952	-525.4766176806702
0.196	-526.8825975917571
0.1968	-400.18817691121615
0.1976	-173.35668491273825
0.19840000000000002	97.68518316606516
0.19920000000000002	346.70014277650705
0.2	510.262742888291
0.2008	548.6929336491926
0.2016	443.55668894325436
0.2024	245.9381136702749
0.20320000000000002	-20.573446021579986
0.20400000000000001	-279.2738780739273
0.2048	-468.61253951730396
0.2056	-541.5672765418382
0.2064	-477.98573945621763
0.20720000000000002	-297.3954021326319
0.20800000000000002	-38.694977439012355
0.2088	228.75389388273507
0.2096	442.4631471672622
0.2104	547.7556118779304
0.2112	517.136435266192
0.21200000000000002	288.74244574896846
0.21280000000000002	115.96293931588524
0.2136	-154.76649734922427
0.2144	-385.8159356548938
0.2152	-523.1333178243098
0.216	-526.4139376216218
0.21680000000000002	-400.5006169357182
0.21760000000000002	-173.5129049740163
0.2184	97.84140330133324
0.2192	347.16880343057954
0.22	510.262742888291
0.22080000000000002	549.3178148313038
0.22160000000000002	445.8999927588147
0.22240000000000001	247.96897605081185
0.2232	-20.573446021579986
0.224	-279.2738780739273
0.2248	-470.0185195143732
0.22560000000000002	-542.3483764798407
0.22640000000000002	-478.2981794525038
0.2272	-296.9267420333606
0.228	-38.694977439012355
0.2288	228.75389388273507
0.2296	442.7755876743898
0.23040000000000002	548.0680524680971
0.23120000000000002	517.2926555489098
0.232	228.28523335194163
0.2328	115.80671917507566
0.2336	-153.6729568874434
0.23440000000000003	-386.1283756849103
0.23520000000000002	-522.9770978336833
0.23600000000000002	-526.4139376216218
0.2368	-400.34439692348207
0.2376	-173.66912503525657
0.2384	98.15384357201178
0.23920000000000002	346.8563629944748
0.24000000000000002	510.88762400857667
0.24080000000000001	549.1615945356808
0.2416	447.77463582095686
0.2424	249.68739807208104
0.2432	-20.729666122479706
0.24400000000000002	-279.5863181477588
0.24480000000000002	-469.86229951480783
0.2456	-542.1921564922895
0.2464	-477.67329945982357
0.2472	-297.2391820995748
0.248	-38.2263171509904
0.24880000000000002	228.75389388273507
0.24960000000000002	442.7755876743898
0.2504	548.2242727632757
0.25120000000000003	517.4488758316899
0.252	238.9082054986828
0.2528	115.96293931588524
0.2536	-154.4540572174793
0.2544	-386.1283756849103
0.25520000000000004	-523.4457578054868
0.256	-527.0388175817518
0.25680000000000003	-400.5006169357182
0.2576	-173.98156515762378
0.2584	97.84140330133324
0.2592	346.23148212294126
0.26	510.5751834483097
0.26080000000000003	549.0053742401211
0.2616	443.0880281817564
0.2624	247.18787513416544
0.2632	-20.729666122479706
0.264	-279.5863181477588
0.26480000000000004	-470.33095951342216
0.2656	-542.0359365047137
0.2664	-478.14195945437416
0.2672	-297.70784219864584
0.268	-38.851197534934485
0.26880000000000004	228.59767370575182
0.2696	442.306926913788
0.27040000000000003	548.0680524680971
0.2712	516.9802149835367
0.272	204.85220740694447
0.2728	115.65049903431415
0.2736	-154.4540572174793
0.27440000000000003	-402.68769710390757
0.2752	-527.1950375717212
0.276	-526.5701576116921
0.2768	-400.34439692348207
0.2776	-173.98156515762378
0.27840000000000004	97.68518316606516
0.2792	346.54392255859545
0.28	509.6378617689994
0.2808	549.6302554227408
0.2816	441.9944864070186
0.28240000000000004	245.0007925745715
0.2832	-20.573446021579986
0.28400000000000003	-277.86789774000044
0.2848	-442.9924591795898
0.2856	-541.723496529488
0.2864	-478.2981794525038
0.2872	-297.86406223160276
0.28800000000000003	-38.694977439012355
0.2888	227.97279299833983
0.2896	442.4631471672622
0.2904	547.5993915829422
0.2912	517.4488758316899
0.29200000000000004	223.12996754412583
0.2928	115.65049903431415
0.2936	-154.61027728337103
0.2944	-386.4408157148059
0.2952	-523.6019777960374
0.29600000000000004	-526.8825975917571
0.2968	-400.5006169357182
0.29760000000000003	-173.98156515762378
0.2984	97.84140330133324
0.2992	346.70014277650705
0.3	510.4189631682692
0.3008	549.3178148313038
0.30160000000000003	443.40046868936196
0.3024	247.81275586737698
0.3032	-20.729666122479706
0.304	-279.5863181477588
0.3048	-470.17473951391133
0.30560000000000004	-542.0359365047137
0.3064	-478.45439945060656
0.30720000000000003	-297.0829620664844
0.308	-38.851197534934485
0.3088	228.75389388273507
0.30960000000000004	442.306926913788
0.3104	547.1307306983584
0.31120000000000003	516.6677744184133
0.312	228.4414535288207
0.3128	116.11915945674292
0.3136	-154.14161708558038
0.3144	-386.5970357297084
0.31520000000000004	-523.1333178243098
0.316	-526.5701576116921
0.3168	-400.5006169357182
0.3176	-173.35668491273825
0.3184	97.68518316606516
0.31920000000000004	346.3877023407402
0.32	510.5751834483097
0.32080000000000003	549.4740351269907
0.3216	443.8691294512184
0.3224	248.59385678507928
0.32320000000000004	-20.10478571862141
0.324	-279.1176580369604
0.32480000000000003	-470.33095951342216
0.3256	-542.0359365047137
0.3264	-478.14195945437416
0.3272	-297.0829620664844
0.328	-38.851197534934485
0.32880000000000004	229.06633423685795
0.3296	442.306926913788
0.3304	548.6929336491926
0.3312	516.6677744184133
0.332	235.00270100485687
0.33280000000000004	116.11915945674292
0.3336	-154.29783715154906
0.33440000000000003	-392.064736232307
0.3352	-524.3830777484103
0.336	-526.4139376216218
0.33680000000000004	-400.03195689892055
0.3376	-173.04424479006872
0.33840000000000003	97.68518316606516
0.3392	346.8563629944748
0.34	511.04384428880354
0.3408	549.1615945356808
0.3416	444.6502307221747
0.34240000000000004	247.18787513416544
0.3432	-20.10478571862141
0.34400000000000003	-277.0867975532932
0.3448	-465.1756995151562
0.3456	-541.5672765418382
0.34640000000000004	-478.45439945060656
0.3472	-297.0829620664844
0.34800000000000003	-38.38253724704031
0.3488	228.75389388273507
0.3496	442.306926913788
0.3504	548.3804930585178
0.3512	517.6050961145323
0.35200000000000004	294.9912536896541
0.3528	116.90026016175295
0.3536	-154.4540572174793
0.3544	-412.8419978089526
0.3552	-527.1950375717212
0.35600000000000004	-526.4139376216218
0.3568	-400.8130569601014
0.35760000000000003	-173.5129049740163
0.3584	97.37274289567131
0.3592	346.8563629944748
0.36000000000000004	510.4189631682692
0.3608	549.3178148313038
0.36160000000000003	444.18156995942155
0.3624	244.84457239213876
0.3632	-20.573446021579986
0.364	-277.39923762807837
0.3648	-448.61637931783054
0.36560000000000004	-542.0359365047137
0.3664	-478.6106194486823
0.3672	-297.2391820995748
0.368	-38.694977439012355
0.3688	228.91011405977045
0.36960000000000004	442.306926913788
0.3704	548.5367133538234
0.37120000000000003	517.7613163974371
0.372	358.10421883650986
0.3728	116.43159973860259
0.37360000000000004	-154.61027728337103
0.3744	-386.2845956998732
0.37520000000000003	-523.1333178243098
0.376	-526.4139376216218
0.3768	-400.8130569601014
0.3776	-173.20046485142237
0.3784	97.68518316606516
0.37920000000000004	346.23148212294126
0.38	510.88762400857667
0.3808	549.3178148313038
0.3816	450.27415991723467
0.3824	246.25055403593103
0.38320000000000004	-20.729666122479706
0.384	-279.2738780739273
0.38480000000000003	-469.5498595155955
0.3856	-542.0359365047137
0.3864	-478.7668394467312
0.38720000000000004	-297.3954021326319
0.388	-38.38253724704031
0.38880000000000003	227.97279299833983
0.3896	442.7755876743898
0.3904	548.0680524680971
0.3912	516.6677744184133
0.392	241.2515082107151
0.39280000000000004	115.96293931588524
0.3936	-154.76649734922427
0.39440000000000003	-386.75325574458066
0.3952	-522.9770978336833
0.396	-526.7263776017372
0.39680000000000004	-400.8130569601014
0.3976	-173.82534509645905
0.39840000000000003	97.99762343664878
0.3992	346.23148212294126
0.4	510.5751834483097
0.40080000000000005	549.4740351269907
0.4016	445.8999927588147
0.40240000000000004	247.0316549509945
0.4032	-20.573446021579986
0.404	-279.1176580369604
0.4048	-470.7996195117916
0.4056	-542.0359365047137
0.40640000000000004	-478.6106194486823
0.4072	-297.3954021326319
0.40800000000000003	-38.2263171509904
0.4088	228.4414535288207
0.4096	442.306926913788
0.41040000000000004	548.3804930585178
0.4112	516.9802149835367
0.41200000000000003	196.7287586828597
0.4128	116.74404002065472
0.4136	-153.82917695352756
0.41440000000000005	-386.75325574458066
0.4152	-522.6646578523541
0.41600000000000004	-526.7263776017372
0.4168	-400.18817691121615
0.4176	-173.20046485142237
0.4184	97.84140330133324
0.4192	346.23148212294126
0.42000000000000004	510.7314037284121
0.4208	549.6302554227408
0.42160000000000003	444.9626712309758
0.4224	248.43763660143318
0.4232	-20.10478571862141
0.42400000000000004	-278.96143799995957
0.4248	-470.17473951391133
0.42560000000000003	-541.723496529488
0.4264	-478.9230594447531
0.4272	-296.9267420333606
0.42800000000000005	-38.694977439012355
0.4288	229.06633423685795
0.42960000000000004	443.2442484355293
0.4304	548.0680524680971
0.4312	516.8239947009437
0.432	239.6893064013808
0.4328	116.74404002065472
0.43360000000000004	-154.4540572174793
0.4344	-409.0927175631099
0.43520000000000003	-526.5701576116921
0.436	-527.0388175817518
0.4368	-400.03195689892055
0.43760000000000004	-173.98156515762378
0.4384	97.84140330133324
0.43920000000000003	346.54392255859545
0.44	510.88762400857667
0.4408	549.3178148313038
0.44160000000000005	444.80645097654536
0.4424	244.0634714807651
0.44320000000000004	-20.885886223336186
0.444	-277.39923762807837
0.44480000000000003	-477.8295194580341
0.4456	-542.0359365047137
0.4464	-478.45439945060656
0.44720000000000004	-297.2391820995748
0.448	-38.851197534934485
0.44880000000000003	228.75389388273507
0.4496	442.61936742079615
0.4504	548.5367133538234
0.45120000000000005	517.136435266192
0.452	358.4166592807539
0.45280000000000004	115.96293931588524
0.4536	-154.61027728337103
0.4544	-425.49581851465445
0.45520000000000005	-526.8825975917571
0.456	-526.8825975917571
0.45680000000000004	-400.65683694792466
0.4576	-173.66912503525657
0.45840000000000003	97.84140330133324
0.4592	346.23148212294126
0.46	510.5751834483097
0.46080000000000004	549.4740351269907
0.4616	455.1169878975033
0.46240000000000003	245.9381136702749
0.4632	-21.04210632414945
0.464	-277.39923762807837
0.46480000000000005	-480.32903942573984
0.4656	-542.5045964673673
0.46640000000000004	-478.7668394467312
0.4672	-297.3954021326319
0.468	-39.16363772665099
0.46880000000000005	228.75389388273507
0.4696	442.306926913788
0.47040000000000004	548.8491539446251
0.4712	517.136435266192
0.47200000000000003	358.57287950296103
0.4728	115.96293931588524
0.4736	-154.4540572174793
0.47440000000000004	-412.68577779904626
0.4752	-525.4766176806702
0.47600000000000003	-526.4139376216218
0.4768	-400.8130569601014
0.4776	-173.5129049740163
0.47840000000000005	97.52896303084452
0.4792	346.54392255859545
0.48000000000000004	510.88762400857667
0.4808	549.3178148313038
0.48160000000000003	443.7129091972065
0.4824	244.84457239213876
0.4832	-20.573446021579986
0.48400000000000004	-278.1803378144448
0.4848	-464.2383795122709
0.48560000000000003	-542.3483764798407
0.4864	-478.14195945437416
0.4872	-297.0829620664844
0.48800000000000004	-38.538757343047635
0.4888	228.75389388273507
0.48960000000000004	442.61936742079615
0.4904	548.3804930585178
0.4912	516.6677744184133
0.49200000000000005	215.3189588520579
0.4928	116.27537959764871
0.49360000000000004	-154.29783715154906
0.4944	-386.1283756849103
0.49520000000000003	-522.3522178709235
0.496	-526.4139376216218
0.4968	-400.65683694792466
0.49760000000000004	-173.35668491273825
0.4984	97.52896303084452
0.49920000000000003	346.23148212294126
0.5	510.5751834483097
0.5008	549.4740351269907
0.5016	441.9944864070186
0.5024000000000001	246.25055403593103
0.5032	-20.261005819650848
0.504	-279.5863181477588
0.5048	-469.7060795152153
0.5056	-542.1921564922895
0.5064000000000001	-478.45439945060656
0.5072	-297.0829620664844
0.508	-38.694977439012355
0.5088	229.2225544139975
0.5096	442.4631471672622
0.5104000000000001	548.0680524680971
0.5112	517.2926555489098
0.512	221.8802061446917
0.5128	116.11915945674292
0.5136000000000001	-154.29783715154906
0.5144000000000001	-401.90659704450735
0.5152	-525.0079577098533
0.516	-526.4139376216218
0.5168	-400.5006169357182
0.5176000000000001	-174.29400527983987
0.5184	97.52896303084452
0.5192	346.3877023407402
0.52	511.04384428880354
0.5208	549.6302554227408
0.5216000000000001	444.80645097654536
0.5224	244.6883522097587
0.5232	-20.729666122479706
0.524	-277.39923762807837
0.5248	-471.42449950923657
0.5256000000000001	-542.5045964673673
0.5264	-478.14195945437416
0.5272	-297.3954021326319
0.528	-38.694977439012355
0.5288	229.06633423685795
0.5296000000000001	442.93180792804327
0.5304	548.6929336491926
0.5312	517.4488758316899
0.532	319.04916507814033
0.5328	116.43159973860259
0.5336000000000001	-154.29783715154906
0.5344	-416.9037180562597
0.5352	-526.4139376216218
0.536	-526.5701576116921
0.5368	-400.8130569601014
0.5376000000000001	-173.35668491273825
0.5384	97.84140330133324
0.5392	346.70014277650705
0.54	510.5751834483097
0.5408000000000001	549.3178148313038
0.5416000000000001	448.86817761118994
0.5424	242.18882929883807
0.5432	-20.729666122479706
0.544	-277.7116777027272
0.5448000000000001	-472.83047950189797
0.5456	-542.8170364423464
0.5464	-478.2981794525038
0.5472	-297.55162216565554
0.548	-38.851197534934485
0.5488000000000001	228.59767370575182
0.5496	443.0880281817564
0.5504	547.7556118779304
0.5512	517.6050961145323
0.552	305.7704475923776
0.5528000000000001	115.80671917507566
0.5536	-154.4540572174793
0.5544	-413.9355378774776
0.5552	-524.8517377195304
0.556	-526.4139376216218
0.5568000000000001	-400.8130569601014
0.5576	-173.98156515762378
0.5584	97.84140330133324
0.5592	345.6066012523084
0.56	510.262742888291
0.5608000000000001	548.6929336491926
0.5616	442.93180792804327
0.5624	246.0943338530766
0.5632	-20.729666122479706
0.5640000000000001	-279.5863181477588
0.5648000000000001	-470.33095951342216
0.5656	-542.5045964673673
0.5664	-479.07927944274815
0.5672	-297.0829620664844
0.5680000000000001	-39.16363772665099
0.5688	228.4414535288207
0.5696	442.7755876743898
0.5704	548.3804930585178
0.5712	516.9802149835367
0.5720000000000001	198.9158410180605
0.5728	116.43159973860259
0.5736	-154.61027728337103
0.5744	-398.00109673637087
0.5752	-525.4766176806702
0.5760000000000001	-527.0388175817518
0.5768	-400.65683694792466
0.5776	-173.66912503525657
0.5784	97.84140330133324
0.5792	346.23148212294126
0.5800000000000001	510.88762400857667
0.5808	549.4740351269907
0.5816	441.5258256473125
0.5824	246.25055403593103
0.5832	-20.10478571862141
0.5840000000000001	-279.1176580369604
0.5848	-470.0185195143732
0.5856	-542.5045964673673
0.5864	-478.14195945437416
0.5872	-297.2391820995748
0.5880000000000001	-38.2263171509904
0.5888	228.75389388273507
0.5896	442.61936742079615
0.5904	547.9118321729819
0.5912000000000001	517.4488758316899
0.5920000000000001	242.34504948037593
0.5928	115.96293931588524
0.5936	-154.76649734922427
0.5944	-386.1283756849103
0.5952000000000001	-522.5084378616514
0.596	-526.4139376216218
0.5968	-400.65683694792466
0.5976	-173.5129049740163
0.5984	97.84140330133324
0.5992000000000001	346.8563629944748
0.6	511.2000645690925
0.6008	550.2551366063769
0.6016	455.4294284143432
0.6024	245.78189348752588
0.6032000000000001	-20.729666122479706
0.604	-278.8052179629247
0.6048	-469.5498595155955
0.6056	-542.6608164548692
0.6064	-478.14195945437416
0.6072000000000001	-297.86406223160276
0.608	-39.16363772665099
0.6088	228.75389388273507
0.6096	443.0880281817564
0.6104	548.0680524680971
0.6112000000000001	517.136435266192
0.612	357.7917783924927
0.6128	116.58781987960458
0.6136	-154.29783715154906
0.6144000000000001	-417.52859809255705
0.6152000000000001	-523.6019777960374
0.616	-526.5701576116921
0.6168	-400.9692769722484
0.6176	-173.5129049740163
0.6184000000000001	97.99762343664878
0.6192000000000001	346.70014277650705
0.62	510.88762400857667
0.6208	549.3178148313038
0.6216	455.58564867285344
0.6224000000000001	245.9381136702749
0.6232	-20.417225920637037
0.624	-278.0241177772396
0.6248	-489.7022392435676
0.6256	-542.3483764798407
0.6264000000000001	-478.6106194486823
0.6272	-297.2391820995748
0.628	-38.38253724704031
0.6288	229.2225544139975
0.6296	443.0880281817564
0.6304000000000001	548.0680524680971
0.6312	517.136435266192
0.632	358.10421883650986
0.6328	116.27537959764871
0.6336	-154.29783715154906
0.6344000000000001	-386.1283756849103
0.6352	-522.6646578523541
0.636	-526.5701576116921
0.6368	-400.8130569601014
0.6376000000000001	-173.98156515762378
0.6384000000000001	97.99762343664878
0.6392	346.3877023407402
0.64	510.7314037284121
0.6408	549.4740351269907
0.6416000000000001	455.27320815589314
0.6424000000000001	245.46945312218602
0.6432	-20.885886223336186
0.644	-278.33655785161585
0.6448	-478.7668394467312
0.6456000000000001	-542.3483764798407
0.6464000000000001	-478.14195945437416
0.6472	-297.3954021326319
0.648	-39.16363772665099
0.6488	228.28523335194163
0.6496000000000001	442.4631471672622
0.6504	547.7556118779304
0.6512	516.9802149835367
0.652	175.48281651566424
0.6528	116.27537959764871
0.6536000000000001	-154.4540572174793
0.6544	-397.376216685343
0.6552	-525.1641777001508
0.656	-526.8825975917571
0.6568	-400.65683694792466
0.6576000000000001	-173.98156515762378
0.6584	97.37274289567131
0.6592	346.23148212294126
0.66	510.7314037284121
0.6608	549.3178148313038
0.6616000000000001	440.27606362405515
0.6624	244.0634714807651
0.6632	-20.573446021579986
0.664	-279.2738780739273
0.6648000000000001	-470.48717951290587
0.6656000000000001	-542.5045964673673
0.6664	-478.6106194486823
0.6672	-297.55162216565554
0.668	-38.694977439012355
0.6688000000000001	228.59767370575182
0.6696000000000001	442.7755876743898
0.6704	547.4431712880175
0.6712	516.1991135711957
0.672	161.57922251285152
0.6728000000000001	116.43159973860259
0.6736000000000001	-154.29783715154906
0.6744	-386.4408157148059
0.6752	-522.8208778430312
0.676	-526.1014976414054
0.6768000000000001	-400.65683694792466
0.6776	-174.29400527983987
0.6784	97.84140330133324
0.6792	346.23148212294126
0.68	510.7314037284121
0.6808000000000001	549.3178148313038
0.6816	443.40046868936196
0.6824	247.81275586737698
0.6832	-20.417225920637037
0.684	-279.2738780739273
0.6848000000000001	-470.17473951391133
0.6856	-542.0359365047137
0.6864	-478.14195945437416
0.6872	-297.2391820995748
0.6880000000000001	-38.538757343047635
0.6888000000000001	228.59767370575182
0.6896	442.7755876743898
0.6904	547.4431712880175
0.6912	517.2926555489098
0.6920000000000001	232.97183868099972
0.6928000000000001	116.11915945674292
0.6936	-154.61027728337103
0.6944	-403.9374571974072
0.6952	-524.3830777484103
0.6960000000000001	-526.4139376216218
0.6968000000000001	-401.1254969843658
0.6976	-173.98156515762378
0.6984	97.84140330133324
0.6992	346.54392255859545
0.7000000000000001	510.262742888291
0.7008	549.7864757185544
0.7016	454.9607676391735
0.7024	245.46945312218602
0.7032	-19.94856561754872
0.7040000000000001	-278.1803378144448
0.7048	-498.91921897128253
0.7056	-542.3483764798407
0.7064	-478.7668394467312
0.7072	-297.2391820995748
0.7080000000000001	-38.538757343047635
0.7088	228.75389388273507
0.7096	443.0880281817564
0.7104	548.0680524680971
0.7112	517.6050961145323
0.7120000000000001	358.57287950296103
0.7128	116.58781987960458
0.7136	-154.61027728337103
0.7144	-423.7773984299792
0.7152000000000001	-523.1333178243098
0.7160000000000001	-526.5701576116921
0.7168	-400.65683694792466
0.7176	-173.35668491273825
0.7184	98.46628384288016
0.7192000000000001	346.70014277650705
0.7200000000000001	510.7314037284121
0.7208	549.6302554227408
0.7216	455.27320815589314
0.7224	246.25055403593103
0.7232000000000001	-20.10478571862141
0.7240000000000001	-277.86789774000044
0.7248	-477.36085946332173
0.7256	-542.3483764798407
0.7264	-478.14195945437416
0.7272000000000001	-297.0829620664844
0.728	-39.00741763081403
0.7288	228.75389388273507
0.7296	442.306926913788
0.7304	548.0680524680971
0.7312000000000001	517.2926555489098
0.732	174.07683508163709
0.7328	116.58781987960458
0.7336	-154.92271741503913
0.7344	-397.53243669814475
0.7352000000000001	-525.632837670892
0.736	-526.5701576116921
0.7368	-400.03195689892055
0.7376	-173.82534509645905
0.7384000000000001	98.15384357201178
0.7392000000000001	346.54392255859545
0.74	510.7314037284121
0.7408	549.3178148313038
0.7416	440.27606362405515
0.7424000000000001	244.0634714807651
0.7432000000000001	-20.261005819650848
0.744	-279.5863181477588
0.7448	-470.33095951342216
0.7456	-542.0359365047137
0.7464000000000001	-478.6106194486823
0.7472000000000001	-297.2391820995748
0.748	-38.851197534934485
0.7488	228.4414535288207
0.7496	442.4631471672622
0.7504000000000001	548.3804930585178
0.7512000000000001	516.9802149835367
0.752	195.47899735294578
0.7528	116.74404002065472
0.7536	-154.92271741503913
0.7544000000000001	-386.1283756849103
0.7552	-522.5084378616514
0.756	-526.4139376216218
0.7568	-401.1254969843658
0.7576	-173.98156515762378
0.7584000000000001	97.68518316606516
0.7592	345.9190416875122
0.76	510.5751834483097
0.7608	549.7864757185544
0.7616	441.0571648881434
0.7624000000000001	245.15701275705703
0.7632	-20.261005819650848
0.764	-279.5863181477588
0.7648	-470.17473951391133
0.7656000000000001	-542.1921564922895
0.7664000000000001	-478.2981794525038
0.7672	-297.55162216565554
0.768	-39.00741763081403
0.7688	228.59767370575182
0.7696000000000001	442.4631471672622
0.7704000000000001	547.4431712880175
0.7712	517.2926555489098
0.772	149.39405056468945
0.7728	116.27537959764871
0.7736000000000001	-154.61027728337103
0.7744000000000001	-386.4408157148059
0.7752	-523.1333178243098
0.776	-526.2577176315264
0.7768	-401.2817169964535
0.7776000000000001	-174.29400527983987
0.7784000000000001	97.68518316606516
0.7792	346.3877023407402
0.78	510.106522608375
0.7808	549.6302554227408
0.7816000000000001	450.89904094370326
0.7824	240.62662748635097
0.7832	-20.10478571862141
0.784	-277.55545766541985
0.7848	-477.04841946671195
0.7856000000000001	-542.5045964673673
0.7864	-478.2981794525038
0.7872	-297.0829620664844
0.788	-39.00741763081403
0.7888000000000001	228.75389388273507
0.7896000000000001	442.4631471672622
0.7904	547.9118321729819
0.7912	516.8239947009437
0.792	357.6355581705691
0.7928000000000001	116.27537959764871
0.7936000000000001	-154.61027728337103
0.7944	-423.9336184378212
0.7952	-524.070637767537
0.796	-526.7263776017372
0.7968000000000001	-400.8130569601014
0.7976000000000001	-173.98156515762378
0.7984	97.84140330133324
0.7992	345.7628214698822
0.8	510.262742888291
0.8008000000000001	549.6302554227408
0.8016000000000001	455.4294284143432
0.8024	245.9381136702749
0.8032	-20.417225920637037
0.804	-278.49277788875287
0.8048000000000001	-500.32519892170063
0.8056000000000001	-542.0359365047137
0.8064	-478.14195945437416
0.8072	-297.3954021326319
0.808	-38.851197534934485
0.8088000000000001	228.91011405977045
0.8096	442.4631471672622
0.8104	547.7556118779304
0.8112	516.8239947009437
0.812	358.57287950296103
0.8128000000000001	116.11915945674292
0.8136	-154.29783715154906
0.8144	-386.1283756849103
0.8152	-522.6646578523541
0.8160000000000001	-526.7263776017372
0.8168000000000001	-401.4379370085114
0.8176	-173.66912503525657
0.8184	97.37274289567131
0.8192	346.23148212294126
0.8200000000000001	510.88762400857667
0.8208000000000001	549.3178148313038
0.8216	455.1169878975033
0.8224	245.31323293959517
0.8232	-20.261005819650848
0.8240000000000001	-279.43009811086006
0.8248000000000001	-469.86229951480783
0.8256	-542.5045964673673
0.8264	-477.98573945621763
0.8272	-297.0829620664844
0.8280000000000001	-38.07009705489787
0.8288000000000001	229.37877459118926
0.8296	442.4631471672622
0.8304	547.7556118779304
0.8312	517.2926555489098
0.8320000000000001	268.9024811108603
0.8328	116.27537959764871
0.8336	-154.4540572174793
0.8344	-386.2845956998732
0.8352	-522.8208778430312
0.8360000000000001	-526.5701576116921
0.8368	-401.1254969843658
0.8376	-173.35668491273825
0.8384	97.68518316606516
0.8392000000000001	346.23148212294126
0.8400000000000001	510.88762400857667
0.8408	549.9426960144316
0.8416	444.3377902136129
0.8424	243.75103111658427
0.8432000000000001	-20.417225920637037
0.8440000000000001	-279.2738780739273
0.8448	-470.17473951391133
0.8456	-542.3483764798407
0.8464	-478.2981794525038
0.8472000000000001	-297.86406223160276
0.8480000000000001	-38.851197534934485
0.8488	228.59767370575182
0.8496	442.7755876743898
0.8504	547.9118321729819
0.8512000000000001	517.7613163974371
0.8520000000000001	215.78761936993487
0.8528	117.05648030289933
0.8536	-154.4540572174793
0.8544	-386.4408157148059
0.8552000000000001	-522.5084378616514
0.8560000000000001	-526.7263776017372
0.8568	-401.1254969843658
0.8576	-173.5129049740163
0.8584	97.84140330133324
0.8592000000000001	347.01258321249907
0.86	510.88762400857667
0.8608	550.0989163103726
0.8616	440.5885041295115
0.8624	241.2515082107151
0.8632000000000001	-19.94856561754872
0.864	-279.2738780739273
0.8648	-470.64339951236235
0.8656	-541.8797165171133
0.8664000000000001	-478.14195945437416
0.8672000000000001	-297.55162216565554
0.868	-38.694977439012355
0.8688	228.75389388273507
0.8696	442.4631471672622
0.8704000000000001	548.2242727632757
0.8712000000000001	516.9802149835367
0.872	157.51749849664978
0.8728	116.43159973860259
0.8736	-154.14161708558038
0.8744000000000001	-385.34727560964234
0.8752000000000001	-522.6646578523541
0.876	-526.7263776017372
0.8768	-401.2817169964535
0.8776	-173.82534509645905
0.8784000000000001	97.99762343664878
0.8792000000000001	346.54392255859545
0.88	511.35628484944374
0.8808	549.4740351269907
0.8816	450.89904094370326
0.8824000000000001	241.2515082107151
0.8832000000000001	-20.417225920637037
0.884	-277.86789774000044
0.8848	-483.76587937010993
0.8856	-542.5045964673673
0.8864000000000001	-478.6106194486823
0.8872	-297.70784219864584
0.888	-39.63229801390647
0.8888	228.75389388273507
0.8896000000000001	442.4631471672622
0.8904000000000001	547.9118321729819
0.8912	517.136435266192
0.892	358.2604390586035
0.8928	115.96293931588524
0.8936000000000001	-154.29783715154906
0.8944000000000001	-418.309698137274
0.8952	-525.0079577098533
0.896	-527.0388175817518
0.8968	-401.1254969843658
0.8976000000000001	-173.82534509645905
0.8984000000000001	96.90408249043631
0.8992	346.0752619051986
0.9	510.262742888291
0.9008	549.7864757185544
0.9016000000000001	452.77368402887254
0.9024000000000001	244.84457239213876
0.9032	-20.573446021579986
0.904	-278.8052179629247
0.9048	-503.1371588161854
0.9056000000000001	-542.0359365047137
0.9064000000000001	-478.9230594447531
0.9072	-297.86406223160276
0.908	-39.31985782244539
0.9088	229.06633423685795
0.9096000000000001	441.9944864070186
0.9104000000000001	547.2869509931562
0.9112	517.2926555489098
0.912	358.4166592807539
0.9128000000000001	116.43159973860259
0.9136000000000001	-154.92271741503913
0.9144	-386.5970357297084
0.9152	-522.19599788017
0.916	-527.3512575616656
0.9168000000000001	-401.5941570205398
0.9176000000000001	-174.45022534089128
0.9184	97.68518316606516
0.9192	345.7628214698822
0.92	510.4189631682692
0.9208000000000001	550.0989163103726
0.9216000000000001	454.9607676391735
0.9224	245.9381136702749
0.9232	-20.417225920637037
0.924	-279.1176580369604
0.9248000000000001	-470.17473951391133
0.9256000000000001	-542.3483764798407
0.9264	-478.14195945437416
0.9272	-297.3954021326319
0.928	-39.00741763081403
0.9288000000000001	228.75389388273507
0.9296000000000001	442.306926913788
0.9304	547.5993915829422
0.9312	517.2926555489098
0.932	358.7290997252249
0.9328000000000001	116.43159973860259
0.9336000000000001	-154.4540572174793
0.9344	-385.97215566991713
0.9352	-522.9770978336833
0.936	-526.1014976414054
0.9368000000000001	-401.2817169964535
0.9376000000000001	-173.35668491273825
0.9384	97.84140330133324
0.9392	346.70014277650705
0.9400000000000001	511.51250512985706
0.9408000000000001	550.0989163103726
0.9416	446.212433268573
0.9424	241.2515082107151
0.9432	-19.94856561754872
0.9440000000000001	-279.1176580369604
0.9448000000000001	-469.86229951480783
0.9456	-542.3483764798407
0.9464	-477.98573945621763
0.9472	-297.55162216565554
0.9480000000000001	-38.851197534934485
0.9488000000000001	229.06633423685795
0.9496	442.4631471672622
0.9504	547.5993915829422
0.9512	517.6050961145323
0.9520000000000001	167.9842489144228
0.9528000000000001	117.21270044409383
0.9536	-153.82917695352756
0.9544	-386.1283756849103
0.9552	-522.6646578523541
0.9560000000000001	-526.7263776017372
0.9568000000000001	-401.5941570205398
0.9576	-173.35668491273825
0.9584	98.15384357201178
0.9592	346.8563629944748
0.9600000000000001	511.2000645690925
0.9608000000000001	549.6302554227408
0.9616	443.0880281817564
0.9624	240.1579669436296
0.9632000000000001	-20.573446021579986
0.9640000000000001	-279.1176580369604
0.9648	-468.61253951730396
0.9656	-542.5045964673673
0.9664	-478.2981794525038
0.9672000000000001	-297.2391820995748
0.9680000000000001	-38.694977439012355
0.9688	228.75389388273507
0.9696	442.4631471672622
0.9704	547.7556118779304
0.9712000000000001	517.2926555489098
0.9720000000000001	358.10421883650986
0.9728	115.80671917507566
0.9736	-153.9853970195732
0.9744	-430.6510787477874
0.9752000000000001	-525.3203976904231
0.9760000000000001	-527.3512575616656
0.9768	-401.2817169964535
0.9776	-173.82534509645905
0.9784	97.99762343664878
0.9792000000000001	346.23148212294126
0.9800000000000001	511.04384428880354
0.9808	549.6302554227408
0.9816	455.4294284143432
0.9824	245.62567330482958
0.9832000000000001	-20.573446021579986
0.9840000000000001	-279.5863181477588
0.9848	-506.73021866908005
0.9856	-542.0359365047137
0.9864	-478.7668394467312
0.9872000000000001	-297.86406223160276
0.9880000000000001	-39.16363772665099
0.9888	228.28523335194163
0.9896	441.9944864070186
0.9904000000000001	547.7556118779304
0.9912000000000001	516.511554135945
0.992	358.57287950296103
0.9928	116.27537959764871
0.9936	-154.61027728337103
0.9944000000000001	-419.8718982245279
0.9952000000000001	-522.6646578523541
0.996	-527.1950375717212
0.9968	-401.2817169964535
0.9976	-174.13778521875068
0.9984000000000001	97.52896303084452
0.9992000000000001	346.23148212294126
