0	-57.77683046952132
0.0008	214.20241836941634
0.0016	436.0351198383045
0.0024000000000000002	547.2639552787102
0.0032	522.112488335131
0.004	363.54892887388473
0.0048000000000000004	126.87534920380577
0.0056	-149.00935721135664
0.0064	-386.9324796079285
0.007200000000000001	-529.4051220107375
0.008	-540.9654012267171
0.0088	-420.20734227347367
0.009600000000000001	-193.84451526060496
0.010400000000000001	80.63418820666219
0.0112	335.74172959703856
0.012	508.0526628032847
0.0128	551.9505642075228
0.013600000000000001	461.4990218392221
0.014400000000000001	258.2565094274644
0.0152	-12.004341682310475
0.016	-275.70382039761324
0.016800000000000002	-473.4783638080505
0.0176	-551.9008003596967
0.0184	-495.97404349097985
0.019200000000000002	-317.41456953215635
0.02	-57.620610377493705
0.020800000000000003	213.73375784859275
0.0216	436.19134009112213
0.0224	547.2639552787102
0.023200000000000002	521.8000477622523
0.024	370.4226188603048
0.024800000000000003	126.40668876715725
0.0256	-148.85313714295285
0.0264	-387.08869962361825
0.027200000000000002	-529.4051220107375
0.028	-540.6529612497076
0.028800000000000003	-420.3635622828248
0.0296	-193.53207514558906
0.0304	80.79040833815215
0.031200000000000002	335.58550938143105
0.032	507.89644252243596
0.0328	552.2630048048164
0.033600000000000005	461.4990218392221
0.0344	257.00674792115393
0.0352	-11.691901473077571
0.036000000000000004	-275.70382039761324
0.0368	-473.00970380870024
0.0376	-551.9008003596967
0.038400000000000004	-495.66160349918096
0.0392	-317.1021294725646
0.04	-56.99573000896243
0.0408	214.5148587168908
0.041600000000000005	436.0351198383045
0.0424	547.8888364659073
0.0432	522.4249289082605
0.044000000000000004	370.89127954523275
0.0448	126.40668876715725
0.0456	-149.00935721135664
0.046400000000000004	-386.6200395764579
0.0472	-528.9364620396174
0.048	-540.6529612497076
0.0488	-420.0511222640933
0.049600000000000005	-193.68829520311564
0.0504	81.41528886458215
0.0512	335.74172959703856
0.052000000000000005	508.8337642084617
0.0528	552.2630048048164
0.0536	460.56170026479913
0.054400000000000004	219.2014639538816
0.055200000000000006	-11.535681368395554
0.056	-275.70382039761324
0.0568	-473.1659238085109
0.057600000000000005	-551.1197004256273
0.0584	-495.66160349918096
0.0592	-317.1021294725646
0.060000000000000005	-57.30817019331224
0.0608	214.5148587168908
0.0616	436.34756034399953
0.062400000000000004	548.3574973569732
0.0632	522.2687086216644
0.064	380.4207135842291
0.0648	130.15597227261318
0.0656	-148.69691707451022
0.0664	-386.6200395764579
0.06720000000000001	-528.4678020682696
0.068	-540.0280812953899
0.0688	-420.0511222640933
0.06960000000000001	-193.53207514558906
0.0704	81.41528886458215
0.0712	336.05417002842194
0.07200000000000001	508.67754392730177
0.0728	552.8878860001689
0.0736	461.1865813141722
0.07440000000000001	118.75190169707807
0.0752	-11.22324115890035
0.076	-275.3913803200914
0.07680000000000001	-472.8534838088623
0.0776	-550.807260451828
0.0784	-495.50538350324183
0.0792	-316.47724935298703
0.08	-57.151950101158384
0.08080000000000001	214.98351923849083
0.0816	436.19134009112213
0.0824	547.8888364659073
0.08320000000000001	522.2687086216644
0.084	375.1092257328228
0.0848	130.46841256600135
0.08560000000000001	-149.00935721135664
0.0864	-386.6200395764579
0.0872	-529.2489020203894
0.08800000000000001	-540.1843012840068
0.0888	-420.20734227347367
0.0896	-193.21963503042423
0.09040000000000001	81.41528886458215
0.0912	335.1168487349449
0.092	508.5213236462043
0.09280000000000001	552.4192251035588
0.0936	460.87414078936456
0.0944	134.3739162498292
0.0952	-11.22324115890035
0.096	-275.70382039761324
0.09680000000000001	-472.6972638089969
0.0976	-551.7445803729319
0.0984	-495.50538350324183
0.09920000000000001	-316.47724935298703
0.1	-57.933050561506846
0.1008	214.20241836941634
0.10160000000000001	436.19134009112213
0.1024	547.8888364659073
0.1032	521.6438274759071
0.10400000000000001	387.29440384387436
0.1048	129.21865139361893
0.1056	-149.16557727972156
0.10640000000000001	-386.6200395764579
0.1072	-529.4051220107375
0.108	-541.1216212151846
0.10880000000000001	-420.6760023014397
0.1096	-193.53207514558906
0.11040000000000001	80.94662846968914
0.11120000000000001	335.27306895038424
0.112	507.7402222416494
0.11280000000000001	552.5754454023651
0.1136	460.56170026479913
0.1144	259.9749315042144
0.11520000000000001	-11.535681368395554
0.116	-276.0162604749978
0.1168	-473.4783638080505
0.11760000000000001	-551.5883603861425
0.1184	-495.66160349918096
0.1192	-316.63346938293074
0.12000000000000001	-57.30817019331224
0.1208	214.5148587168908
0.1216	435.4102388276304
0.12240000000000001	547.5763958721816
0.1232	521.9562680486604
0.124	395.73029658856154
0.12480000000000001	129.21865139361893
0.12560000000000002	-149.16557727972156
0.1264	-386.1513795290244
0.1272	-528.7802420491934
0.128	-540.6529612497076
0.1288	-420.3635622828248
0.1296	-193.84451526060496
0.13040000000000002	81.41528886458215
0.1312	335.58550938143105
0.132	507.89644252243596
0.1328	552.7316657012351
0.1336	461.3428015766669
0.13440000000000002	264.8177573916522
0.13520000000000001	-11.691901473077571
0.136	-275.86004043632266
0.1368	-473.00970380870024
0.1376	-551.2759204124902
0.1384	-495.03672351526535
0.13920000000000002	-316.63346938293074
0.14	-57.620610377493705
0.1408	214.5148587168908
0.1416	435.87889958554655
0.1424	548.0450567628657
0.1432	522.2687086216644
0.14400000000000002	387.7630645474736
0.1448	126.40668876715725
0.1456	-149.16557727972156
0.1464	-386.3075995448659
0.1472	-528.4678020682696
0.14800000000000002	-540.9654012267171
0.14880000000000002	-420.20734227347367
0.1496	-192.75097485739755
0.1504	80.94662846968914
0.1512	335.74172959703856
0.152	508.36510336516875
0.15280000000000002	552.5754454023651
0.15360000000000001	460.56170026479913
0.1544	264.97397758242556
0.1552	-11.691901473077571
0.156	-275.86004043632266
0.1568	-472.6972638089969
0.15760000000000002	-551.1197004256273
0.1584	-495.66160349918096
0.1592	-316.63346938293074
0.16	-57.46439028542403
0.1608	214.5148587168908
0.16160000000000002	435.5664590802095
0.16240000000000002	547.420175575414
0.1632	522.112488335131
0.164	389.16904666140056
0.1648	130.62463271276854
0.1656	-148.85313714295285
0.16640000000000002	-386.6200395764579
0.16720000000000002	-528.6240220587441
0.168	-540.6529612497076
0.1688	-420.6760023014397
0.1696	-192.90719491511035
0.1704	81.57150899630723
0.17120000000000002	335.74172959703856
0.17200000000000001	508.5213236462043
0.1728	552.8878860001689
0.1736	460.0930394784048
0.1744	208.57849215023407
0.1752	-11.691901473077571
0.17600000000000002	-275.86004043632266
0.1768	-473.32214380829436
0.1776	-551.2759204124902
0.1784	-495.50538350324183
0.1792	-316.9459094427195
0.18000000000000002	-57.30817019331224
0.18080000000000002	214.5148587168908
0.1816	436.19134009112213
0.1824	547.10773498207
0.1832	522.112488335131
0.184	372.1410413742303
0.18480000000000002	130.15597227261318
0.18560000000000001	-148.69691707451022
0.1864	-386.7762595922084
0.1872	-529.0926820300161
0.188	-540.9654012267171
0.1888	-420.3635622828248
0.18960000000000002	-193.21963503042423
0.1904	80.63418820666219
0.1912	334.9606285195616
0.192	507.89644252243596
0.1928	552.8878860001689
0.19360000000000002	459.4681584307262
0.19440000000000002	208.26605180668548
0.1952	-11.691901473077571
0.196	-275.70382039761324
0.1968	-473.32214380829436
0.1976	-551.9008003596967
0.19840000000000002	-495.192943511284
0.19920000000000002	-316.9459094427195
0.2	-57.30817019331224
0.2008	215.13973941246107
0.2016	435.4102388276304
0.2024	547.10773498207
0.20320000000000002	521.8000477622523
0.20400000000000001	397.6049394437386
0.2048	129.99975212599227
0.2056	-149.00935721135664
0.2064	-386.4638195606771
0.20720000000000002	-529.0926820300161
0.20800000000000002	-540.6529612497076
0.2088	-420.20734227347367
0.2096	-193.21963503042423
0.2104	81.25906873290413
0.2112	335.58550938143105
0.21200000000000002	508.5213236462043
0.21280000000000002	552.8878860001689
0.2136	459.9368192163943
0.2144	272.6287669960478
0.2152	-11.22324115890035
0.216	-275.70382039761324
0.21680000000000002	-473.1659238085109
0.21760000000000002	-550.96348043874
0.2184	-495.03672351526535
0.2192	-316.63346938293074
0.22	-57.151950101158384
0.22080000000000002	214.67107889070573
0.22160000000000002	435.87889958554655
0.22240000000000001	547.7326161690125
0.2232	522.4249289082605
0.224	398.2298203973289
0.2248	126.56290891265812
0.22560000000000002	-148.38447693750848
0.22640000000000002	-386.1513795290244
0.2272	-528.3115820777697
0.228	-540.3405212725986
0.2288	-420.3635622828248
0.2296	-193.3758550880253
0.23040000000000002	81.41528886458215
0.23120000000000002	335.8979498127022
0.232	508.5213236462043
0.2328	553.2003265982281
0.2336	460.40548000260713
0.23440000000000003	272.3163266092924
0.23520000000000002	-11.535681368395554
0.23600000000000002	-275.5476003588695
0.2368	-473.1659238085109
0.2376	-551.1197004256273
0.2384	-495.192943511284
0.23920000000000002	-316.63346938293074
0.24000000000000002	-57.151950101158384
0.24080000000000001	214.5148587168908
0.2416	435.0977983226511
0.2424	547.8888364659073
0.2432	521.9562680486604
0.24400000000000002	379.4833921938484
0.24480000000000002	130.46841256600135
0.2456	-148.22825686894933
0.2464	-386.6200395764579
0.2472	-528.6240220587441
0.248	-540.9654012267171
0.24880000000000002	-420.20734227347367
0.24960000000000002	-193.21963503042423
0.2504	81.10284860127314
0.25120000000000003	335.74172959703856
0.252	508.20888308419563
0.2528	553.0441062991666
0.2536	459.6243786925551
0.2544	199.8301626086647
0.25520000000000004	-11.535681368395554
0.256	-275.86004043632266
0.25680000000000003	-473.00970380870024
0.2576	-551.1197004256273
0.2584	-495.34916350727616
0.2592	-316.9459094427195
0.26	-57.30817019331224
0.26080000000000003	214.82729906457237
0.2616	435.254018575111
0.2624	547.7326161690125
0.2632	522.112488335131
0.264	399.79202278538725
0.26480000000000004	128.43755066246388
0.2656	-148.85313714295285
0.2664	-386.3075995448659
0.2672	-529.0926820300161
0.268	-540.6529612497076
0.26880000000000004	-420.51978229214683
0.2696	-193.3758550880253
0.27040000000000003	80.94662846968914
0.2712	335.27306895038424
0.272	508.20888308419563
0.2728	552.4192251035588
0.2736	460.0930394784048
0.27440000000000003	264.5053170102661
0.2752	-11.691901473077571
0.276	-276.0162604749978
0.2768	-473.4783638080505
0.2776	-551.5883603861425
0.27840000000000004	-495.50538350324183
0.2792	-317.1021294725646
0.28	-56.83950991672437
0.2808	214.20241836941634
0.2816	435.7226793328482
0.28240000000000004	546.9515146854934
0.2832	521.1751666172474
0.28400000000000003	383.38889800080494
0.2848	131.09329315336296
0.2856	-148.85313714295285
0.2864	-386.4638195606771
0.2872	-528.9364620396174
0.28800000000000003	-540.9654012267171
0.2888	-420.51978229214683
0.2896	-193.21963503042423
0.2904	81.10284860127314
0.2912	335.74172959703856
0.29200000000000004	507.89644252243596
0.2928	552.7316657012351
0.2936	460.0930394784048
0.2944	232.94883958592493
0.2952	-11.067021054087157
0.29600000000000004	-275.5476003588695
0.2968	-473.4783638080505
0.29760000000000003	-551.1197004256273
0.2984	-495.50538350324183
0.2992	-316.9459094427195
0.3	-57.30817019331224
0.3008	214.98351923849083
0.30160000000000003	434.94157807025096
0.3024	547.10773498207
0.3032	522.112488335131
0.304	400.10446326369913
0.3048	126.87534920380577
0.30560000000000004	-148.85313714295285
0.3064	-386.1513795290244
0.30720000000000003	-529.0926820300161
0.308	-540.6529612497076
0.3088	-420.0511222640933
0.30960000000000004	-193.3758550880253
0.3104	81.25906873290413
0.31120000000000003	335.4292891658796
0.312	508.8337642084617
0.3128	553.0441062991666
0.3136	462.1239028900485
0.3144	284.8139422479183
0.31520000000000004	-11.379461263669814
0.316	-275.70382039761324
0.3168	-473.1659238085109
0.3176	-551.1197004256273
0.3184	-495.50538350324183
0.31920000000000004	-316.63346938293074
0.32	-57.46439028542403
0.32080000000000003	214.67107889070573
0.3216	435.4102388276304
0.3224	547.8888364659073
0.32320000000000004	522.5811491949194
0.324	399.63580254631887
0.32480000000000003	129.06243124729048
0.3256	-148.22825686894933
0.3264	-386.3075995448659
0.3272	-528.6240220587441
0.328	-540.6529612497076
0.32880000000000004	-419.89490225468387
0.3296	-192.75097485739755
0.3304	81.72772912807932
0.3312	335.4292891658796
0.332	508.5213236462043
0.33280000000000004	552.8878860001689
0.3336	459.9368192163943
0.33440000000000003	220.6074455340866
0.3352	-11.22324115890035
0.336	-275.3913803200914
0.33680000000000004	-473.32214380829436
0.3376	-550.96348043874
0.33840000000000003	-495.03672351526535
0.3392	-316.9459094427195
0.34	-57.77683046952132
0.3408	214.82729906457237
0.3416	435.254018575111
0.34240000000000004	547.5763958721816
0.3432	522.112488335131
0.34400000000000003	393.69943350491366
0.3448	129.99975212599227
0.3456	-147.9158167317145
0.34640000000000004	-386.6200395764579
0.3472	-528.6240220587441
0.34800000000000003	-540.1843012840068
0.3488	-420.20734227347367
0.3496	-193.21963503042423
0.3504	81.10284860127314
0.3512	335.74172959703856
0.35200000000000004	508.20888308419563
0.3528	552.7316657012351
0.3536	459.78059895444443
0.3544	239.19764682537732
0.3552	-11.22324115890035
0.35600000000000004	-275.86004043632266
0.3568	-473.63458380777934
0.35760000000000003	-551.1197004256273
0.3584	-495.50538350324183
0.3592	-316.9459094427195
0.36000000000000004	-57.933050561506846
0.3608	214.67107889070573
0.36160000000000003	435.0977983226511
0.3624	547.7326161690125
0.3632	522.2687086216644
0.364	398.0736001588439
0.3648	129.8435319794201
0.36560000000000004	-148.22825686894933
0.3664	-386.6200395764579
0.3672	-529.0926820300161
0.368	-540.9654012267171
0.3688	-420.51978229214683
0.36960000000000004	-193.53207514558906
0.3704	81.72772912807932
0.37120000000000003	335.74172959703856
0.372	508.0526628032847
0.3728	552.4192251035588
0.37360000000000004	460.0930394784048
0.3744	275.4407304865421
0.37520000000000003	-11.691901473077571
0.376	-276.1724805136386
0.3768	-474.1032438068024
0.3776	-550.96348043874
0.3784	-495.192943511284
0.37920000000000004	-316.78968941284154
0.38	-58.24549074535173
0.3808	214.82729906457237
0.3816	435.4102388276304
0.3824	547.420175575414
0.38320000000000004	522.112488335131
0.384	389.9501478378336
0.38480000000000003	125.93802833094637
0.3856	-149.00935721135664
0.3864	-386.4638195606771
0.38720000000000004	-529.0926820300161
0.388	-541.1216212151846
0.38880000000000003	-420.3635622828248
0.3896	-193.53207514558906
0.3904	80.79040833815215
0.3912	335.74172959703856
0.392	507.89644252243596
0.39280000000000004	552.5754454023651
0.3936	461.3428015766669
0.39440000000000003	276.3780516539221
0.3952	-11.691901473077571
0.396	-275.86004043632266
0.39680000000000004	-473.63458380777934
0.3976	-550.96348043874
0.39840000000000003	-495.192943511284
0.3992	-317.41456953215635
0.4	-57.77683046952132
0.40080000000000005	215.4521797605569
0.4016	435.0977983226511
0.40240000000000004	547.420175575414
0.4032	521.8000477622523
0.404	397.1362787291578
0.4048	126.87534920380577
0.4056	-148.69691707451022
0.40640000000000004	-386.1513795290244
0.4072	-529.0926820300161
0.40800000000000003	-540.6529612497076
0.4088	-420.20734227347367
0.4096	-193.3758550880253
0.41040000000000004	81.10284860127314
0.4112	335.58550938143105
0.41200000000000003	509.14620477096815
0.4128	552.8878860001689
0.4136	459.78059895444443
0.41440000000000005	203.57944667817367
0.4152	-11.691901473077571
0.41600000000000004	-275.23516028127904
0.4168	-473.32214380829436
0.4176	-550.4948204779307
0.4184	-494.88050351922027
0.4192	-316.63346938293074
0.42000000000000004	-57.151950101158384
0.4208	214.82729906457237
0.42160000000000003	435.0977983226511
0.4224	548.0450567628657
0.4232	522.2687086216644
0.42400000000000004	381.35803497668616
0.4248	130.9370730064494
0.42560000000000003	-148.85313714295285
0.4264	-386.4638195606771
0.4272	-528.7802420491934
0.42800000000000005	-541.1216212151846
0.4288	-419.5824622357773
0.42960000000000004	-193.3758550880253
0.4304	80.94662846968914
0.4312	335.4292891658796
0.432	508.8337642084617
0.4328	552.7316657012351
0.43360000000000004	459.9368192163943
0.4344	151.08947236312056
0.43520000000000003	-11.22324115890035
0.436	-275.86004043632266
0.4368	-473.00970380870024
0.43760000000000004	-550.6510404648917
0.4384	-494.88050351922027
0.43920000000000003	-316.63346938293074
0.44	-57.933050561506846
0.4408	214.5148587168908
0.44160000000000005	435.254018575111
0.4424	547.8888364659073
0.44320000000000004	521.8000477622523
0.444	375.1092257328228
0.44480000000000003	130.78085285958457
0.4456	-148.54069700602875
0.4464	-385.9951595131525
0.44720000000000004	-528.7802420491934
0.448	-540.9654012267171
0.44880000000000003	-420.0511222640933
0.4496	-192.75097485739755
0.4504	81.10284860127314
0.45120000000000005	335.74172959703856
0.452	508.8337642084617
0.45280000000000004	552.2630048048164
0.4536	459.9368192163943
0.4544	214.67107889070573
0.45520000000000005	-11.22324115890035
0.456	-275.3913803200914
0.45680000000000004	-473.1659238085109
0.4576	-551.2759204124902
0.45840000000000003	-495.66160349918096
0.4592	-316.9459094427195
0.46	-57.46439028542403
0.46080000000000004	214.67107889070573
0.4616	435.254018575111
0.46240000000000003	547.7326161690125
0.4632	522.112488335131
0.464	391.0436894872767
0.46480000000000005	130.62463271276854
0.4656	-148.54069700602875
0.46640000000000004	-386.3075995448659
0.4672	-528.9364620396174
0.468	-540.9654012267171
0.46880000000000005	-420.20734227347367
0.4696	-193.3758550880253
0.47040000000000004	81.25906873290413
0.4712	335.74172959703856
0.47200000000000003	508.67754392730177
0.4728	552.2630048048164
0.4736	459.9368192163943
0.47440000000000004	263.56799586739265
0.4752	-11.22324115890035
0.47600000000000003	-275.5476003588695
0.4768	-473.32214380829436
0.4776	-550.6510404648917
0.47840000000000005	-494.56806352705047
0.4792	-316.9459094427195
0.48000000000000004	-57.46439028542403
0.4808	214.5148587168908
0.48160000000000003	435.4102388276304
0.4824	547.5763958721816
0.4832	521.9562680486604
0.48400000000000004	401.35422517928197
0.4848	128.281330516379
0.48560000000000003	-148.22825686894933
0.4864	-386.3075995448659
0.4872	-529.0926820300161
0.48800000000000004	-541.5902811804377
0.4888	-419.89490225468387
0.48960000000000004	-193.06341497278595
0.4904	81.25906873290413
0.4912	335.74172959703856
0.49200000000000005	508.36510336516875
0.4928	552.8878860001689
0.49360000000000004	460.40548000260713
0.4944	265.7550785370962
0.49520000000000003	-11.22324115890035
0.496	-275.0789402424323
0.4968	-472.5410438091044
0.49760000000000004	-550.807260451828
0.4984	-495.81782349509365
0.49920000000000003	-317.41456953215635
0.5	-57.620610377493705
0.5008	214.67107889070573
0.5016	435.254018575111
0.5024000000000001	547.7326161690125
0.5032	521.9562680486604
0.504	369.7977379478701
0.5048	130.3121924192829
0.5056	-148.07203680035133
0.5064000000000001	-386.1513795290244
0.5072	-528.9364620396174
0.508	-540.6529612497076
0.5088	-420.0511222640933
0.5096	-193.3758550880253
0.5104000000000001	80.79040833815215
0.5112	335.8979498127022
0.512	508.5213236462043
0.5128	552.8878860001689
0.5136000000000001	461.0303610517381
0.5144000000000001	119.84544269996542
0.5152	-11.379461263669814
0.516	-276.0162604749978
0.5168	-472.5410438091044
0.5176000000000001	-551.1197004256273
0.5184	-495.34916350727616
0.5192	-317.1021294725646
0.52	-57.933050561506846
0.5208	214.20241836941634
0.5216000000000001	434.94157807025096
0.5224	548.0450567628657
0.5232	521.8000477622523
0.524	366.6733333994403
0.5248	129.06243124729048
0.5256000000000001	-148.38447693750848
0.5264	-386.7762595922084
0.5272	-529.2489020203894
0.528	-541.1216212151846
0.5288	-420.3635622828248
0.5296000000000001	-193.84451526060496
0.5304	80.63418820666219
0.5312	335.58550938143105
0.532	508.36510336516875
0.5328	552.1067845061376
0.5336000000000001	460.0930394784048
0.5344	148.74617007024236
0.5352	-11.691901473077571
0.536	-275.86004043632266
0.5368	-473.32214380829436
0.5376000000000001	-550.96348043874
0.5384	-495.81782349509365
0.5392	-317.1021294725646
0.54	-57.46439028542403
0.5408000000000001	214.3586385431277
0.5416000000000001	435.254018575111
0.5424	546.7952943889804
0.5432	521.6438274759071
0.544	373.23458297761556
0.5448000000000001	130.46841256600135
0.5456	-148.69691707451022
0.5464	-386.6200395764579
0.5472	-529.0926820300161
0.548	-541.1216212151846
0.5488000000000001	-420.51978229214683
0.5496	-194.0007353180571
0.5504	81.25906873290413
0.5512	335.74172959703856
0.552	508.20888308419563
0.5528000000000001	552.5754454023651
0.5536	459.78059895444443
0.5544	184.5205862970258
0.5552	-10.910800949230225
0.556	-275.23516028127904
0.5568000000000001	-472.6972638089969
0.5576	-550.807260451828
0.5584	-495.34916350727616
0.5592	-316.63346938293074
0.56	-57.30817019331224
0.5608000000000001	214.67107889070573
0.5616	435.4102388276304
0.5624	547.5763958721816
0.5632	522.112488335131
0.5640000000000001	395.4178561135141
0.5648000000000001	130.62463271276854
0.5656	-148.38447693750848
0.5664	-385.9951595131525
0.5672	-529.0926820300161
0.5680000000000001	-540.9654012267171
0.5688	-419.4262422262803
0.5696	-193.21963503042423
0.5704	81.72772912807932
0.5712	336.05417002842194
0.5720000000000001	508.5213236462043
0.5728	553.2003265982281
0.5736	460.24925974047574
0.5744	279.81489595094746
0.5752	-11.067021054087157
0.5760000000000001	-275.86004043632266
0.5768	-472.6972638089969
0.5776	-550.6510404648917
0.5784	-495.03672351526535
0.5792	-316.47724935298703
0.5800000000000001	-57.77683046952132
0.5808	214.67107889070573
0.5816	435.254018575111
0.5824	547.8888364659073
0.5832	522.4249289082605
0.5840000000000001	394.48053468976843
0.5848	129.68731183289668
0.5856	-148.38447693750848
0.5864	-386.3075995448659
0.5872	-529.2489020203894
0.5880000000000001	-540.9654012267171
0.5888	-419.5824622357773
0.5896	-193.68829520311564
0.5904	81.41528886458215
0.5912000000000001	336.05417002842194
0.5920000000000001	508.8337642084617
0.5928	552.8878860001689
0.5936	460.40548000260713
0.5944	186.39522826810293
0.5952000000000001	-11.379461263669814
0.596	-275.86004043632266
0.5968	-472.6972638089969
0.5976	-550.6510404648917
0.5984	-495.34916350727616
0.5992000000000001	-316.78968941284154
0.6	-57.620610377493705
0.6008	214.5148587168908
0.6016	435.4102388276304
0.6024	548.0450567628657
0.6032000000000001	522.2687086216644
0.604	374.1719043541851
0.6048	130.46841256600135
0.6056	-148.22825686894933
0.6064	-386.9324796079285
0.6072000000000001	-529.2489020203894
0.608	-541.1216212151846
0.6088	-420.0511222640933
0.6096	-193.21963503042423
0.6104	80.16552781247425
0.6112000000000001	335.8979498127022
0.612	508.5213236462043
0.6128	552.2630048048164
0.6136	460.40548000260713
0.6144000000000001	157.96315915323
0.6152000000000001	-11.535681368395554
0.616	-276.0162604749978
0.6168	-472.6972638089969
0.6176	-551.1197004256273
0.6184000000000001	-495.34916350727616
0.6192000000000001	-317.570789561903
0.62	-58.24549074535173
0.6208	214.5148587168908
0.6216	435.0977983226511
0.6224000000000001	547.2639552787102
0.6232	522.2687086216644
0.624	368.7041963533149
0.6248	129.8435319794201
0.6256	-148.54069700602875
0.6264000000000001	-386.3075995448659
0.6272	-529.7175619913579
0.628	-541.2778412036271
0.6288	-420.51978229214683
0.6296	-193.68829520311564
0.6304000000000001	80.94662846968914
0.6312	335.74172959703856
0.632	508.0526628032847
0.6328	552.7316657012351
0.6336	459.4681584307262
0.6344000000000001	215.6083999346825
0.6352	-11.535681368395554
0.636	-275.86004043632266
0.6368	-473.00970380870024
0.6376000000000001	-551.1197004256273
0.6384000000000001	-495.97404349097985
0.6392	-316.9459094427195
0.64	-57.46439028542403
0.6408	214.20241836941634
0.6416000000000001	434.7853578179103
0.6424000000000001	547.5763958721816
0.6432	522.4249289082605
0.644	401.9791061384754
0.6448	128.281330516379
0.6456000000000001	-147.7595966630388
0.6464000000000001	-386.4638195606771
0.6472	-529.4051220107375
0.648	-540.8091812382248
0.6488	-420.0511222640933
0.6496000000000001	-193.53207514558906
0.6504	80.94662846968914
0.6512	335.1168487349449
0.652	508.0526628032847
0.6528	552.5754454023651
0.6536000000000001	460.71792052705155
0.6544	282.47063928930476
0.6552	-11.535681368395554
0.656	-275.23516028127904
0.6568	-472.8534838088623
0.6576000000000001	-551.5883603861425
0.6584	-495.03672351526535
0.6592	-317.2583495023769
0.66	-57.30817019331224
0.6608	213.88997802214888
0.6616000000000001	435.0977983226511
0.6624	547.5763958721816
0.6632	522.4249289082605
0.664	394.011873978681
0.6648000000000001	129.99975212599227
0.6656000000000001	-148.54069700602875
0.6664	-386.1513795290244
0.6672	-529.2489020203894
0.668	-540.3405212725986
0.6688000000000001	-419.7386822452451
0.6696000000000001	-193.3758550880253
0.6704	80.47796807521921
0.6712	336.05417002842194
0.672	508.5213236462043
0.6728000000000001	552.4192251035588
0.6736000000000001	460.0930394784048
0.6744	189.05097107297843
0.6752	-11.067021054087157
0.676	-275.70382039761324
0.6768000000000001	-472.6972638089969
0.6776	-550.4948204779307
0.6784	-495.34916350727616
0.6792	-317.2583495023769
0.68	-57.30817019331224
0.6808000000000001	214.67107889070573
0.6816	435.7226793328482
0.6824	547.5763958721816
0.6832	522.5811491949194
0.684	376.0465471135301
0.6848000000000001	130.3121924192829
0.6856	-148.22825686894933
0.6864	-387.08869962361825
0.6872	-529.4051220107375
0.6880000000000001	-541.1216212151846
0.6888000000000001	-420.3635622828248
0.6896	-193.53207514558906
0.6904	81.10284860127314
0.6912	335.4292891658796
0.6920000000000001	508.0526628032847
0.6928000000000001	552.5754454023651
0.6936	460.0930394784048
0.6944	183.11460482350964
0.6952	-11.22324115890035
0.6960000000000001	-275.3913803200914
0.6968000000000001	-473.00970380870024
0.6976	-550.96348043874
0.6984	-495.81782349509365
0.6992	-317.2583495023769
0.7000000000000001	-57.77683046952132
0.7008	213.73375784859275
0.7016	434.94157807025096
0.7024	547.5763958721816
0.7032	522.4249289082605
0.7040000000000001	370.11017840397284
0.7048	130.15597227261318
0.7056	-148.54069700602875
0.7064	-386.1513795290244
0.7072	-529.4051220107375
0.7080000000000001	-540.9654012267171
0.7088	-420.3635622828248
0.7096	-193.53207514558906
0.7104	80.79040833815215
0.7112	335.8979498127022
0.7120000000000001	508.5213236462043
0.7128	552.5754454023651
0.7136	460.40548000260713
0.7144	162.80598399498228
0.7152000000000001	-11.22324115890035
0.7160000000000001	-275.23516028127904
0.7168	-472.6972638089969
0.7176	-550.96348043874
0.7184	-495.81782349509365
0.7192000000000001	-317.1021294725646
0.7200000000000001	-56.99573000896243
0.7208	214.67107889070573
0.7216	435.0977983226511
0.7224	548.0450567628657
0.7232000000000001	522.2687086216644
0.7240000000000001	397.1362787291578
0.7248	130.62463271276854
0.7256	-148.54069700602875
0.7264	-385.9951595131525
0.7272000000000001	-529.2489020203894
0.728	-540.9654012267171
0.7288	-420.20734227347367
0.7296	-193.3758550880253
0.7304	81.10284860127314
0.7312000000000001	335.58550938143105
0.732	508.5213236462043
0.7328	552.8878860001689
0.7336	460.71792052705155
0.7344	268.7232621770694
0.7352000000000001	-11.22324115890035
0.736	-274.92272020355125
0.7368	-473.1659238085109
0.7376	-550.96348043874
0.7384000000000001	-495.97404349097985
0.7392000000000001	-316.63346938293074
0.74	-57.77683046952132
0.7408	214.5148587168908
0.7416	435.254018575111
0.7424000000000001	547.5763958721816
0.7432000000000001	522.5811491949194
0.744	396.04273706384197
0.7448	129.99975212599227
0.7456	-148.07203680035133
0.7464000000000001	-386.3075995448659
0.7472000000000001	-529.5613420010603
0.748	-540.8091812382248
0.7488	-419.7386822452451
0.7496	-193.53207514558906
0.7504000000000001	80.79040833815215
0.7512000000000001	335.4292891658796
0.752	508.20888308419563
0.7528	552.7316657012351
0.7536	460.24925974047574
0.7544000000000001	222.32586747116693
0.7552	-11.22324115890035
0.756	-275.23516028127904
0.7568	-472.6972638089969
0.7576	-550.3386004909453
0.7584000000000001	-495.34916350727616
0.7592	-317.1021294725646
0.76	-57.46439028542403
0.7608	214.3586385431277
0.7616	434.7853578179103
0.7624000000000001	547.8888364659073
0.7632	521.9562680486604
0.764	378.5460708055427
0.7648	131.09329315336296
0.7656000000000001	-148.85313714295285
0.7664000000000001	-386.4638195606771
0.7672	-529.0926820300161
0.768	-541.1216212151846
0.7688	-420.0511222640933
0.7696000000000001	-193.68829520311564
0.7704000000000001	81.25906873290413
0.7712	335.74172959703856
0.772	508.36510336516875
0.7728	552.5754454023651
0.7736000000000001	460.24925974047574
0.7744000000000001	162.49354368116502
0.7752	-11.22324115890035
0.776	-274.92272020355125
0.7768	-472.5410438091044
0.7776000000000001	-551.1197004256273
0.7784000000000001	-496.2864834826728
0.7792	-317.2583495023769
0.78	-57.30817019331224
0.7808	214.5148587168908
0.7816000000000001	435.4102388276304
0.7824	547.8888364659073
0.7832	523.5184709161903
0.784	368.8604165809367
0.7848	129.99975212599227
0.7856000000000001	-148.38447693750848
0.7864	-387.08869962361825
0.7872	-529.2489020203894
0.788	-540.6529612497076
0.7888000000000001	-420.20734227347367
0.7896000000000001	-194.0007353180571
0.7904	80.94662846968914
0.7912	335.1168487349449
0.792	508.36510336516875
0.7928000000000001	552.5754454023651
0.7936000000000001	459.31193816895785
0.7944	215.13973941246107
0.7952	-11.22324115890035
0.796	-275.86004043632266
0.7968000000000001	-473.1659238085109
0.7976000000000001	-550.807260451828
0.7984	-496.13026348683957
0.7992	-317.41456953215635
0.8	-58.08927065345032
0.8008000000000001	214.20241836941634
0.8016000000000001	435.254018575111
0.8024	547.8888364659073
0.8032	522.5811491949194
0.804	398.0736001588439
0.8048000000000001	129.3748715399961
0.8056000000000001	-148.54069700602875
0.8064	-386.4638195606771
0.8072	-529.4051220107375
0.808	-540.6529612497076
0.8088000000000001	-420.0511222640933
0.8096	-193.53207514558906
0.8104	80.63418820666219
0.8112	335.58550938143105
0.812	508.20888308419563
0.8128000000000001	552.4192251035588
0.8136	460.87414078936456
0.8144	282.9392998800515
0.8152	-10.754580844329553
0.8160000000000001	-275.23516028127904
0.8168000000000001	-473.1659238085109
0.8176	-551.2759204124902
0.8184	-495.50538350324183
0.8192	-317.570789561903
0.8200000000000001	-57.77683046952132
0.8208000000000001	214.82729906457237
0.8216	435.4102388276304
0.8224	547.8888364659073
0.8232	522.5811491949194
0.8240000000000001	393.07455255807645
0.8248000000000001	126.25046862170501
0.8256	-148.54069700602875
0.8264	-386.6200395764579
0.8272	-529.2489020203894
0.8280000000000001	-540.9654012267171
0.8288000000000001	-420.20734227347367
0.8296	-193.21963503042423
0.8304	81.57150899630723
0.8312	336.05417002842194
0.8320000000000001	508.20888308419563
0.8328	552.7316657012351
0.8336	461.0303610517381
0.8344	270.44168429328
0.8352	-11.22324115890035
0.8360000000000001	-275.3913803200914
0.8368	-473.1659238085109
0.8376	-550.6510404648917
0.8384	-495.66160349918096
0.8392000000000001	-317.1021294725646
0.8400000000000001	-57.46439028542403
0.8408	214.3586385431277
0.8416	435.7226793328482
0.8424	548.5137176541226
0.8432000000000001	522.737369481641
0.8440000000000001	395.73029658856154
0.8448	130.46841256600135
0.8456	-148.54069700602875
0.8464	-385.9951595131525
0.8472000000000001	-529.0926820300161
0.8480000000000001	-540.6529612497076
0.8488	-420.3635622828248
0.8496	-193.53207514558906
0.8504	81.10284860127314
0.8512000000000001	336.05417002842194
0.8520000000000001	508.36510336516875
0.8528	553.2003265982281
0.8536	461.3428015766669
0.8544	143.2784647634087
0.8552000000000001	-11.067021054087157
0.8560000000000001	-275.70382039761324
0.8568	-472.5410438091044
0.8576	-550.6510404648917
0.8584	-495.66160349918096
0.8592000000000001	-316.9459094427195
0.86	-57.620610377493705
0.8608	214.5148587168908
0.8616	435.7226793328482
0.8624	548.2012770598876
0.8632000000000001	522.112488335131
0.864	361.98672661967083
0.8648	127.18778949514802
0.8656	-148.22825686894933
0.8664000000000001	-386.6200395764579
0.8672000000000001	-528.6240220587441
0.868	-540.9654012267171
0.8688	-419.89490225468387
0.8696	-193.06341497278595
0.8704000000000001	80.94662846968914
0.8712000000000001	335.8979498127022
0.872	508.20888308419563
0.8728	553.8252077951124
0.8736	460.71792052705155
0.8744000000000001	167.33636856779648
0.8752000000000001	-11.22324115890035
0.876	-275.5476003588695
0.8768	-472.8534838088623
0.8776	-551.5883603861425
0.8784000000000001	-495.81782349509365
0.8792000000000001	-317.570789561903
0.88	-57.46439028542403
0.8808	214.20241836941634
0.8816	435.0977983226511
0.8824000000000001	548.2012770598876
0.8832000000000001	521.6438274759071
0.884	389.63770736708636
0.8848	130.78085285958457
0.8856	-148.69691707451022
0.8864000000000001	-386.9324796079285
0.8872	-528.7802420491934
0.888	-540.9654012267171
0.8888	-419.89490225468387
0.8896000000000001	-194.31317543284965
0.8904000000000001	80.63418820666219
0.8912	335.4292891658796
0.892	507.58400196092515
0.8928	552.1067845061376
0.8936000000000001	459.78059895444443
0.8944000000000001	249.66439914035172
0.8952	-11.379461263669814
0.896	-275.86004043632266
0.8968	-473.00970380870024
0.8976000000000001	-551.2759204124902
0.8984000000000001	-495.97404349097985
0.8992	-317.1021294725646
0.9	-58.08927065345032
0.9008	214.3586385431277
0.9016000000000001	434.94157807025096
0.9024000000000001	547.5763958721816
0.9032	522.112488335131
0.904	403.69752878107965
0.9048	128.59377080859744
0.9056000000000001	-148.54069700602875
0.9064000000000001	-386.6200395764579
0.9072	-528.9364620396174
0.908	-540.9654012267171
0.9088	-420.20734227347367
0.9096000000000001	-194.15695537547197
0.9104000000000001	80.79040833815215
0.9112	335.4292891658796
0.912	508.20888308419563
0.9128000000000001	552.5754454023651
0.9136000000000001	460.87414078936456
0.9144	276.22183145922384
0.9152	-11.067021054087157
0.916	-275.23516028127904
0.9168000000000001	-473.00970380870024
0.9176000000000001	-550.96348043874
0.9184	-495.34916350727616
0.9192	-317.1021294725646
0.92	-57.620610377493705
0.9208000000000001	214.98351923849083
0.9216000000000001	436.0351198383045
0.9224	548.5137176541226
0.9232	522.4249289082605
0.924	389.01282642628786
0.9248000000000001	126.40668876715725
0.9256000000000001	-148.54069700602875
0.9264	-385.8389394972501
0.9272	-528.7802420491934
0.928	-540.3405212725986
0.9288000000000001	-420.20734227347367
0.9296000000000001	-193.84451526060496
0.9304	80.94662846968914
0.9312	335.8979498127022
0.932	508.20888308419563
0.9328000000000001	552.7316657012351
0.9336000000000001	460.71792052705155
0.9344	279.65867575506053
0.9352	-11.379461263669814
0.936	-275.0789402424323
0.9368000000000001	-472.8534838088623
0.9376000000000001	-551.1197004256273
0.9384	-495.34916350727616
0.9392	-317.1021294725646
0.9400000000000001	-57.30817019331224
0.9408000000000001	214.3586385431277
0.9416	435.5664590802095
0.9424	547.8888364659073
0.9432	522.4249289082605
0.9440000000000001	390.731249015717
0.9448000000000001	129.68731183289668
0.9456	-148.69691707451022
0.9464	-386.7762595922084
0.9472	-529.0926820300161
0.9480000000000001	-540.6529612497076
0.9488000000000001	-420.20734227347367
0.9496	-193.84451526060496
0.9504	81.41528886458215
0.9512	335.8979498127022
0.9520000000000001	508.0526628032847
0.9528000000000001	552.5754454023651
0.9536	460.40548000260713
0.9544	273.0974275765846
0.9552	-11.22324115890035
0.9560000000000001	-275.23516028127904
0.9568000000000001	-472.8534838088623
0.9576	-550.96348043874
0.9584	-495.50538350324183
0.9592	-317.1021294725646
0.9600000000000001	-57.77683046952132
0.9608000000000001	214.20241836941634
0.9616	435.254018575111
0.9624	547.8888364659073
0.9632000000000001	522.112488335131
0.9640000000000001	397.1362787291578
0.9648	127.18778949514802
0.9656	-148.54069700602875
0.9664	-385.68271948131746
0.9672000000000001	-528.7802420491934
0.9680000000000001	-540.6529612497076
0.9688	-420.3635622828248
0.9696	-193.68829520311564
0.9704	80.79040833815215
0.9712000000000001	335.1168487349449
0.9720000000000001	508.36510336516875
0.9728	552.8878860001689
0.9736	461.0303610517381
0.9744	275.59695068097056
0.9752000000000001	-11.379461263669814
0.9760000000000001	-275.3913803200914
0.9768	-473.32214380829436
0.9776	-550.96348043874
0.9784	-495.81782349509365
0.9792000000000001	-316.63346938293074
0.9800000000000001	-58.08927065345032
0.9808	214.5148587168908
0.9816	435.5664590802095
0.9824	548.2012770598876
0.9832000000000001	522.2687086216644
0.9840000000000001	396.82383825306204
0.9848	126.71912905820761
0.9856	-148.38447693750848
0.9864	-386.6200395764579
0.9872000000000001	-528.9364620396174
0.9880000000000001	-540.8091812382248
0.9888	-420.3635622828248
0.9896	-193.84451526060496
0.9904000000000001	81.41528886458215
0.9912000000000001	335.58550938143105
0.992	508.20888308419563
0.9928	553.6689874957956
0.9936	461.0303610517381
0.9944000000000001	275.59695068097056
0.9952000000000001	-10.910800949230225
0.996	-275.5476003588695
0.9968	-472.6972638089969
0.9976	-551.7445803729319
0.9984000000000001	-495.66160349918096
0.9992000000000001	-316.9459094427195
