0	-539.358323900826
0.0008	-413.60122586950075
0.0016	-190.36280118016234
0.0024000000000000002	109.42356054043906
0.0032	349.84641120051816
0.004	531.6867832462632
0.0048000000000000004	581.9897186595193
0.0056	494.03769609740203
0.0064	169.25587655993507
0.007200000000000001	-6.960428686612666
0.008	-275.971386359353
0.0088	-474.37080708793115
0.009600000000000001	-553.5743426233589
0.010400000000000001	-492.648546644204
0.0112	-307.2153929626012
0.012	22.2527313498728
0.0128	6.318280230086807
0.013600000000000001	457.6383745659482
0.014400000000000001	569.3358740360097
0.0152	328.1318015882136
0.016	373.74810505160116
0.016800000000000002	133.1690219187283
0.0176	-146.1525238866751
0.0184	-386.731383949593
0.019200000000000002	-530.9224445630291
0.02	-539.2021039137423
0.020800000000000003	-413.1325658434553
0.0216	-179.11495706629188
0.0224	101.45633361509994
0.023200000000000002	358.43852321667737
0.024	531.2181223881678
0.024800000000000003	575.8971267511306
0.0256	491.2257312260953
0.0264	269.2367866222262
0.027200000000000002	-7.585309098450871
0.028	-275.81516632296393
0.028800000000000003	-474.21458709015127
0.0296	-553.8867825930311
0.0304	-491.7112266757649
0.031200000000000002	-307.3716129922821
0.032	-33.986505867388644
0.0328	235.6494472835378
0.033600000000000005	458.10703533733056
0.0344	570.5856364492173
0.0352	185.19033269744185
0.036000000000000004	382.4964377744205
0.0368	133.1690219187283
0.0376	-145.84008375362072
0.038400000000000004	-387.66870403133544
0.0392	-530.6100045861689
0.04	-539.358323900826
0.0408	-413.2887858521662
0.041600000000000005	-179.27117712475115
0.0424	98.488151066611
0.0432	356.87632101923174
0.044000000000000004	531.5305629601686
0.0448	576.0533470552516
0.0456	477.94700849026236
0.046400000000000004	268.76812605648
0.0472	-6.960428686612666
0.048	-275.34650621359276
0.0488	-474.5270270856842
0.049600000000000005	-553.4181226384868
0.0504	-492.0236666653495
0.0512	-307.2153929626012
0.052000000000000005	-42.73483115460073
0.0528	235.49322710624185
0.0536	457.95081508014306
0.054400000000000004	570.1169755437841
0.055200000000000006	248.30328181818462
0.056	382.18399731694166
0.0568	133.1690219187283
0.057600000000000005	-146.30874395314444
0.0584	-387.04382397696037
0.0592	-531.078664551422
0.060000000000000005	-539.2021039137423
0.0608	-413.44500586084797
0.0616	-180.20849747472187
0.062400000000000004	98.95681146786869
0.0632	357.188761458269
0.064	531.6867832462632
0.0648	579.646414067782
0.0656	492.3192731181326
0.0664	200.96856919287723
0.06720000000000001	-7.272868892618764
0.068	-275.5027262500838
0.0688	-474.6832470834103
0.06960000000000001	-553.8867825930311
0.0704	-492.80476663885196
0.0712	-307.05917293288735
0.07200000000000001	-44.29703208478024
0.0728	236.11810781573877
0.0736	457.79459482301564
0.07440000000000001	569.6483146389272
0.0752	391.7134313734814
0.076	378.1222713905811
0.07680000000000001	126.920216185026
0.0776	-146.30874395314444
0.0784	-386.731383949593
0.0792	-530.4537845977013
0.08	-539.6707638749195
0.08080000000000001	-413.44500586084797
0.0816	-181.14581782334835
0.0824	98.80059133406886
0.08320000000000001	357.81364233702124
0.084	531.6867832462632
0.0848	582.458379579607
0.08560000000000001	503.5671327537239
0.0864	149.25969704103076
0.0872	-6.960428686612666
0.08800000000000001	-275.6589462865408
0.0888	-474.5270270856842
0.0896	-553.4181226384868
0.09040000000000001	-492.648546644204
0.0912	-307.2153929626012
0.092	-43.04727134097433
0.09280000000000001	235.96188763828627
0.0936	457.79459482301564
0.0944	569.6483146389272
0.0952	447.17161747894875
0.096	377.6536107092611
0.09680000000000001	125.35801476368306
0.0976	-145.99630382016718
0.0984	-386.1065038944983
0.09920000000000001	-530.2975646092091
0.1	-539.514543887885
0.1008	-413.2887858521662
0.10160000000000001	-181.30203788132218
0.1024	98.80059133406886
0.1032	357.188761458269
0.10400000000000001	531.6867832462632
0.1048	579.646414067782
0.1056	479.82165167332977
0.10640000000000001	207.84225654107752
0.1072	-6.804208583544357
0.108	-275.81516632296393
0.10880000000000001	-474.99568707878205
0.1096	-553.2619026535906
0.11040000000000001	-492.648546644204
0.11120000000000001	-307.05917293288735
0.112	-42.422390968058195
0.11280000000000001	235.33700692899794
0.1136	457.95081508014306
0.1144	570.1169755437841
0.11520000000000001	314.071982987013
0.116	382.0277770882883
0.1168	133.48146220744732
0.11760000000000001	-145.84008375362072
0.1184	-386.731383949593
0.1192	-531.078664551422
0.12000000000000001	-539.8269838619295
0.1208	-413.60122586950075
0.1216	-180.52093759107998
0.12240000000000001	98.80059133406886
0.1232	357.81364233702124
0.124	531.5305629601686
0.12480000000000001	579.646414067782
0.12560000000000002	479.50921114221035
0.1264	269.39300681091487
0.1272	-7.116648789637464
0.128	-275.971386359353
0.1288	-474.6832470834103
0.1296	-553.4181226384868
0.13040000000000002	-492.0236666653495
0.1312	-307.5278330219303
0.132	-42.89105124780865
0.1328	235.02456657466664
0.1336	457.48215430894084
0.13440000000000002	569.9607552421011
0.13520000000000001	283.2966038185219
0.136	381.87155685969236
0.1368	133.7939024963604
0.1376	-145.84008375362072
0.1384	-386.57516393586434
0.13920000000000002	-530.7662245746113
0.14	-540.2956438228123
0.1408	-413.7574458781245
0.1416	-181.14581782334835
0.1424	98.80059133406886
0.1432	357.188761458269
0.14400000000000002	530.9056818164173
0.1448	574.9598049277542
0.1456	488.41376637463236
0.1464	207.68603637297488
0.1472	-7.272868892618764
0.14800000000000002	-276.12760639570826
0.14880000000000002	-474.37080708793115
0.1496	-554.1992225626071
0.1504	-492.96098663347385
0.1512	-307.6840530515457
0.152	-43.04727134097433
0.15280000000000002	235.02456657466664
0.15360000000000001	457.16971379510636
0.1544	569.6483146389272
0.1552	332.8184078882036
0.156	378.74715229980876
0.1568	128.326197468362
0.15760000000000002	-146.46496401957526
0.1584	-386.4189439221056
0.1592	-530.7662245746113
0.16	-540.4518638097243
0.1608	-413.1325658434553
0.16160000000000002	-180.98959776533724
0.16240000000000002	98.80059133406886
0.1632	356.87632101923174
0.164	531.0619021022612
0.1648	581.6772780464498
0.1656	507.7850801994014
0.16640000000000002	179.41018678340495
0.16720000000000002	-7.897749304109036
0.168	-276.44004646831684
0.1688	-474.21458709015127
0.1696	-553.8867825930311
0.1704	-492.80476663885196
0.17120000000000002	-307.3716129922821
0.17200000000000001	-42.73483115460073
0.1728	235.49322710624185
0.1736	457.6383745659482
0.1744	569.8045349404822
0.1752	412.6469430074354
0.17600000000000002	378.590932072416
0.1768	128.1699773255759
0.1776	-146.30874395314444
0.1784	-386.88760396329167
0.1792	-530.9224445630291
0.18000000000000002	-539.8269838619295
0.18080000000000002	-413.44500586084797
0.1816	-181.45825793925866
0.1824	99.11303160171583
0.1832	357.6574221172485
0.184	531.6867832462632
0.18480000000000002	581.6772780464498
0.18560000000000001	483.72715833286946
0.1864	208.4671372139996
0.1872	-6.804208583544357
0.188	-276.28382643202957
0.1888	-474.05836709234455
0.18960000000000002	-553.4181226384868
0.1904	-492.1798866601024
0.1912	-307.05917293288735
0.192	-42.422390968058195
0.1928	235.49322710624185
0.19360000000000002	458.2632555945781
0.19440000000000002	569.6483146389272
0.1952	306.5734132485862
0.196	383.1213186900667
0.1968	133.48146220744732
0.1976	-145.84008375362072
0.19840000000000002	-387.04382397696037
0.19920000000000002	-530.4537845977013
0.2	-539.8269838619295
0.2008	-412.8201258259465
0.2016	-180.98959776533724
0.2024	99.11303160171583
0.20320000000000002	357.34498167787234
0.20400000000000001	531.8430035324203
0.2048	579.0215328457664
0.2056	470.76087636949137
0.2064	270.01788756620334
0.20720000000000002	-6.804208583544357
0.20800000000000002	-276.12760639570826
0.2088	-474.37080708793115
0.2096	-553.5743426233589
0.2104	-491.86744667057036
0.2112	-307.6840530515457
0.21200000000000002	-42.578611061350585
0.21280000000000002	235.18078675180618
0.2136	457.6383745659482
0.2144	570.5856364492173
0.2152	162.22596960545098
0.216	382.80887823212885
0.21680000000000002	133.1690219187283
0.21760000000000002	-145.99630382016718
0.2184	-387.04382397696037
0.2192	-530.6100045861689
0.22	-539.6707638749195
0.22080000000000002	-412.9763458347154
0.22160000000000002	-181.30203788132218
0.22240000000000001	98.80059133406886
0.2232	357.50120189753216
0.224	531.6867832462632
0.2248	575.5846861430815
0.22560000000000002	485.9142420788533
0.22640000000000002	270.01788756620334
0.2272	-7.116648789637464
0.228	-275.971386359353
0.2288	-474.37080708793115
0.2296	-553.5743426233589
0.23040000000000002	-492.648546644204
0.23120000000000002	-307.05917293288735
0.232	-41.95373068792753
0.2328	235.02456657466664
0.2336	457.79459482301564
0.23440000000000003	569.3358740360097
0.23520000000000002	315.4779648270411
0.23600000000000002	382.34021754565237
0.2368	133.1690219187283
0.2376	-145.52764362041208
0.2384	-386.1065038944983
0.23920000000000002	-530.1413446206918
0.24000000000000002	-540.2956438228123
0.24080000000000001	-413.91366588671923
0.2416	-181.14581782334835
0.2424	98.95681146786869
0.2432	357.50120189753216
0.24400000000000002	531.5305629601686
0.24480000000000002	581.8334983529523
0.2456	507.31641936987995
0.2464	270.01788756620334
0.2472	-7.429088995556562
0.248	-276.12760639570826
0.24880000000000002	-473.58970709876303
0.24960000000000002	-554.0430025778311
0.2504	-492.648546644204
0.25120000000000003	-307.8402730811282
0.252	-42.89105124780865
0.2528	235.33700692899794
0.2536	457.79459482301564
0.2544	569.6483146389272
0.25520000000000004	309.8540374936123
0.256	380.6217950329885
0.25680000000000003	131.138160046781
0.2576	-145.84008375362072
0.2584	-386.731383949593
0.2592	-530.6100045861689
0.26	-540.4518638097243
0.26080000000000003	-413.1325658434553
0.2616	-181.30203788132218
0.2624	98.95681146786869
0.2632	357.50120189753216
0.264	531.0619021022612
0.26480000000000004	581.5210577400118
0.2656	487.788885299221
0.2664	218.46522809235873
0.2672	-6.960428686612666
0.268	-276.28382643202957
0.26880000000000004	-474.37080708793115
0.2696	-553.4181226384868
0.27040000000000003	-492.33610665482917
0.2712	-308.1527131401949
0.272	-42.422390968058195
0.2728	235.18078675180618
0.2736	457.79459482301564
0.27440000000000003	570.1169755437841
0.2752	362.5002489565004
0.276	382.80887823212885
0.2768	133.1690219187283
0.2776	-145.84008375362072
0.27840000000000004	-386.731383949593
0.2792	-530.4537845977013
0.28	-540.139423835876
0.2808	-413.60122586950075
0.2816	-181.14581782334835
0.28240000000000004	98.95681146786869
0.2832	357.6574221172485
0.28400000000000003	531.5305629601686
0.2848	577.3031094905332
0.2856	466.54292931480006
0.2864	270.17410775515884
0.2872	-7.429088995556562
0.28800000000000003	-276.44004646831684
0.2888	-474.6832470834103
0.2896	-553.2619026535906
0.2904	-492.1798866601024
0.2912	-307.996493110678
0.29200000000000004	-43.04727134097433
0.2928	235.18078675180618
0.2936	457.79459482301564
0.2944	569.9607552421011
0.2952	302.51168802623806
0.29600000000000004	382.65265800324596
0.2968	133.48146220744732
0.29760000000000003	-145.68386368703568
0.2984	-386.88760396329167
0.2992	-530.9224445630291
0.3	-540.139423835876
0.3008	-413.2887858521662
0.30160000000000003	-180.8333777072888
0.3024	99.58169200354092
0.3032	357.81364233702124
0.304	531.6867832462632
0.3048	580.8961765149043
0.30560000000000004	482.00873539798175
0.3064	250.02170381857377
0.30720000000000003	-6.960428686612666
0.308	-276.12760639570826
0.3088	-474.21458709015127
0.30960000000000004	-553.1056826686704
0.3104	-492.33610665482917
0.31120000000000003	-307.6840530515457
0.312	-42.26617087472357
0.3128	234.86834639757913
0.3136	457.95081508014306
0.3144	570.2731958455311
0.31520000000000004	304.8549910346265
0.316	379.6844736653677
0.3168	127.54509675491458
0.3176	-145.21520348704914
0.3184	-387.04382397696037
0.31920000000000004	-530.6100045861689
0.32	-539.983203848915
0.32080000000000003	-412.9763458347154
0.3216	-180.67715764920305
0.3224	98.488151066611
0.32320000000000004	357.34498167787234
0.324	531.8430035324203
0.32480000000000003	580.5837359027372
0.3256	505.28555578171364
0.3264	176.59822393114447
0.3272	-6.960428686612666
0.328	-275.81516632296393
0.32880000000000004	-474.5270270856842
0.3296	-553.5743426233589
0.3304	-492.33610665482917
0.3312	-307.3716129922821
0.332	-42.26617087472357
0.33280000000000004	235.49322710624185
0.3336	457.95081508014306
0.33440000000000003	570.1169755437841
0.3352	301.7305870261692
0.336	382.65265800324596
0.33680000000000004	133.48146220744732
0.3376	-146.30874395314444
0.33840000000000003	-386.4189439221056
0.3392	-530.9224445630291
0.34	-540.2956438228123
0.3408	-412.9763458347154
0.3416	-181.45825793925866
0.34240000000000004	98.95681146786869
0.3432	357.188761458269
0.34400000000000003	531.8430035324203
0.3448	580.7399562087886
0.3456	489.6635285283904
0.34640000000000004	270.01788756620334
0.3472	-7.897749304109036
0.34800000000000003	-276.12760639570826
0.3488	-474.21458709015127
0.3496	-553.8867825930311
0.3504	-492.33610665482917
0.3512	-308.1527131401949
0.35200000000000004	-42.73483115460073
0.3528	234.5559060435605
0.3536	457.16971379510636
0.3544	569.9607552421011
0.3552	360.0007254197748
0.35600000000000004	382.65265800324596
0.3568	132.85658163020324
0.35760000000000003	-146.46496401957526
0.3584	-387.04382397696037
0.3592	-530.9224445630291
0.36000000000000004	-540.4518638097243
0.3608	-413.7574458781245
0.36160000000000003	-181.6144779971579
0.3624	98.64437120031629
0.3632	357.50120189753216
0.364	531.8430035324203
0.3648	581.2086171273293
0.36560000000000004	482.47739619767435
0.3664	238.61763066207615
0.3672	-7.116648789637464
0.368	-276.44004646831684
0.3688	-474.37080708793115
0.36960000000000004	-553.5743426233589
0.3704	-492.1798866601024
0.37120000000000003	-307.6840530515457
0.372	-42.578611061350585
0.3728	235.02456657466664
0.37360000000000004	457.48215430894084
0.3744	570.1169755437841
0.37520000000000003	278.29755765452734
0.376	383.1213186900667
0.3768	133.0128017744415
0.3776	-145.99630382016718
0.3784	-386.731383949593
0.37920000000000004	-530.9224445630291
0.38	-540.6080837966116
0.3808	-412.9763458347154
0.3816	-180.98959776533724
0.3824	99.11303160171583
0.38320000000000004	357.6574221172485
0.384	531.6867832462632
0.38480000000000003	581.5210577400118
0.3856	484.50825966934804
0.3864	173.78626109509815
0.38720000000000004	-7.116648789637464
0.388	-276.12760639570826
0.38880000000000003	-474.05836709234455
0.3896	-553.4181226384868
0.3904	-492.648546644204
0.3912	-307.5278330219303
0.392	-42.578611061350585
0.39280000000000004	235.02456657466664
0.3936	457.6383745659482
0.39440000000000003	570.1169755437841
0.3952	365.9370938431876
0.396	381.0904557175724
0.39680000000000004	129.2635183260937
0.3976	-146.30874395314444
0.39840000000000003	-387.04382397696037
0.3992	-530.7662245746113
0.4	-540.2956438228123
0.40080000000000005	-412.6639058171484
0.4016	-180.98959776533724
0.40240000000000004	98.80059133406886
0.4032	357.188761458269
0.404	531.2181223881678
0.4048	580.5837359027372
0.4056	500.2865069937364
0.40640000000000004	199.4063675365948
0.4072	-6.960428686612666
0.40800000000000003	-276.12760639570826
0.4088	-474.6832470834103
0.4096	-552.6370227137652
0.41040000000000004	-492.1798866601024
0.4112	-307.6840530515457
0.41200000000000003	-42.73483115460073
0.4128	234.71212622054375
0.4136	457.6383745659482
0.41440000000000005	569.9607552421011
0.4152	290.3265125799631
0.41600000000000004	382.34021754565237
0.4168	133.48146220744732
0.4176	-146.1525238866751
0.4184	-386.4189439221056
0.4192	-531.5473245164517
0.42000000000000004	-539.983203848915
0.4208	-413.2887858521662
0.42160000000000003	-181.14581782334835
0.4224	99.42547186955193
0.4232	357.81364233702124
0.42400000000000004	531.5305629601686
0.4248	579.958854679176
0.42560000000000003	478.4156692852084
0.4264	270.17410775515884
0.4272	-6.960428686612666
0.42800000000000005	-276.12760639570826
0.4288	-474.37080708793115
0.42960000000000004	-553.730562608207
0.4304	-492.33610665482917
0.4312	-307.996493110678
0.432	-42.422390968058195
0.4328	235.18078675180618
0.43360000000000004	458.10703533733056
0.4344	570.2731958455311
0.43520000000000003	269.08056643359083
0.436	383.1213186900667
0.4368	133.48146220744732
0.43760000000000004	-145.84008375362072
0.4384	-387.3562640042079
0.43920000000000003	-530.7662245746113
0.44	-539.8269838619295
0.4408	-413.60122586950075
0.44160000000000005	-180.98959776533724
0.4424	98.488151066611
0.44320000000000004	357.81364233702124
0.444	531.2181223881678
0.44480000000000003	579.8026343734467
0.4456	477.94700849026236
0.4464	269.7054471884524
0.44720000000000004	-6.804208583544357
0.448	-275.6589462865408
0.44880000000000003	-474.5270270856842
0.4496	-553.2619026535906
0.4504	-491.86744667057036
0.45120000000000005	-307.996493110678
0.452	-42.578611061350585
0.45280000000000004	235.02456657466664
0.4536	457.79459482301564
0.4544	569.9607552421011
0.45520000000000005	272.9860711654908
0.456	383.4337591482342
0.45680000000000004	134.10634278546755
0.4576	-145.68386368703568
0.45840000000000003	-387.04382397696037
0.4592	-531.2348845397901
0.46	-540.139423835876
0.46080000000000004	-412.8201258259465
0.4616	-181.14581782334835
0.46240000000000003	98.64437120031629
0.4632	357.81364233702124
0.464	531.2181223881678
0.46480000000000005	580.7399562087886
0.4656	487.788885299221
0.46640000000000004	270.3303279441677
0.4672	-7.272868892618764
0.468	-275.971386359353
0.46880000000000005	-474.21458709015127
0.4696	-553.4181226384868
0.47040000000000004	-492.33610665482917
0.4712	-307.996493110678
0.47200000000000003	-42.73483115460073
0.4728	235.02456657466664
0.4736	457.95081508014306
0.47440000000000004	569.6483146389272
0.4752	283.4528240120341
0.47600000000000003	380.93423548932043
0.4768	131.29438019048624
0.4776	-145.84008375362072
0.47840000000000005	-386.57516393586434
0.4792	-531.078664551422
0.48000000000000004	-539.983203848915
0.4808	-413.1325658434553
0.48160000000000003	-181.14581782334835
0.4824	98.64437120031629
0.4832	357.81364233702124
0.48400000000000004	531.3743426741369
0.4848	579.958854679176
0.48560000000000003	477.94700849026236
0.4864	204.40541285462723
0.4872	-6.960428686612666
0.48800000000000004	-275.81516632296393
0.4888	-474.8394670811096
0.48960000000000004	-553.4181226384868
0.4904	-492.1798866601024
0.4912	-307.5278330219303
0.49200000000000005	-42.89105124780865
0.4928	234.86834639757913
0.49360000000000004	457.6383745659482
0.4944	569.179653734647
0.49520000000000003	353.75191664127357
0.496	380.6217950329885
0.4968	128.6386377540792
0.49760000000000004	-146.1525238866751
0.4984	-387.20004399059906
0.49920000000000003	-531.2348845397901
0.5	-539.358323900826
0.5008	-413.1325658434553
0.5016	-181.45825793925866
0.5024000000000001	98.95681146786869
0.5032	357.34498167787234
0.504	530.9056818164173
0.5048	580.2712952908278
0.5056	487.4764447618821
0.5064000000000001	209.40445822491813
0.5072	-6.804208583544357
0.508	-276.12760639570826
0.5088	-474.05836709234455
0.5096	-553.5743426233589
0.5104000000000001	-492.0236666653495
0.5112	-307.5278330219303
0.512	-42.73483115460073
0.5128	234.39968586662937
0.5136000000000001	457.48215430894084
0.5144000000000001	570.5856364492173
0.5152	247.20974054852377
0.516	382.4964377744205
0.5168	133.48146220744732
0.5176000000000001	-145.84008375362072
0.5184	-386.4189439221056
0.5192	-531.078664551422
0.52	-539.514543887885
0.5208	-412.8201258259465
0.5216000000000001	-181.14581782334835
0.5224	98.64437120031629
0.5232	357.50120189753216
0.524	532.6241049641468
0.5248	576.9906688813271
0.5256000000000001	471.54197768075375
0.5264	269.86166737730116
0.5272	-7.272868892618764
0.528	-275.971386359353
0.5288	-474.21458709015127
0.5296000000000001	-553.4181226384868
0.5304	-492.1798866601024
0.5312	-307.5278330219303
0.532	-42.578611061350585
0.5328	234.71212622054375
0.5336000000000001	457.6383745659482
0.5344	570.2731958455311
0.5352	200.49990869545817
0.536	383.4337591482342
0.5368	133.7939024963604
0.5376000000000001	-145.99630382016718
0.5384	-387.04382397696037
0.5392	-530.6100045861689
0.54	-539.983203848915
0.5408000000000001	-412.6639058171484
0.5416000000000001	-180.8333777072888
0.5424	98.80059133406886
0.5432	357.34498167787234
0.544	530.7494615306363
0.5448000000000001	576.5220079680001
0.5456	470.29221558346006
0.5464	270.17410775515884
0.5472	-6.804208583544357
0.548	-275.6589462865408
0.5488000000000001	-474.05836709234455
0.5496	-553.5743426233589
0.5504	-492.648546644204
0.5512	-307.996493110678
0.552	-42.578611061350585
0.5528000000000001	234.5559060435605
0.5536	457.79459482301564
0.5544	569.9607552421011
0.5552	264.55018098634343
0.556	383.1213186900667
0.5568000000000001	133.48146220744732
0.5576	-145.84008375362072
0.5584	-387.3562640042079
0.5592	-531.078664551422
0.56	-539.6707638749195
0.5608000000000001	-412.9763458347154
0.5616	-181.14581782334835
0.5624	98.488151066611
0.5632	357.188761458269
0.5640000000000001	531.0619021022612
0.5648000000000001	579.958854679176
0.5656	484.50825966934804
0.5664	270.01788756620334
0.5672	-7.429088995556562
0.5680000000000001	-275.81516632296393
0.5688	-474.05836709234455
0.5696	-553.1056826686704
0.5704	-493.1172066280695
0.5712	-307.3716129922821
0.5720000000000001	-42.422390968058195
0.5728	234.86834639757913
0.5736	457.48215430894084
0.5744	570.2731958455311
0.5752	345.94090579489523
0.5760000000000001	382.18399731694166
0.5768	133.48146220744732
0.5776	-146.1525238866751
0.5784	-387.04382397696037
0.5792	-531.3911045281333
0.5800000000000001	-539.2021039137423
0.5808	-412.8201258259465
0.5816	-180.98959776533724
0.5824	98.64437120031629
0.5832	357.34498167787234
0.5840000000000001	531.3743426741369
0.5848	580.2712952908278
0.5856	485.133140739629
0.5864	270.17410775515884
0.5872	-6.960428686612666
0.5880000000000001	-275.34650621359276
0.5888	-474.05836709234455
0.5896	-553.8867825930311
0.5904	-492.648546644204
0.5912000000000001	-307.6840530515457
0.5920000000000001	-42.89105124780865
0.5928	235.18078675180618
0.5936	457.6383745659482
0.5944	570.2731958455311
0.5952000000000001	260.6446763263387
0.596	383.4337591482342
0.5968	133.48146220744732
0.5976	-145.84008375362072
0.5984	-387.3562640042079
0.5992000000000001	-531.2348845397901
0.6	-539.983203848915
0.6008	-412.8201258259465
0.6016	-181.14581782334835
0.6024	98.80059133406886
0.6032000000000001	357.50120189753216
0.604	531.2181223881678
0.6048	577.6155500999967
0.6056	465.91804827340593
0.6064	270.01788756620334
0.6072000000000001	-6.804208583544357
0.608	-275.81516632296393
0.6088	-474.21458709015127
0.6096	-553.1056826686704
0.6104	-492.80476663885196
0.6112000000000001	-307.6840530515457
0.612	-42.578611061350585
0.6128	234.71212622054375
0.6136	457.48215430894084
0.6144000000000001	570.8980770531598
0.6152000000000001	261.8944378139296
0.616	383.4337591482342
0.6168	133.7939024963604
0.6176	-146.1525238866751
0.6184000000000001	-387.5124840177866
0.6192000000000001	-531.2348845397901
0.62	-539.6707638749195
0.6208	-412.9763458347154
0.6216	-180.98959776533724
0.6224000000000001	98.64437120031629
0.6232	357.34498167787234
0.624	531.5305629601686
0.6248	578.7090922351448
0.6256	473.4166208339605
0.6264000000000001	269.7054471884524
0.6272	-7.272868892618764
0.628	-275.81516632296393
0.6288	-474.37080708793115
0.6296	-553.4181226384868
0.6304000000000001	-492.33610665482917
0.6312	-307.5278330219303
0.632	-42.73483115460073
0.6328	234.39968586662937
0.6336	457.6383745659482
0.6344000000000001	570.2731958455311
0.6352	173.63004093801482
0.636	383.4337591482342
0.6368	133.7939024963604
0.6376000000000001	-145.84008375362072
0.6384000000000001	-387.5124840177866
0.6392	-530.6100045861689
0.64	-539.514543887885
0.6408	-413.2887858521662
0.6416000000000001	-180.52093759107998
0.6424000000000001	99.11303160171583
0.6432	357.50120189753216
0.644	530.7494615306363
0.6448	579.1777531511738
0.6456000000000001	473.10418030782023
0.6464000000000001	270.17410775515884
0.6472	-7.116648789637464
0.648	-275.6589462865408
0.6488	-474.21458709015127
0.6496000000000001	-553.4181226384868
0.6504	-492.648546644204
0.6512	-307.6840530515457
0.652	-43.04727134097433
0.6528	234.2434656897503
0.6536000000000001	457.48215430894084
0.6544	570.5856364492173
0.6552	163.78817114220595
0.656	382.65265800324596
0.6568	133.95012264088973
0.6576000000000001	-145.84008375362072
0.6584	-386.731383949593
0.6592	-531.3911045281333
0.66	-539.8269838619295
0.6608	-413.2887858521662
0.6616000000000001	-180.67715764920305
0.6624	98.95681146786869
0.6632	357.34498167787234
0.664	530.7494615306363
0.6648000000000001	576.5220079680001
0.6656000000000001	480.60275300219286
0.6664	270.01788756620334
0.6672	-7.741529201301695
0.668	-276.12760639570826
0.6688000000000001	-474.37080708793115
0.6696000000000001	-554.0430025778311
0.6704	-492.96098663347385
0.6712	-308.1527131401949
0.672	-43.51593162021807
0.6728000000000001	234.2434656897503
0.6736000000000001	457.16971379510636
0.6744	570.1169755437841
0.6752	268.4556856795826
0.676	382.34021754565237
0.6768000000000001	133.32524206306354
0.6776	-146.1525238866751
0.6784	-387.20004399059906
0.6792	-531.2348845397901
0.68	-539.983203848915
0.6808000000000001	-413.7574458781245
0.6816	-181.7706980550198
0.6824	98.17571079934217
0.6832	357.03254123872216
0.684	530.7494615306363
0.6848000000000001	575.5846861430815
0.6856	476.8534666375151
0.6864	269.7054471884524
0.6872	-7.116648789637464
0.6880000000000001	-276.12760639570826
0.6888000000000001	-474.21458709015127
0.6896	-553.5743426233589
0.6904	-492.648546644204
0.6912	-308.1527131401949
0.6920000000000001	-42.73483115460073
0.6928000000000001	235.02456657466664
0.6936	457.79459482301564
0.6944	570.4294161473421
0.6952	383.4337591482342
0.6960000000000001	384.5273007536289
0.6968000000000001	133.7939024963604
0.6976	-145.84008375362072
0.6984	-387.3562640042079
0.6992	-531.078664551422
0.7000000000000001	-540.139423835876
0.7008	-413.7574458781245
0.7016	-181.14581782334835
0.7024	98.488151066611
0.7032	357.34498167787234
0.7040000000000001	531.2181223881678
0.7048	577.6155500999967
0.7056	471.07331689381476
0.7064	270.01788756620334
0.7072	-6.647988480432536
0.7080000000000001	-275.971386359353
0.7088	-473.90214709451095
0.7096	-553.5743426233589
0.7104	-492.96098663347385
0.7112	-307.6840530515457
0.7120000000000001	-42.73483115460073
0.7128	234.86834639757913
0.7136	457.6383745659482
0.7144	570.5856364492173
0.7152000000000001	318.1337083148056
0.7160000000000001	383.2775389191217
0.7168	133.63768235187962
0.7176	-145.99630382016718
0.7184	-387.20004399059906
0.7192000000000001	-529.8289046435829
0.7200000000000001	-539.514543887885
0.7208	-412.8201258259465
0.7216	-180.8333777072888
0.7224	99.11303160171583
0.7232000000000001	357.188761458269
0.7240000000000001	531.3743426741369
0.7248	575.1160252314899
0.7256	469.0424534900385
0.7264	269.7054471884524
0.7272000000000001	-7.116648789637464
0.728	-275.34650621359276
0.7288	-474.5270270856842
0.7296	-553.5743426233589
0.7304	-492.648546644204
0.7312000000000001	-307.05917293288735
0.732	-42.89105124780865
0.7328	234.5559060435605
0.7336	457.79459482301564
0.7344	570.4294161473421
0.7352000000000001	177.84798519681212
0.736	383.1213186900667
0.7368	133.48146220744732
0.7376	-145.84008375362072
0.7384000000000001	-387.20004399059906
0.7392000000000001	-531.078664551422
0.74	-539.514543887885
0.7408	-412.9763458347154
0.7416	-181.30203788132218
0.7424000000000001	98.95681146786869
0.7432000000000001	357.188761458269
0.744	531.0619021022612
0.7448	579.1777531511738
0.7456	480.9151935341642
0.7464000000000001	270.01788756620334
0.7472000000000001	-6.960428686612666
0.748	-275.5027262500838
0.7488	-474.37080708793115
0.7496	-553.5743426233589
0.7504000000000001	-492.648546644204
0.7512000000000001	-307.8402730811282
0.752	-42.578611061350585
0.7528	234.2434656897503
0.7536	458.2632555945781
0.7544000000000001	570.4294161473421
0.7552	244.2415571152777
0.756	382.18399731694166
0.7568	133.63768235187962
0.7576	-145.21520348704914
0.7584000000000001	-387.04382397696037
0.7592	-530.9224445630291
0.76	-539.8269838619295
0.7608	-412.9763458347154
0.7616	-181.30203788132218
0.7624000000000001	98.488151066611
0.7632	356.72010079979776
0.764	530.9056818164173
0.7648	579.0215328457664
0.7656000000000001	481.227634066379
0.7664000000000001	187.53363511464482
0.7672	-6.804208583544357
0.768	-276.28382643202957
0.7688	-473.7459270966504
0.7696000000000001	-553.2619026535906
0.7704000000000001	-492.648546644204
0.7712	-307.8402730811282
0.772	-42.73483115460073
0.7728	234.5559060435605
0.7736000000000001	457.79459482301564
0.7744000000000001	570.2731958455311
0.7752	377.18495002845594
0.776	383.2775389191217
0.7768	133.63768235187962
0.7776000000000001	-145.84008375362072
0.7784000000000001	-387.04382397696037
0.7792	-530.7662245746113
0.78	-540.139423835876
0.7808	-413.44500586084797
0.7816000000000001	-181.30203788132218
0.7824	98.64437120031629
0.7832	357.03254123872216
0.784	530.9056818164173
0.7848	573.3976018939312
0.7856000000000001	466.23048879398226
0.7864	270.17410775515884
0.7872	-7.585309098450871
0.788	-276.28382643202957
0.7888000000000001	-474.21458709015127
0.7896000000000001	-553.730562608207
0.7904	-492.49232664952973
0.7912	-307.8402730811282
0.792	-42.73483115460073
0.7928000000000001	234.39968586662937
0.7936000000000001	458.41947585188575
0.7944	570.1169755437841
0.7952	544.0281860462744
0.796	384.37108052411446
0.7968000000000001	133.48146220744732
0.7976000000000001	-145.99630382016718
0.7984	-386.88760396329167
0.7992	-530.4537845977013
0.8	-539.8269838619295
0.8008000000000001	-413.2887858521662
0.8016000000000001	-180.8333777072888
0.8024	98.33193093295296
0.8032	356.4076603610994
0.804	530.7494615306363
0.8048000000000001	569.6483146389272
0.8056000000000001	457.95081508014306
0.8064	269.39300681091487
0.8072	-7.272868892618764
0.808	-275.1902861770679
0.8088000000000001	-473.90214709451095
0.8096	-553.5743426233589
0.8104	-492.1798866601024
0.8112	-308.1527131401949
0.812	-42.422390968058195
0.8128000000000001	234.71212622054375
0.8136	457.79459482301564
0.8144	570.4294161473421
0.8152	185.50277301908062
0.8160000000000001	384.6835209832007
0.8168000000000001	133.32524206306354
0.8176	-145.68386368703568
0.8184	-387.20004399059906
0.8192	-530.9224445630291
0.8200000000000001	-539.514543887885
0.8208000000000001	-413.1325658434553
0.8216	-181.14581782334835
0.8224	98.64437120031629
0.8232	356.87632101923174
0.8240000000000001	530.9056818164173
0.8248000000000001	574.3349237134547
0.8256	465.6056077530711
0.8264	268.76812605648
0.8272	-6.491768377277195
0.8280000000000001	-275.1902861770679
0.8288000000000001	-473.90214709451095
0.8296	-553.5743426233589
0.8304	-492.648546644204
0.8312	-307.8402730811282
0.8320000000000001	-42.73483115460073
0.8328	234.86834639757913
0.8336	457.79459482301564
0.8344	570.5856364492173
0.8352	156.13338365938293
0.8360000000000001	383.2775389191217
0.8368	133.48146220744732
0.8376	-145.68386368703568
0.8384	-387.04382397696037
0.8392000000000001	-530.2975646092091
0.8400000000000001	-539.514543887885
0.8408	-413.7574458781245
0.8416	-181.30203788132218
0.8424	98.80059133406886
0.8432000000000001	356.87632101923174
0.8440000000000001	531.6867832462632
0.8448	569.0234334333483
0.8456	458.10703533733056
0.8464	268.92434624500873
0.8472000000000001	-6.960428686612666
0.8480000000000001	-275.34650621359276
0.8488	-474.21458709015127
0.8496	-553.5743426233589
0.8504	-492.96098663347385
0.8512000000000001	-307.996493110678
0.8520000000000001	-43.359711527179044
0.8528	234.08724551292335
0.8536	457.79459482301564
0.8544	569.9607552421011
0.8552000000000001	149.4159171903911
0.8560000000000001	383.7461996066312
0.8568	133.7939024963604
0.8576	-145.68386368703568
0.8584	-387.66870403133544
0.8592000000000001	-530.4537845977013
0.86	-540.139423835876
0.8608	-413.44500586084797
0.8616	-181.45825793925866
0.8624	98.488151066611
0.8632000000000001	356.56388058042035
0.864	531.3743426741369
0.8648	572.1478394714935
0.8656	458.8881366241691
0.8664000000000001	268.92434624500873
0.8672000000000001	-7.272868892618764
0.868	-275.1902861770679
0.8688	-474.5270270856842
0.8696	-553.8867825930311
0.8704000000000001	-492.80476663885196
0.8712000000000001	-307.6840530515457
0.872	-42.73483115460073
0.8728	234.2434656897503
0.8736	457.6383745659482
0.8744000000000001	570.2731958455311
0.8752000000000001	369.9988196538018
0.876	384.6835209832007
0.8768	133.48146220744732
0.8776	-145.99630382016718
0.8784000000000001	-387.04382397696037
0.8792000000000001	-530.7662245746113
0.88	-539.8269838619295
0.8808	-413.44500586084797
0.8816	-181.6144779971579
0.8824000000000001	98.488151066611
0.8832000000000001	357.03254123872216
0.884	531.3743426741369
0.8848	573.5538221970247
0.8856	478.2594490201656
0.8864000000000001	269.08056643359083
0.8872	-6.804208583544357
0.888	-275.34650621359276
0.8888	-473.90214709451095
0.8896000000000001	-553.1056826686704
0.8904000000000001	-492.33610665482917
0.8912	-307.6840530515457
0.892	-42.422390968058195
0.8928	234.2434656897503
0.8936000000000001	458.10703533733056
0.8944000000000001	570.2731958455311
0.8952	143.1671112541993
0.896	384.21486029465746
0.8968	134.10634278546755
0.8976000000000001	-145.84008375362072
0.8984000000000001	-386.88760396329167
0.8992	-530.4537845977013
0.9	-540.139423835876
0.9008	-413.2887858521662
0.9016000000000001	-181.30203788132218
0.9024000000000001	98.80059133406886
0.9032	357.188761458269
0.904	531.2181223881678
0.9048	572.7727206821992
0.9056000000000001	465.13694697302117
0.9064000000000001	269.08056643359083
0.9072	-7.429088995556562
0.908	-275.5027262500838
0.9088	-474.21458709015127
0.9096000000000001	-553.8867825930311
0.9104000000000001	-492.648546644204
0.9112	-307.996493110678
0.912	-42.578611061350585
0.9128000000000001	234.5559060435605
0.9136000000000001	458.10703533733056
0.9144	570.5856364492173
0.9152	149.10347689171954
0.916	383.2775389191217
0.9168000000000001	133.63768235187962
0.9176000000000001	-145.84008375362072
0.9184	-387.3562640042079
0.9192	-531.078664551422
0.92	-540.139423835876
0.9208000000000001	-413.7574458781245
0.9216000000000001	-181.45825793925866
0.9224	98.488151066611
0.9232	356.56388058042035
0.924	530.9056818164173
0.9248000000000001	574.3349237134547
0.9256000000000001	474.66638294094656
0.9264	269.39300681091487
0.9272	-7.116648789637464
0.928	-275.5027262500838
0.9288000000000001	-473.90214709451095
0.9296000000000001	-554.1992225626071
0.9304	-492.49232664952973
0.9312	-307.8402730811282
0.932	-43.51593162021807
0.9328000000000001	234.39968586662937
0.9336000000000001	457.48215430894084
0.9344	570.2731958455311
0.9352	216.74680620765903
0.936	382.34021754565237
0.9368000000000001	133.48146220744732
0.9376000000000001	-145.84008375362072
0.9384	-386.88760396329167
0.9392	-530.6100045861689
0.9400000000000001	-539.6707638749195
0.9408000000000001	-413.60122586950075
0.9416	-181.6144779971579
0.9424	98.33193093295296
0.9432	356.72010079979776
0.9440000000000001	530.4370209592619
0.9448000000000001	578.0842110146741
0.9456	501.2238286366743
0.9464	269.7054471884524
0.9472	-6.960428686612666
0.9480000000000001	-276.12760639570826
0.9488000000000001	-474.21458709015127
0.9496	-554.0430025778311
0.9504	-492.80476663885196
0.9512	-308.1527131401949
0.9520000000000001	-42.578611061350585
0.9528000000000001	234.86834639757913
0.9536	458.10703533733056
0.9544	570.1169755437841
0.9552	220.02742981113298
0.9560000000000001	382.80887823212885
0.9568000000000001	133.48146220744732
0.9576	-145.84008375362072
0.9584	-387.04382397696037
0.9592	-530.4537845977013
0.9600000000000001	-539.514543887885
0.9608000000000001	-413.2887858521662
0.9616	-181.30203788132218
0.9624	98.488151066611
0.9632000000000001	357.03254123872216
0.9640000000000001	531.0619021022612
0.9648	577.9279907097173
0.9656	468.88623322863293
0.9664	269.549226999657
0.9672000000000001	-6.960428686612666
0.9680000000000001	-275.6589462865408
0.9688	-473.90214709451095
0.9696	-553.730562608207
0.9704	-492.1798866601024
0.9712000000000001	-307.8402730811282
0.9720000000000001	-42.73483115460073
0.9728	234.86834639757913
0.9736	457.79459482301564
0.9744	569.9607552421011
0.9752000000000001	292.2011549348262
0.9760000000000001	383.4337591482342
0.9768	133.7939024963604
0.9776	-145.84008375362072
0.9784	-386.731383949593
0.9792000000000001	-530.9224445630291
0.9800000000000001	-539.8269838619295
0.9808	-413.1325658434553
0.9816	-181.45825793925866
0.9824	98.80059133406886
0.9832000000000001	357.50120189753216
0.9840000000000001	530.9056818164173
0.9848	578.5528719299306
0.9856	487.1640042247876
0.9864	270.3303279441677
0.9872000000000001	-7.272868892618764
0.9880000000000001	-276.44004646831684
0.9888	-474.05836709234455
0.9896	-554.0430025778311
0.9904000000000001	-492.648546644204
0.9912000000000001	-307.3716129922821
0.992	-42.73483115460073
0.9928	234.5559060435605
0.9936	457.79459482301564
0.9944000000000001	569.9607552421011
0.9952000000000001	305.4798718389378
0.996	381.5591164026723
0.9968	129.2635183260937
0.9976	-145.84008375362072
0.9984000000000001	-386.1065038944983
0.9992000000000001	-530.4537845977013
