0	-433.35221483706266
0.0008	-182.4628346995983
0.0016	108.26278063182069
0.0024000000000000002	369.30671906467023
0.0032	585.2031439050301
0.004	613.7914639693809
0.0048000000000000004	435.2316641271732
0.0056	203.71329988530195
0.0064	-83.41930491889589
0.007200000000000001	-354.461105227808
0.008	-545.3619557106837
0.0088	-30.148251252298973
0.009600000000000001	-525.2095765821385
0.010400000000000001	-317.9056180215229
0.0112	-37.02193587853817
0.012	246.0489700737178
0.0128	516.1537678547932
0.013600000000000001	605.8242270066644
0.014400000000000001	509.2800749965397
0.0152	330.56410217717564
0.016	62.49027957997433
0.016800000000000002	-225.2671313445635
0.0176	-464.28377650902775
0.0184	-572.3880138765826
0.019200000000000002	-560.827734752867
0.02	-433.8208748709274
0.020800000000000003	-182.15039456762244
0.0216	108.26278063182069
0.0224	366.1823143455887
0.023200000000000002	564.1134010097138
0.024	613.6352436351104
0.024800000000000003	435.5441046504075
0.0256	203.71329988530195
0.0264	-83.10686473589169
0.027200000000000002	-354.61732525475213
0.028	-545.9868356768028
0.028800000000000003	-189.49273762845252
0.0296	-525.6782365667912
0.0304	-318.0618380561888
0.031200000000000002	-36.8657157743367
0.032	246.0489700737178
0.0328	521.9339187623233
0.033600000000000005	628.0075146684214
0.0344	512.4044808260271
0.0352	330.25166173270463
0.036000000000000004	61.86539904789217
0.0368	-225.2671313445635
0.0376	-463.6588964864308
0.038400000000000004	-573.0128938253594
0.0392	-560.3590747855194
0.04	-433.6646548596687
0.0408	-182.15039456762244
0.041600000000000005	108.73144107358657
0.0424	365.55743340455825
0.0432	491.78340281661076
0.044000000000000004	604.8869050224434
0.0448	435.5441046504075
0.0456	204.18196041969503
0.046400000000000004	-83.41930491889589
0.0472	-354.773545281664
0.048	-546.1430556682689
0.0488	-94.35471121851829
0.049600000000000005	-525.0533565872018
0.0504	-317.7493979868235
0.0512	-36.8657157743367
0.052000000000000005	245.8927498813351
0.0528	488.65899715289436
0.0536	622.8522434715867
0.054400000000000004	511.15471849120036
0.055200000000000006	329.9392212884606
0.056	62.49027957997433
0.0568	-225.5795714557221
0.057600000000000005	-463.97133649778624
0.0584	-573.9502137477875
0.0592	-558.0157749454007
0.060000000000000005	-433.6646548596687
0.0608	-182.61905476552852
0.0616	108.88766122093956
0.062400000000000004	365.0887726993942
0.0632	473.974290866867
0.064	613.7914639693809
0.0648	435.2316641271732
0.0656	204.02574024151176
0.0664	-83.10686473589169
0.06720000000000001	-354.461105227808
0.068	-545.6743956937943
0.0688	-205.11474386063185
0.06960000000000001	-524.5846966022339
0.0704	-318.0618380561888
0.0712	-37.02193587853817
0.07200000000000001	245.8927498813351
0.0728	507.0929909309199
0.0736	611.9168199625439
0.07440000000000001	509.5925155783518
0.0752	331.1889830667985
0.076	62.17783931383889
0.07680000000000001	-225.42335140016127
0.0776	-464.1275565034212
0.0784	-583.9482928656358
0.0792	-557.2346749974403
0.08	-433.8208748709274
0.08080000000000001	-182.61905476552852
0.0816	108.73144107358657
0.0824	364.93255246445557
0.08320000000000001	518.4970722662964
0.084	613.0103622986967
0.0848	436.0127654357128
0.08560000000000001	203.86952006338075
0.0864	-83.10686473589169
0.0872	-354.461105227808
0.08800000000000001	-545.6743956937943
0.0888	-204.64608367917492
0.0896	-524.1160366170294
0.09040000000000001	-317.59317795209034
0.0912	-36.8657157743367
0.092	245.8927498813351
0.09280000000000001	503.4999242784976
0.0936	600.3565154657732
0.0944	508.81141412429474
0.0952	330.8765426218736
0.096	62.95893997953149
0.09680000000000001	-225.2671313445635
0.0976	-463.6588964864308
0.0984	-599.7265112725842
0.09920000000000001	-572.3880138765826
0.1	-433.6646548596687
0.1008	-182.3066146336296
0.10160000000000001	108.10656048466306
0.1024	364.1514512906313
0.1032	474.91161252832217
0.10400000000000001	612.5417012970876
0.1048	435.2316641271732
0.1056	203.5570797072754
0.10640000000000001	-83.57552501033499
0.1072	-354.773545281664
0.108	-545.9868356768028
0.10880000000000001	-219.48698926142285
0.1096	-524.4284766071921
0.11040000000000001	-318.37427812541944
0.11120000000000001	-36.70949567009157
0.112	245.5803094967308
0.11280000000000001	496.7824519305593
0.1136	594.8888040061561
0.1144	508.81141412429474
0.11520000000000001	330.56410217717564
0.116	62.02161918084194
0.1168	-225.5795714557221
0.11760000000000001	-464.43999651460587
0.1184	-586.7602525996232
0.1192	-557.703334966292
0.12000000000000001	-434.28953490452636
0.1208	-182.77527483142026
0.1216	108.10656048466306
0.12240000000000001	364.7763322295748
0.1232	416.3290129198146
0.124	609.8859556326515
0.12480000000000001	435.2316641271732
0.12560000000000002	204.02574024151176
0.1264	-83.57552501033499
0.1272	-354.461105227808
0.128	-545.9868356768028
0.1288	-219.01832909029397
0.1296	-524.1160366170294
0.13040000000000002	-318.2180580908209
0.1312	-36.70949567009157
0.132	246.2051902661543
0.1328	466.3194973815475
0.1336	627.5388536475006
0.13440000000000002	511.6233793662865
0.13520000000000001	330.56410217717564
0.136	62.33405944688302
0.1368	-225.5795714557221
0.1376	-463.81511649212274
0.1384	-580.0427932220945
0.13920000000000002	-557.2346749974403
0.14	-433.97709488215656
0.1408	-182.61905476552852
0.1416	108.73144107358657
0.1424	366.1823143455887
0.1432	348.37320788856255
0.14400000000000002	600.8251764518044
0.1448	436.325205959552
0.1456	203.5570797072754
0.1464	-82.95064464432659
0.1472	-353.6800050926019
0.14800000000000002	-545.9868356768028
0.14880000000000002	-56.8618887592143
0.1496	-524.1160366170294
0.1504	-317.9056180215229
0.1512	-37.17815598269599
0.152	246.0489700737178
0.15280000000000002	466.4757176552781
0.15360000000000001	628.9448367120814
0.1544	512.5607011181647
0.1552	330.56410217717564
0.156	62.49027957997433
0.1568	-225.5795714557221
0.15760000000000002	-463.6588964864308
0.1584	-587.0726925695841
0.1592	-560.671514763776
0.16	-433.19599482571533
0.1608	-182.3066146336296
0.16160000000000002	108.57522092628246
0.16240000000000002	365.55743340455825
0.1632	358.5275228818116
0.164	613.7914639693809
0.1648	435.70032491211555
0.1656	204.02574024151176
0.16640000000000002	-82.95064464432659
0.16720000000000002	-354.461105227808
0.168	-545.6743956937943
0.1688	-121.06834575402954
0.1696	-523.8035966267615
0.1704	-317.7493979868235
0.17120000000000002	-37.02193587853817
0.17200000000000001	246.36141045864454
0.1728	472.09964755063504
0.1736	609.2610743026448
0.1744	509.12385470572826
0.1752	331.0327628443077
0.17600000000000002	62.49027957997433
0.1768	-225.2671313445635
0.1776	-463.0340164633785
0.1784	-593.1652719646326
0.1792	-562.5461546312174
0.18000000000000002	-434.28953490452636
0.18080000000000002	-181.83795443549263
0.1816	108.73144107358657
0.1824	365.55743340455825
0.1832	412.73594708715723
0.184	591.7643974942021
0.18480000000000002	436.1689856976021
0.18560000000000001	204.02574024151176
0.1864	-83.2630848274148
0.1872	-353.99244514678145
0.188	-545.5181757022517
0.1888	-192.46091884181027
0.18960000000000002	-523.8035966267615
0.1904	-317.43695791732364
0.1912	-36.8657157743367
0.192	246.2051902661543
0.1928	473.81807059017433
0.19360000000000002	603.4809220506008
0.19440000000000002	509.7487358693526
0.1952	331.1889830667985
0.196	62.49027957997433
0.1968	-225.5795714557221
0.1976	-463.81511649212274
0.19840000000000002	-585.1980527483734
0.19920000000000002	-557.0784550077728
0.2	-433.8208748709274
0.2008	-182.15039456762244
0.2016	108.73144107358657
0.2024	365.0887726993942
0.20320000000000002	414.766810379994
0.20400000000000001	603.6371423805398
0.2048	435.70032491211555
0.2056	203.5570797072754
0.2064	-83.2630848274148
0.20720000000000002	-354.61732525475213
0.20800000000000002	-546.1430556682689
0.2088	-187.93053698430307
0.2096	-524.1160366170294
0.2104	-317.9056180215229
0.2112	-36.55327556580278
0.21200000000000002	245.42408930450918
0.21280000000000002	459.13336485641105
0.2136	624.726887534692
0.2144	511.6233793662865
0.2152	330.4078819549118
0.216	62.17783931383889
0.21680000000000002	-225.5795714557221
0.21760000000000002	-464.28377650902775
0.2184	-579.8865732360372
0.2192	-557.703334966292
0.22	-433.97709488215656
0.22080000000000002	-182.15039456762244
0.22160000000000002	108.57522092628246
0.22240000000000001	366.02609411024406
0.2232	284.01047842894764
0.224	608.0113116458311
0.2248	435.5441046504075
0.22560000000000002	203.5570797072754
0.22640000000000002	-83.41930491889589
0.2272	-354.61732525475213
0.228	-545.8306156853114
0.2288	-39.67767764328886
0.2296	-523.3349366411622
0.23040000000000002	-317.9056180215229
0.23120000000000002	-36.8657157743367
0.232	246.0489700737178
0.2328	446.0108623188345
0.2336	609.8859556326515
0.23440000000000003	510.5298373253032
0.23520000000000002	330.56410217717564
0.23600000000000002	62.33405944688302
0.2368	-225.42335140016127
0.2376	-463.6588964864308
0.2384	-581.6049930813302
0.23920000000000002	-560.5152947746602
0.24000000000000002	-433.8208748709274
0.24080000000000001	-182.4628346995983
0.2416	108.88766122093956
0.2424	366.494754816452
0.2432	293.3836908661301
0.24400000000000002	609.5735149675148
0.24480000000000002	435.70032491211555
0.2456	203.71329988530195
0.2464	-83.57552501033499
0.2472	-354.773545281664
0.248	-545.8306156853114
0.24880000000000002	-102.00949550682225
0.24960000000000002	-523.647376631588
0.2504	-317.59317795209034
0.25120000000000003	-36.8657157743367
0.252	246.83007103643772
0.2528	456.16517972087985
0.2536	614.4163453071312
0.2544	509.9049561604164
0.25520000000000004	330.72032239949624
0.256	62.17783931383889
0.25680000000000003	-225.5795714557221
0.2576	-463.81511649212274
0.2584	-581.2925531096773
0.2592	-560.2028547963534
0.26	-433.97709488215656
0.26080000000000003	-182.15039456762244
0.2616	108.41900077902717
0.2624	367.4320762304344
0.2632	444.9173204601296
0.264	597.8569902170209
0.26480000000000004	435.8565451738839
0.2656	203.71329988530195
0.2664	-83.41930491889589
0.2672	-354.1486651738227
0.268	-545.8306156853114
0.26880000000000004	-97.16667280538856
0.2696	-523.3349366411622
0.27040000000000003	-317.1245178476891
0.2712	-36.39705546147031
0.272	246.67385084378625
0.2728	456.32139999061974
0.2736	600.2002951372287
0.27440000000000003	510.3736170339869
0.2752	331.0327628443077
0.276	62.49027957997433
0.2768	-225.2671313445635
0.2776	-463.34645647496166
0.27840000000000004	-580.6676731660802
0.2792	-560.0466348071626
0.28	-434.1333148933562
0.2808	-182.3066146336296
0.2816	108.73144107358657
0.28240000000000004	367.1196357588747
0.2832	315.41074088091864
0.28400000000000003	610.04217596532
0.2848	436.63764648363343
0.2856	203.5570797072754
0.2864	-83.2630848274148
0.2872	-354.3048852008315
0.28800000000000003	-545.8306156853114
0.2888	-80.76356335800067
0.2896	-524.4284766071921
0.2904	-317.7493979868235
0.2912	-36.55327556580278
0.29200000000000004	246.0489700737178
0.2928	446.6357433822902
0.2936	618.478074028594
0.2944	511.4671590745278
0.2952	330.4078819549118
0.29600000000000004	62.02161918084194
0.2968	-225.89201156673295
0.29760000000000003	-463.5026764807105
0.2984	-578.0119334014518
0.2992	-557.3908949870826
0.3	-434.44575491566707
0.3008	-182.3066146336296
0.30160000000000003	108.10656048466306
0.3024	366.494754816452
0.3032	321.1908889415744
0.304	609.8859556326515
0.3048	436.1689856976021
0.30560000000000004	204.02574024151176
0.3064	-83.10686473589169
0.30720000000000003	-354.461105227808
0.308	-545.9868356768028
0.3088	-0.6226504080225617
0.30960000000000004	-523.647376631588
0.3104	-318.2180580908209
0.31120000000000003	-37.17815598269599
0.312	246.0489700737178
0.3128	442.7302367516572
0.3136	614.2601249725933
0.3144	512.2482605339525
0.31520000000000004	330.4078819549118
0.316	62.49027957997433
0.3168	-225.2671313445635
0.3176	-463.0340164633785
0.3184	-575.8248535899953
0.31920000000000004	-560.5152947746602
0.32	-434.28953490452636
0.32080000000000003	-182.4628346995983
0.3216	108.57522092628246
0.3224	367.58829646630124
0.32320000000000004	352.27871362642617
0.324	598.3256511998692
0.32480000000000003	436.0127654357128
0.3256	203.5570797072754
0.3264	-83.2630848274148
0.3272	-353.99244514678145
0.328	-546.2992756597092
0.32880000000000004	-35.303514729919854
0.3296	-524.1160366170294
0.3304	-318.0618380561888
0.3312	-36.8657157743367
0.332	246.36141045864454
0.33280000000000004	446.4795231163349
0.3336	610.8232776296622
0.33440000000000003	510.6860576166828
0.3352	331.1889830667985
0.336	62.02161918084194
0.33680000000000004	-225.42335140016127
0.3376	-463.6588964864308
0.33840000000000003	-580.6676731660802
0.3392	-558.4844349138757
0.34	-434.28953490452636
0.3408	-182.15039456762244
0.3416	108.73144107358657
0.34240000000000004	367.4320762304344
0.3432	427.1082106078439
0.34400000000000003	599.2629731673554
0.3448	436.1689856976021
0.3456	204.18196041969503
0.34640000000000004	-83.10686473589169
0.3472	-354.61732525475213
0.34800000000000003	-545.9868356768028
0.3488	-32.17911262796642
0.3496	-523.3349366411622
0.3504	-318.0618380561888
0.3512	-37.02193587853817
0.35200000000000004	246.2051902661543
0.3528	452.25967299726267
0.3536	608.3237523096348
0.3544	510.5298373253032
0.3552	330.72032239949624
0.35600000000000004	62.49027957997433
0.3568	-225.5795714557221
0.35760000000000003	-463.34645647496166
0.3584	-575.512413616539
0.3592	-560.827734752867
0.36000000000000004	-434.44575491566707
0.3608	-182.3066146336296
0.36160000000000003	108.73144107358657
0.3624	367.4320762304344
0.3632	317.91026435714934
0.364	609.7297353000499
0.3648	435.70032491211555
0.36560000000000004	204.33818059793052
0.3664	-83.10686473589169
0.3672	-354.1486651738227
0.368	-545.6743956937943
0.3688	-46.0827018477145
0.36960000000000004	-523.8035966267615
0.3704	-318.0618380561888
0.37120000000000003	-37.490596190880694
0.372	246.67385084378625
0.3728	451.79101219299537
0.37360000000000004	620.6651587435177
0.3744	511.77959965810817
0.37520000000000003	330.8765426218736
0.376	62.80271984629856
0.3768	-225.5795714557221
0.3776	-463.34645647496166
0.3784	-575.1999736429848
0.37920000000000004	-560.2028547963534
0.38	-434.28953490452636
0.3808	-182.4628346995983
0.3816	108.57522092628246
0.3824	366.80719528754736
0.38320000000000004	395.7079398735238
0.384	597.3883292347688
0.38480000000000003	436.0127654357128
0.3856	204.33818059793052
0.3864	-83.41930491889589
0.38720000000000004	-354.61732525475213
0.388	-545.6743956937943
0.38880000000000003	18.436203897378764
0.3896	-523.1787166459098
0.3904	-318.2180580908209
0.3912	-37.17815598269599
0.392	245.8927498813351
0.39280000000000004	451.79101219299537
0.3936	619.884057058108
0.39440000000000003	512.0920402419412
0.3952	330.8765426218736
0.396	62.33405944688302
0.39680000000000004	-225.11091128892878
0.3976	-463.0340164633785
0.39840000000000003	-579.7303532499557
0.3992	-559.2655348608323
0.4	-434.28953490452636
0.40080000000000005	-182.3066146336296
0.4016	108.57522092628246
0.40240000000000004	367.58829646630124
0.4032	530.8384757361762
0.404	598.9505325112615
0.4048	435.38788438876014
0.4056	203.71329988530195
0.40640000000000004	-83.10686473589169
0.4072	-354.1486651738227
0.40800000000000003	-545.6743956937943
0.4088	-1.4037509799694057
0.4096	-524.1160366170294
0.41040000000000004	-317.9056180215229
0.4112	-37.17815598269599
0.41200000000000003	246.2051902661543
0.4128	464.2886338286509
0.4136	617.2283113402481
0.41440000000000005	510.9984981996313
0.4152	330.8765426218736
0.41600000000000004	63.11516011281164
0.4168	-225.11091128892878
0.4176	-463.6588964864308
0.4184	-575.6686336032794
0.4192	-561.7650546868872
0.42000000000000004	-433.97709488215656
0.4208	-182.61905476552852
0.42160000000000003	108.26278063182069
0.4224	368.05695717425033
0.4232	531.3071366352762
0.42400000000000004	594.2639227016499
0.4248	435.5441046504075
0.42560000000000003	203.5570797072754
0.4264	-83.10686473589169
0.4272	-353.99244514678145
0.42800000000000005	-546.1430556682689
0.4288	16.561562460340053
0.42960000000000004	-523.1787166459098
0.4304	-317.7493979868235
0.4312	-36.55327556580278
0.432	246.67385084378625
0.4328	464.2886338286509
0.43360000000000004	600.3565154657732
0.4344	510.5298373253032
0.43520000000000003	330.72032239949624
0.436	62.49027957997433
0.4368	-225.735791511246
0.43760000000000004	-463.6588964864308
0.4384	-573.3253337996003
0.43920000000000003	-561.9212746758033
0.44	-434.6019749267782
0.4408	-181.83795443549263
0.44160000000000005	108.57522092628246
0.4424	367.58829646630124
0.44320000000000004	531.1509163355123
0.444	598.9505325112615
0.44480000000000003	435.5441046504075
0.4456	204.02574024151176
0.4464	-83.2630848274148
0.44720000000000004	-353.99244514678145
0.448	-545.8306156853114
0.44880000000000003	31.55869414115725
0.4496	-524.2722566121239
0.4504	-317.7493979868235
0.45120000000000005	-36.39705546147031
0.452	246.36141045864454
0.45280000000000004	454.1343162198299
0.4536	624.1020061792487
0.4544	515.9975475611999
0.45520000000000005	330.56410217717564
0.456	62.33405944688302
0.45680000000000004	-225.5795714557221
0.4576	-463.5026764807105
0.45840000000000003	-573.0128938253594
0.4592	-563.1710345862325
0.46	-434.914414948912
0.46080000000000004	-182.4628346995983
0.4616	108.26278063182069
0.46240000000000003	367.74451670222624
0.4632	318.3789250105462
0.464	562.3949775669645
0.46480000000000005	436.0127654357128
0.4656	203.5570797072754
0.46640000000000004	-82.95064464432659
0.4672	-353.8362251197079
0.468	-544.5808557524597
0.46880000000000005	47.96180740363964
0.4696	-523.8035966267615
0.47040000000000004	-317.7493979868235
0.4712	-37.02193587853817
0.47200000000000003	246.36141045864454
0.4728	447.10440418052104
0.4736	610.1983962980551
0.47440000000000004	516.1537678547932
0.4752	330.72032239949624
0.47600000000000003	62.17783931383889
0.4768	-225.5795714557221
0.4776	-463.34645647496166
0.47840000000000005	-579.4179132777197
0.4792	-565.0456744488871
0.48000000000000004	-434.6019749267782
0.4808	-182.3066146336296
0.48160000000000003	108.57522092628246
0.4824	367.4320762304344
0.4832	529.7449336405112
0.48400000000000004	544.5858623492868
0.4848	435.5441046504075
0.48560000000000003	203.40085952930107
0.4864	-83.41930491889589
0.4872	-353.99244514678145
0.48800000000000004	-543.4873158098715
0.4888	14.21826067326656
0.48960000000000004	-524.1160366170294
0.4904	-318.0618380561888
0.4912	-36.70949567009157
0.49200000000000005	245.8927498813351
0.4928	464.2886338286509
0.49360000000000004	620.0402773950558
0.4944	515.6851069742036
0.49520000000000003	331.0327628443077
0.496	62.17783931383889
0.4968	-224.64225112180284
0.49760000000000004	-463.5026764807105
0.4984	-579.8865732360372
0.49920000000000003	-565.20189443728
0.5	-434.28953490452636
0.5008	-182.15039456762244
0.5016	108.57522092628246
0.5024000000000001	367.1196357588747
0.5032	530.8384757361762
0.504	582.3911781166587
0.5048	436.0127654357128
0.5056	203.71329988530195
0.5064000000000001	-82.79442455271946
0.5072	-354.3048852008315
0.508	-545.9868356768028
0.5088	34.37065637845508
0.5096	-523.8035966267615
0.5104000000000001	-318.0618380561888
0.5112	-36.8657157743367
0.512	246.51763065118857
0.5128	464.75729464762713
0.5136000000000001	620.0402773950558
0.5144000000000001	515.5288866808002
0.5152	330.8765426218736
0.516	62.646499713112846
0.5168	-225.5795714557221
0.5176000000000001	-463.19023646918436
0.5184	-576.9183934963221
0.5192	-564.7332344720269
0.52	-434.6019749267782
0.5208	-182.4628346995983
0.5216000000000001	108.26278063182069
0.5224	367.4320762304344
0.5232	529.4324930423244
0.524	577.7045685166662
0.5248	435.70032491211555
0.5256000000000001	204.18196041969503
0.5264	-82.95064464432659
0.5272	-353.5237850654636
0.528	-545.5181757022517
0.5288	28.902952041867426
0.5296000000000001	-523.8035966267615
0.5304	-318.0618380561888
0.5312	-36.24083535709417
0.532	246.36141045864454
0.5328	463.8199730102281
0.5336000000000001	617.3845316760569
0.5344	513.4980228723191
0.5352	330.56410217717564
0.536	62.17783931383889
0.5368	-224.79847117754846
0.5376000000000001	-463.19023646918436
0.5384	-571.4506939526796
0.5392	-559.2655348608323
0.54	-434.44575491566707
0.5408000000000001	-182.3066146336296
0.5416000000000001	108.57522092628246
0.5424	367.4320762304344
0.5432	473.81807059017433
0.544	589.7335332756004
0.5448000000000001	435.0754438656466
0.5456	203.71329988530195
0.5464	-82.6382044610703
0.5472	-354.461105227808
0.548	-545.9868356768028
0.5488000000000001	-65.14155392910598
0.5496	-524.5846966022339
0.5504	-317.7493979868235
0.5512	-37.17815598269599
0.552	246.51763065118857
0.5528000000000001	454.2905364887744
0.5536	612.6979216308905
0.5544	512.5607011181647
0.5552	330.8765426218736
0.556	62.17783931383889
0.5568000000000001	-224.79847117754846
0.5576	-463.5026764807105
0.5584	-574.4188737086703
0.5592	-560.5152947746602
0.56	-433.8208748709274
0.5608000000000001	-182.61905476552852
0.5616	108.26278063182069
0.5624	367.58829646630124
0.5632	529.7449336405112
0.5640000000000001	588.6399910086643
0.5648000000000001	434.91922360418056
0.5656	203.71329988530195
0.5664	-83.41930491889589
0.5672	-355.08598533539055
0.5680000000000001	-546.4554956511242
0.5688	-124.66140761777294
0.5696	-524.8971365922388
0.5704	-317.59317795209034
0.5712	-37.02193587853817
0.5720000000000001	246.2051902661543
0.5728	464.13241355578185
0.5736	603.0122610611832
0.5744	510.2173967427336
0.5752	331.34520328934616
0.5760000000000001	62.17783931383889
0.5768	-224.9546912332571
0.5776	-463.5026764807105
0.5784	-581.4487730955159
0.5792	-557.2346749974403
0.5800000000000001	-434.6019749267782
0.5808	-182.61905476552852
0.5816	108.57522092628246
0.5824	366.963415523182
0.5832	531.6195772349956
0.5840000000000001	603.0122610611832
0.5848	435.5441046504075
0.5856	203.86952006338075
0.5864	-83.57552501033499
0.5872	-354.1486651738227
0.5880000000000001	-545.9868356768028
0.5888	-85.29394601339453
0.5896	-524.2722566121239
0.5904	-317.28073788252317
0.5912000000000001	-36.8657157743367
0.5920000000000001	245.8927498813351
0.5928	464.13241355578185
0.5936	559.8954525733657
0.5944	511.15471849120036
0.5952000000000001	331.0327628443077
0.596	62.17783931383889
0.5968	-224.64225112180284
0.5976	-463.5026764807105
0.5984	-575.1999736429848
0.5992000000000001	-558.4844349138757
0.6	-433.97709488215656
0.6008	-182.15039456762244
0.6016	108.26278063182069
0.6024	367.27585599462554
0.6032000000000001	531.6195772349956
0.604	603.0122610611832
0.6048	435.2316641271732
0.6056	204.02574024151176
0.6064	-83.10686473589169
0.6072000000000001	-354.3048852008315
0.608	-545.6743956937943
0.6088	3.5952926999258743
0.6096	-524.7409165972495
0.6104	-318.2180580908209
0.6112000000000001	-37.02193587853817
0.612	246.51763065118857
0.6128	464.60107437457356
0.6136	616.7596503332232
0.6144000000000001	513.341802579802
0.6152000000000001	330.56410217717564
0.616	62.33405944688302
0.6168	-224.64225112180284
0.6176	-463.34645647496166
0.6184000000000001	-570.3571540403389
0.6192000000000001	-562.7023746200085
0.62	-435.07063495993464
0.6208	-182.15039456762244
0.6216	108.10656048466306
0.6224000000000001	367.1196357588747
0.6232	421.79672185631125
0.624	590.3584145724437
0.6248	435.70032491211555
0.6256	203.86952006338075
0.6264000000000001	-83.41930491889589
0.6272	-354.773545281664
0.628	-545.5181757022517
0.6288	-29.210930614874115
0.6296	-524.4284766071921
0.6304000000000001	-317.43695791732364
0.6312	-36.8657157743367
0.632	246.67385084378625
0.6328	449.29148791284695
0.6336	609.2610743026448
0.6344000000000001	513.4980228723191
0.6352	331.6576437346117
0.636	62.80271984629856
0.6368	-225.11091128892878
0.6376000000000001	-463.34645647496166
0.6384000000000001	-568.9511741512677
0.6392	-563.0148145975161
0.64	-433.8208748709274
0.6408	-181.9941745015768
0.6416000000000001	107.79412019049427
0.6424000000000001	366.80719528754736
0.6432	531.3071366352762
0.644	589.8897535997122
0.6448	435.2316641271732
0.6456000000000001	204.02574024151176
0.6464000000000001	-82.95064464432659
0.6472	-354.61732525475213
0.648	-545.9868356768028
0.6488	-123.25542689103932
0.6496000000000001	-524.2722566121239
0.6504	-317.1245178476891
0.6512	-36.8657157743367
0.652	246.2051902661543
0.6528	463.8199730102281
0.6536000000000001	597.0758885802653
0.6544	511.77959965810817
0.6552	330.8765426218736
0.656	62.02161918084194
0.6568	-225.735791511246
0.6576000000000001	-464.1275565034212
0.6584	-586.7602525996232
0.6592	-558.0157749454007
0.66	-434.6019749267782
0.6608	-182.4628346995983
0.6616000000000001	107.95034033755424
0.6624	367.4320762304344
0.6632	530.9946960358122
0.664	553.6466401620132
0.6648000000000001	435.70032491211555
0.6656000000000001	203.86952006338075
0.6664	-83.2630848274148
0.6672	-354.92976530854344
0.668	-545.9868356768028
0.6688000000000001	-310.7194963904283
0.6696000000000001	-524.5846966022339
0.6704	-317.59317795209034
0.6712	-36.70949567009157
0.672	246.36141045864454
0.6728000000000001	464.13241355578185
0.6736000000000001	559.5830119503347
0.6744	510.9984981996313
0.6752	331.5014235119505
0.676	62.17783931383889
0.6768000000000001	-225.2671313445635
0.6776	-463.6588964864308
0.6784	-583.4796329092105
0.6792	-560.671514763776
0.68	-434.44575491566707
0.6808000000000001	-181.68173436937002
0.6816	108.41900077902717
0.6824	367.58829646630124
0.6832	531.3071366352762
0.684	553.6466401620132
0.6848000000000001	434.91922360418056
0.6856	204.18196041969503
0.6864	-83.10686473589169
0.6872	-354.461105227808
0.6880000000000001	-545.6743956937943
0.6888000000000001	-127.3171489815376
0.6896	-524.2722566121239
0.6904	-318.2180580908209
0.6912	-37.02193587853817
0.6920000000000001	246.83007103643772
0.6928000000000001	464.13241355578185
0.6936	609.5735149675148
0.6944	511.4671590745278
0.6952	330.8765426218736
0.6960000000000001	62.646499713112846
0.6968000000000001	-225.89201156673295
0.6976	-463.81511649212274
0.6984	-569.2636141267898
0.6992	-563.4834745635906
0.7000000000000001	-434.44575491566707
0.7008	-182.3066146336296
0.7016	108.26278063182069
0.7024	367.27585599462554
0.7032	374.46198690200157
0.7040000000000001	590.5146348968194
0.7048	434.91922360418056
0.7056	204.02574024151176
0.7064	-83.2630848274148
0.7072	-353.99244514678145
0.7080000000000001	-545.20573571909
0.7088	-30.773131676370852
0.7096	-524.5846966022339
0.7104	-318.37427812541944
0.7112	-37.17815598269599
0.7120000000000001	246.2051902661543
0.7128	450.22880951607243
0.7136	607.0739896560187
0.7144	513.6542431648995
0.7152000000000001	330.8765426218736
0.7160000000000001	62.17783931383889
0.7168	-225.42335140016127
0.7176	-463.5026764807105
0.7184	-569.4198341145136
0.7192000000000001	-565.20189443728
0.7200000000000001	-434.28953490452636
0.7208	-182.3066146336296
0.7216	108.73144107358657
0.7224	367.4320762304344
0.7232000000000001	386.49094543636846
0.7240000000000001	584.8907032608254
0.7248	435.0754438656466
0.7256	203.71329988530195
0.7264	-83.10686473589169
0.7272000000000001	-354.61732525475213
0.728	-545.20573571909
0.7288	-58.58030984210389
0.7296	-524.2722566121239
0.7304	-318.0618380561888
0.7312000000000001	-36.8657157743367
0.732	245.8927498813351
0.7328	453.35321487602414
0.7336	610.5108369637252
0.7344	515.9975475611999
0.7352000000000001	331.0327628443077
0.736	62.17783931383889
0.7368	-225.2671313445635
0.7376	-463.81511649212274
0.7384000000000001	-575.3561936297741
0.7392000000000001	-564.5770144835593
0.74	-433.50843484838043
0.7408	-182.61905476552852
0.7416	108.10656048466306
0.7424000000000001	367.27585599462554
0.7432000000000001	530.5260351370955
0.744	593.3266007468743
0.7448	436.0127654357128
0.7456	203.71329988530195
0.7464000000000001	-83.10686473589169
0.7472000000000001	-354.461105227808
0.748	-545.0495157274707
0.7488	-15.463561083649395
0.7496	-524.8971365922388
0.7504000000000001	-318.2180580908209
0.7512000000000001	-36.8657157743367
0.752	246.0489700737178
0.7528	464.13241355578185
0.7536	600.512735794384
0.7544000000000001	512.0920402419412
0.7552	331.0327628443077
0.756	62.17783931383889
0.7568	-225.42335140016127
0.7576	-463.81511649212274
0.7584000000000001	-568.6387341756468
0.7592	-565.8267743906032
0.76	-434.28953490452636
0.7608	-182.3066146336296
0.7616	107.79412019049427
0.7624000000000001	367.58829646630124
0.7632	529.9011539397003
0.764	586.9215674528621
0.7648	435.5441046504075
0.7656000000000001	204.02574024151176
0.7664000000000001	-82.79442455271946
0.7672	-353.99244514678145
0.768	-544.424635760738
0.7688	-3.903272802656023
0.7696000000000001	-524.2722566121239
0.7704000000000001	-318.0618380561888
0.7712	-36.39705546147031
0.772	246.0489700737178
0.7728	463.97619328297424
0.7736000000000001	612.5417012970876
0.7744000000000001	515.2164460941838
0.7752	331.1889830667985
0.776	62.33405944688302
0.7768	-224.9546912332571
0.7776000000000001	-463.19023646918436
0.7784000000000001	-583.0109729525675
0.7792	-569.5760541022128
0.78	-434.1333148933562
0.7808	-181.83795443549263
0.7816000000000001	108.26278063182069
0.7824	367.58829646630124
0.7832	529.9011539397003
0.784	570.5184339111889
0.7848	435.2316641271732
0.7856000000000001	203.71329988530195
0.7864	-83.2630848274148
0.7872	-354.1486651738227
0.788	-542.7062158501112
0.7888000000000001	-61.70471179770482
0.7896000000000001	-524.7409165972495
0.7904	-318.2180580908209
0.7912	-36.8657157743367
0.792	245.5803094967308
0.7928000000000001	454.6029770268469
0.7936000000000001	610.5108369637252
0.7944	515.5288866808002
0.7952	331.0327628443077
0.796	62.49027957997433
0.7968000000000001	-225.11091128892878
0.7976000000000001	-463.5026764807105
0.7984	-583.0109729525675
0.7992	-570.200934052763
0.8	-434.28953490452636
0.8008000000000001	-182.15039456762244
0.8016000000000001	107.79412019049427
0.8024	367.74451670222624
0.8032	315.56696109776135
0.804	522.0901390583276
0.8048000000000001	435.2316641271732
0.8056000000000001	203.71329988530195
0.8064	-82.6382044610703
0.8072	-354.61732525475213
0.808	-543.6435358017466
0.8088000000000001	-52.643946079165886
0.8096	-525.2095765821385
0.8104	-318.0618380561888
0.8112	-36.70949567009157
0.812	245.5803094967308
0.8128000000000001	455.22785810372596
0.8136	612.0730402960796
0.8144	515.2164460941838
0.8152	330.72032239949624
0.8160000000000001	62.17783931383889
0.8168000000000001	-225.11091128892878
0.8176	-463.97133649778624
0.8184	-583.0109729525675
0.8192	-569.2636141267898
0.8200000000000001	-434.28953490452636
0.8208000000000001	-183.08771496308836
0.8216	108.10656048466306
0.8224	367.4320762304344
0.8232	529.4324930423244
0.8240000000000001	555.8337244941961
0.8248000000000001	435.2316641271732
0.8256	203.71329988530195
0.8264	-83.10686473589169
0.8272	-354.461105227808
0.8280000000000001	-544.5808557524597
0.8288000000000001	-14.370020310763966
0.8296	-524.5846966022339
0.8304	-318.0618380561888
0.8312	-36.55327556580278
0.8320000000000001	246.51763065118857
0.8328	463.8199730102281
0.8336	598.3256511998692
0.8344	515.0602258009706
0.8352	331.5014235119505
0.8360000000000001	62.49027957997433
0.8368	-224.9546912332571
0.8376	-463.19023646918436
0.8384	-583.6358528947098
0.8392000000000001	-570.8258140029185
0.8400000000000001	-433.8208748709274
0.8408	-182.4628346995983
0.8416	108.10656048466306
0.8424	367.74451670222624
0.8432000000000001	528.4951712492954
0.8440000000000001	526.1518667767668
0.8448	435.5441046504075
0.8456	204.18196041969503
0.8464	-82.79442455271946
0.8472000000000001	-354.461105227808
0.8480000000000001	-543.95597578542
0.8488	-12.807819202862419
0.8496	-524.1160366170294
0.8504	-318.8429382290131
0.8512000000000001	-36.8657157743367
0.8520000000000001	245.8927498813351
0.8528	463.97619328297424
0.8536	612.5417012970876
0.8544	519.2781737399682
0.8552000000000001	331.34520328934616
0.8560000000000001	62.49027957997433
0.8568	-225.2671313445635
0.8576	-463.81511649212274
0.8584	-581.7612130671201
0.8592000000000001	-569.8884940775373
0.86	-434.44575491566707
0.8608	-182.3066146336296
0.8616	107.95034033755424
0.8624	367.58829646630124
0.8632000000000001	456.16517972087985
0.864	553.6466401620132
0.8648	435.8565451738839
0.8656	203.86952006338075
0.8664000000000001	-82.95064464432659
0.8672000000000001	-354.3048852008315
0.868	-543.95597578542
0.8688	-51.86284557941616
0.8696	-524.5846966022339
0.8704000000000001	-317.9056180215229
0.8712000000000001	-36.70949567009157
0.872	246.0489700737178
0.8728	458.66470404406704
0.8736	601.1376171094904
0.8744000000000001	517.7159707942105
0.8752000000000001	330.56410217717564
0.876	62.49027957997433
0.8768	-225.42335140016127
0.8776	-463.81511649212274
0.8784000000000001	-582.5423129957064
0.8792000000000001	-575.1999736429848
0.88	-434.28953490452636
0.8808	-181.9941745015768
0.8816	108.41900077902717
0.8824000000000001	368.05695717425033
0.8832000000000001	367.4320762304344
0.884	526.1518667767668
0.8848	435.70032491211555
0.8856	204.33818059793052
0.8864000000000001	-83.41930491889589
0.8872	-353.8362251197079
0.888	-542.8624358421146
0.8888	-138.40877455124553
0.8896000000000001	-524.7409165972495
0.8904000000000001	-318.37427812541944
0.8912	-37.17815598269599
0.892	246.0489700737178
0.8928	463.97619328297424
0.8936000000000001	600.512735794384
0.8944000000000001	519.7468346249326
0.8952	330.4078819549118
0.896	63.427600379513564
0.8968	-224.64225112180284
0.8976000000000001	-463.5026764807105
0.8984000000000001	-597.0707715577411
0.8992	-571.2944739652762
0.9	-433.97709488215656
0.9008	-182.4628346995983
0.9016000000000001	108.41900077902717
0.9024000000000001	368.05695717425033
0.9032	378.6799333615804
0.904	557.3959275963828
0.9048	435.5441046504075
0.9056000000000001	204.02574024151176
0.9064000000000001	-83.41930491889589
0.9072	-354.3048852008315
0.908	-543.6435358017466
0.9088	-68.73461613531778
0.9096000000000001	-524.5846966022339
0.9104000000000001	-318.6867181945155
0.9112	-37.17815598269599
0.912	246.0489700737178
0.9128000000000001	464.13241355578185
0.9136000000000001	603.0122610611832
0.9144	517.8721910885008
0.9152	331.0327628443077
0.916	62.80271984629856
0.9168000000000001	-224.64225112180284
0.9176000000000001	-463.5026764807105
0.9184	-582.0736530386273
0.9192	-570.200934052763
0.92	-433.97709488215656
0.9208000000000001	-182.4628346995983
0.9216000000000001	108.26278063182069
0.9224	367.74451670222624
0.9232	528.8076118467166
0.924	561.1452150680867
0.9248000000000001	436.0127654357128
0.9256000000000001	205.11928148989182
0.9264	-83.10686473589169
0.9272	-353.8362251197079
0.928	-543.799755793596
0.9288000000000001	-63.579352962849924
0.9296000000000001	-524.8971365922388
0.9304	-318.37427812541944
0.9312	-37.33437608681017
0.932	246.0489700737178
0.9328000000000001	463.97619328297424
0.9336000000000001	616.1347689914602
0.9344	517.40353020582
0.9352	331.0327628443077
0.936	62.80271984629856
0.9368000000000001	-224.9546912332571
0.9376000000000001	-463.97133649778624
0.9384	-574.7313136824696
0.9392	-574.262653721734
0.9400000000000001	-434.44575491566707
0.9408000000000001	-182.3066146336296
0.9416	108.10656048466306
0.9424	367.90073693820926
0.9432	529.1200524443929
0.9440000000000001	563.644740070002
0.9448000000000001	435.2316641271732
0.9456	204.33818059793052
0.9464	-82.6382044610703
0.9472	-354.3048852008315
0.9480000000000001	-544.1121957772183
0.9488000000000001	-64.36045344651144
0.9496	-524.8971365922388
0.9504	-318.2180580908209
0.9512	-37.02193587853817
0.9520000000000001	246.0489700737178
0.9528000000000001	463.8199730102281
0.9536	603.4809220506008
0.9544	517.091089617683
0.9552	330.8765426218736
0.9560000000000001	62.49027957997433
0.9568000000000001	-225.42335140016127
0.9576	-463.6588964864308
0.9584	-573.7939937607775
0.9592	-575.8248535899953
0.9600000000000001	-434.44575491566707
0.9608000000000001	-183.08771496308836
0.9616	108.10656048466306
0.9624	367.27585599462554
0.9632000000000001	528.9638321455228
0.9640000000000001	532.0882381350541
0.9648	435.5441046504075
0.9656	204.33818059793052
0.9664	-83.10686473589169
0.9672000000000001	-353.8362251197079
0.9680000000000001	-543.1748758260443
0.9688	-82.16954418587066
0.9696	-524.8971365922388
0.9704	-318.37427812541944
0.9712000000000001	-36.39705546147031
0.9720000000000001	245.2678691123413
0.9728	464.60107437457356
0.9736	601.4500577674419
0.9744	518.9657331503091
0.9752000000000001	331.0327628443077
0.9760000000000001	62.80271984629856
0.9768	-225.11091128892878
0.9776	-463.81511649212274
0.9784	-573.637773773743
0.9792000000000001	-569.107394139041
0.9800000000000001	-434.6019749267782
0.9808	-183.08771496308836
0.9816	107.79412019049427
0.9824	367.4320762304344
0.9832000000000001	529.2762727433267
0.9840000000000001	534.2753223429354
0.9848	435.38788438876014
0.9856	204.33818059793052
0.9864	-82.6382044610703
0.9872000000000001	-354.1486651738227
0.9880000000000001	-543.95597578542
0.9888	-75.7645203868204
0.9896	-525.365796577049
0.9904000000000001	-317.59317795209034
0.9912000000000001	-37.02193587853817
0.992	246.0489700737178
0.9928	464.4448541015815
0.9936	603.9495830406167
0.9944000000000001	519.2781737399682
0.9952000000000001	330.56410217717564
0.996	62.49027957997433
0.9968	-225.11091128892878
0.9976	-463.19023646918436
0.9984000000000001	-586.6040326146067
0.9992000000000001	-572.0755739020467
