0	-603.984063505956
0.0008	-608.0457829213999
0.0016	-511.5018325344597
0.0024000000000000002	-287.482334878864
0.0032	12.61642003574501
0.004	310.8406960085158
0.0048000000000000004	320.99500939068065
0.0056	623.9061027606641
0.0064	563.6050620510641
0.007200000000000001	366.29887196318373
0.008	78.85375046188497
0.0088	-224.21321808132947
0.009600000000000001	-468.2288937423138
0.010400000000000001	-620.8558209799106
0.0112	-578.0515468777296
0.012	-414.8016523429289
0.0128	-141.41658715254744
0.013600000000000001	167.11813076866258
0.014400000000000001	444.56521141491476
0.0152	635.9350680076243
0.016	614.2204427167741
0.016800000000000002	481.12075229707153
0.0176	229.29375682485505
0.0184	-74.39817416977958
0.019200000000000002	-357.62512707041515
0.02	-596.1730645875424
0.020800000000000003	-606.796023102867
0.0216	-501.19131300526794
0.0224	-282.4832937571563
0.023200000000000002	13.553740692759135
0.024	316.77706380365964
0.024800000000000003	411.13407859935967
0.0256	624.8434247138532
0.0264	563.6050620510641
0.027200000000000002	367.07997308359535
0.028	79.63485110575051
0.028800000000000003	-223.74455793540275
0.0296	-469.32243373698634
0.0304	-643.8201571353004
0.031200000000000002	-578.2077668593126
0.032	-414.3329923159241
0.0328	-141.10414701570102
0.033600000000000005	166.80569045693963
0.0344	438.7850620893276
0.0352	637.6534916464607
0.036000000000000004	614.2204427167741
0.0368	480.80831176266304
0.0376	229.29375682485505
0.038400000000000004	-63.93142834501505
0.0392	-357.9375671103086
0.04	-592.7362250455558
0.0408	-606.4835831480113
0.041600000000000005	-511.5018325344597
0.0424	-287.79477494782554
0.0432	12.61642003574501
0.044000000000000004	311.46557682531693
0.0448	332.5553049101963
0.0456	624.9996450396161
0.046400000000000004	563.6050620510641
0.0472	367.07997308359535
0.048	79.94729136362355
0.0488	-223.58833788668875
0.049600000000000005	-469.32243373698634
0.0504	-644.4450370242822
0.0512	-578.3639868408725
0.052000000000000005	-414.8016523429289
0.0528	-141.26036708414364
0.0536	166.80569045693963
0.054400000000000004	443.94033040280874
0.055200000000000006	645.6207286227827
0.056	613.9080020744108
0.0568	480.6520914955503
0.057600000000000005	228.98131647260664
0.0584	-75.02305451165816
0.0592	-357.62512707041515
0.060000000000000005	-602.10942377066
0.0608	-607.5771229896169
0.0616	-499.31667307874113
0.062400000000000004	-278.73401289317036
0.0632	13.085080364052605
0.064	311.15313641680655
0.0648	405.35392974085795
0.0656	624.6872043881564
0.0664	563.2926214507056
0.06720000000000001	367.39241353215846
0.068	79.94729136362355
0.0688	-223.58833788668875
0.06960000000000001	-469.0099937386443
0.0704	-631.7912192066884
0.0712	-578.2077668593126
0.07200000000000001	-414.4892123249548
0.0728	-141.26036708414364
0.0736	166.49325014541586
0.07440000000000001	442.22190762443864
0.0752	640.4654576182963
0.076	613.9080020744108
0.07680000000000001	481.12075229707153
0.0776	229.44997700105728
0.0784	-74.39817416977958
0.0792	-357.3126870303972
0.08	-594.7670847762389
0.08080000000000001	-609.6079826925674
0.0816	-511.5018325344597
0.0824	-286.85745474053726
0.08320000000000001	12.77264014513656
0.084	310.9969162126337
0.0848	244.91577470352237
0.08560000000000001	624.2185434114627
0.0864	562.9801808506027
0.0872	367.39241353215846
0.08800000000000001	79.32241084806425
0.0888	-223.43211783793885
0.0896	-468.54133374092754
0.09040000000000001	-628.1981598009596
0.0912	-578.2077668593126
0.092	-414.8016523429289
0.09280000000000001	-141.26036708414364
0.0936	166.96191061277622
0.0944	443.94033040280874
0.0952	644.3709659483513
0.096	613.9080020744108
0.09680000000000001	480.49587122849846
0.0976	229.91863752997614
0.0984	-74.08573399859303
0.09920000000000001	-357.7813470903774
0.1	-601.328323880001
0.1008	-608.2020028986166
0.10160000000000001	-511.9704925103928
0.1024	-287.1698948097679
0.1032	12.61642003574501
0.10400000000000001	311.15313641680655
0.1048	453.15732542836986
0.1056	624.5309840625258
0.10640000000000001	563.7612823513393
0.1072	366.4550921871522
0.108	80.57217187993014
0.10880000000000001	-223.58833788668875
0.1096	-468.54133374092754
0.11040000000000001	-627.2608399541199
0.11120000000000001	-578.2077668593126
0.112	-116.73381585954851
0.11280000000000001	-141.41658715254744
0.1136	166.96191061277622
0.1144	443.3154493916574
0.11520000000000001	649.2137963356134
0.116	613.7517817533277
0.1168	480.9645320298368
0.11760000000000001	229.29375682485505
0.1184	-74.71061434080126
0.1192	-357.7813470903774
0.12000000000000001	-603.984063505956
0.1208	-608.2020028986166
0.1216	-494.9425132355559
0.12240000000000001	-280.2962132555355
0.1232	12.61642003574501
0.124	311.30935662103434
0.12480000000000001	463.62408274459364
0.12560000000000002	625.7807466694221
0.1264	563.7612823513393
0.1272	366.92375285939914
0.128	79.32241084806425
0.1288	-223.43211783793885
0.1296	-469.63487373521974
0.13040000000000002	-644.4450370242822
0.1312	-577.7391069144937
0.132	-163.44361641140438
0.1328	-141.41658715254744
0.1336	166.96191061277622
0.13440000000000002	443.62788989711373
0.13520000000000001	649.3700166717573
0.136	613.9080020744108
0.1368	481.5894130991416
0.1376	229.91863752997614
0.1384	-74.08573399859303
0.13920000000000002	-357.9375671103086
0.14	-591.7989051685595
0.1408	-605.8587032380327
0.1416	-496.8171531708612
0.1424	-288.2634350510159
0.1432	12.61642003574501
0.14400000000000002	311.93423743849473
0.1448	394.1060727311765
0.1456	624.5309840625258
0.1464	564.0737229520814
0.1472	367.39241353215846
0.14800000000000002	79.79107123466368
0.14880000000000002	-223.58833788668875
0.1496	-468.85377373943254
0.1504	-630.0727994923194
0.1512	-578.3639868408725
0.152	-266.54884994982143
0.15280000000000002	-141.26036708414364
0.15360000000000001	167.43057108058483
0.1544	443.3154493916574
0.1552	648.2764743201577
0.156	613.9080020744108
0.1568	481.43319283172394
0.15760000000000002	229.60619717731154
0.1584	-74.55439425531101
0.1592	-357.7813470903774
0.16	-601.9532037925729
0.1608	-608.0457829213999
0.16160000000000002	-500.56643303017563
0.16240000000000002	-287.01367477516936
0.1632	12.77264014513656
0.164	311.15313641680655
0.1648	395.51205484093185
0.1656	625.6245263433287
0.16640000000000002	563.1364011506222
0.16720000000000002	367.39241353215846
0.168	80.10351149263013
0.1688	-223.43211783793885
0.1696	-467.4477937453036
0.1704	-624.4488804089457
0.17120000000000002	-578.6764268039223
0.17200000000000001	-304.35409841149357
0.1728	-141.10414701570102
0.1736	166.80569045693963
0.1744	441.1283658601405
0.1752	645.9331692920589
0.17600000000000002	613.4393411113588
0.1768	481.2769725643672
0.1776	229.76241735361782
0.1784	-74.71061434080126
0.1792	-357.7813470903774
0.18000000000000002	-592.1113451276494
0.18080000000000002	-607.7333429669001
0.1816	-507.7525527186734
0.1824	-288.73209515390397
0.1832	12.460199926397772
0.184	310.8406960085158
0.18480000000000002	520.1758210337943
0.18560000000000001	625.7807466694221
0.1864	563.1364011506222
0.1872	366.76753263525995
0.188	79.79107123466368
0.1888	-222.96345769147365
0.18960000000000002	-468.6975537401936
0.1904	-628.1981598009596
0.1912	-577.8953268961234
0.192	-413.86433228865747
0.1928	-141.26036708414364
0.19360000000000002	166.80569045693963
0.19440000000000002	443.94033040280874
0.1952	652.9630844215595
0.196	613.5955614323102
0.1968	481.12075229707153
0.1976	229.44997700105728
0.19840000000000002	-74.55439425531101
0.19920000000000002	-357.46890705042176
0.2	-591.017805270436
0.2008	-607.5771229896169
0.2016	-510.8769525661901
0.2024	-287.79477494782554
0.20320000000000002	12.77264014513656
0.20400000000000001	311.46557682531693
0.2048	455.8130697964748
0.2056	625.4683060173014
0.2064	563.7612823513393
0.20720000000000002	366.76753263525995
0.20800000000000002	79.47863097688403
0.2088	-223.74455793540275
0.2096	-468.85377373943254
0.2104	-631.1663393108537
0.2112	-578.6764268039223
0.21200000000000002	-273.89119174824714
0.21280000000000002	-141.41658715254744
0.2136	166.33702998972865
0.2144	443.78411014993134
0.2152	654.9939488175816
0.216	613.4393411113588
0.21680000000000002	480.80831176266304
0.21760000000000002	229.60619717731154
0.2184	-74.71061434080126
0.2192	-357.9375671103086
0.22	-604.2965034615255
0.22080000000000002	-607.8895629441612
0.22160000000000002	-497.59825314279226
0.22240000000000001	-287.79477494782554
0.2232	12.61642003574501
0.224	310.8406960085158
0.2248	509.55284195504396
0.22560000000000002	627.0305092805515
0.22640000000000002	564.0737229520814
0.2272	366.92375285939914
0.228	79.79107123466368
0.2288	-223.43211783793885
0.2296	-468.54133374092754
0.23040000000000002	-629.9165795181574
0.23120000000000002	-578.5202068224089
0.232	-413.86433228865747
0.2328	-141.41658715254744
0.2336	166.18080983409124
0.23440000000000003	444.40899116179867
0.23520000000000002	658.2745759428368
0.23600000000000002	613.9080020744108
0.2368	480.80831176266304
0.2376	229.76241735361782
0.2384	-74.55439425531101
0.23920000000000002	-357.46890705042176
0.24000000000000002	-604.4527234392765
0.24080000000000001	-607.2646830349837
0.2416	-511.8142725184406
0.2424	-287.482334878864
0.2432	13.085080364052605
0.24400000000000002	310.8406960085158
0.24480000000000002	455.18818876712413
0.2456	625.1558653654449
0.2464	564.2299432525484
0.2472	366.76753263525995
0.248	79.79107123466368
0.24880000000000002	-223.9007779840809
0.24960000000000002	-468.3851137416343
0.2504	-631.1663393108537
0.25120000000000003	-578.3639868408725
0.252	-366.6858881769536
0.2528	-141.57280722091235
0.2536	166.80569045693963
0.2544	442.8467886339202
0.25520000000000004	662.1800844639837
0.256	613.9080020744108
0.25680000000000003	480.9645320298368
0.2576	229.76241735361782
0.2584	-74.71061434080126
0.2592	-357.15646701034166
0.26	-591.3302452297539
0.26080000000000003	-607.7333429669001
0.2616	-500.41021303633755
0.2624	-289.2007552564897
0.2632	13.085080364052605
0.264	311.46557682531693
0.26480000000000004	550.1701164659606
0.2656	626.0931873218076
0.2664	564.3861635530794
0.2672	366.29887196318373
0.268	79.79107123466368
0.26880000000000004	-223.74455793540275
0.2696	-467.9164537435914
0.27040000000000003	-631.3225592848445
0.2712	-578.2077668593126
0.272	-255.76966717186906
0.2728	-141.57280722091235
0.2736	167.27435092459876
0.27440000000000003	440.5034848532807
0.2752	661.7114234392225
0.276	614.0642223955597
0.2768	481.7456333666204
0.2776	229.76241735361782
0.27840000000000004	-73.77329382724162
0.2792	-357.3126870303972
0.28	-599.6099041185744
0.2808	-609.4517627155504
0.2816	-501.19131300526794
0.28240000000000004	-289.6694153587734
0.2832	12.928860254572426
0.28400000000000003	310.6844758044529
0.2848	536.2665104824142
0.2856	624.8434247138532
0.2864	564.2299432525484
0.2872	366.4550921871522
0.28800000000000003	79.94729136362355
0.2888	-223.43211783793885
0.2896	-468.2288937423138
0.2904	-632.8847590235769
0.2912	-576.8017870242267
0.29200000000000004	-178.59696234092868
0.2928	-141.10414701570102
0.2936	167.11813076866258
0.2944	437.84774058475097
0.2952	638.9032542979454
0.29600000000000004	613.7517817533277
0.2968	480.9645320298368
0.29760000000000003	229.44997700105728
0.2984	-74.8668344262503
0.2992	-357.3126870303972
0.3	-599.297464161659
0.3008	-609.6079826925674
0.30160000000000003	-498.22313311986653
0.3024	-289.044535222328
0.3032	11.835319489451791
0.304	311.15313641680655
0.3048	588.131649980698
0.30560000000000004	627.0305092805515
0.3064	563.7612823513393
0.30720000000000003	366.76753263525995
0.308	80.25973162168341
0.3088	-224.21321808132947
0.30960000000000004	-468.2288937423138
0.3104	-618.0438614187287
0.31120000000000003	-577.1142269877422
0.312	-244.83426418457248
0.3128	-141.26036708414364
0.3136	166.80569045693963
0.3144	438.47262158756416
0.31520000000000004	660.1492200277329
0.316	613.4393411113588
0.3168	480.49587122849846
0.3176	229.29375682485505
0.3184	-75.02305451165816
0.31920000000000004	-357.62512707041515
0.32	-601.7969838144636
0.32080000000000003	-609.7642026695622
0.3216	-511.65805252646305
0.3224	-287.950994982256
0.32320000000000004	12.61642003574501
0.324	309.74715458122836
0.32480000000000003	521.7380238637792
0.3256	625.4683060173014
0.3264	563.9175026516784
0.3272	366.29887196318373
0.328	79.32241084806425
0.32880000000000004	-224.0569980327231
0.3296	-469.1662137378289
0.3304	-619.1374012489168
0.3312	-577.5828869328408
0.332	-413.86433228865747
0.33280000000000004	-141.41658715254744
0.3336	167.11813076866258
0.33440000000000003	439.7223835960457
0.3352	660.77410139152
0.336	613.4393411113588
0.33680000000000004	480.6520914955503
0.3376	229.60619717731154
0.33840000000000003	-74.39817416977958
0.3392	-357.15646701034166
0.34	-600.5472239887806
0.3408	-608.9831027843666
0.3416	-511.5018325344597
0.34240000000000004	-287.6385549133616
0.3432	12.928860254572426
0.34400000000000003	310.8406960085158
0.3448	559.8557748636257
0.3456	625.1558653654449
0.34640000000000004	564.2299432525484
0.3472	366.61131241117766
0.34800000000000003	80.10351149263013
0.3488	-223.9007779840809
0.3496	-468.2288937423138
0.3504	-607.5771229896169
0.3512	-577.7391069144937
0.35200000000000004	-413.55189227033406
0.3528	-141.10414701570102
0.3536	167.43057108058483
0.3544	437.69152033419624
0.3552	613.9080020744108
0.35600000000000004	613.7517817533277
0.3568	480.80831176266304
0.35760000000000003	229.76241735361782
0.3584	-74.39817416977958
0.3592	-357.3126870303972
0.36000000000000004	-601.0158839235801
0.3608	-608.6706628301331
0.36160000000000003	-511.3456125424308
0.3624	-287.482334878864
0.3632	13.085080364052605
0.364	310.9969162126337
0.3648	557.9811312836904
0.36560000000000004	626.8742889539287
0.3664	563.9175026516784
0.3672	366.29887196318373
0.368	79.94729136362355
0.3688	-223.58833788668875
0.36960000000000004	-467.9164537435914
0.3704	-610.5453025542042
0.37120000000000003	-577.1142269877422
0.372	-191.40700707809194
0.3728	-141.57280722091235
0.37360000000000004	166.96191061277622
0.3744	436.75419883211634
0.37520000000000003	600.4730547008741
0.376	613.9080020744108
0.3768	480.80831176266304
0.3776	230.07485770638652
0.3784	-74.39817416977958
0.37920000000000004	-356.6878069499878
0.38	-599.7661240969984
0.3808	-608.5144428529832
0.3816	-504.94059284709255
0.3824	-292.63759599956506
0.38320000000000004	13.085080364052605
0.384	310.8406960085158
0.38480000000000003	557.8249109857769
0.3856	628.7489328777714
0.3864	564.5423838536742
0.38720000000000004	367.23619330784845
0.388	79.63485110575051
0.38880000000000003	-223.1196777403313
0.3896	-467.76023374418935
0.3904	-610.0766426234853
0.3912	-576.9580070059961
0.392	-308.5720392341919
0.39280000000000004	-141.26036708414364
0.3936	167.43057108058483
0.39440000000000003	436.75419883211634
0.3952	648.7451353275843
0.396	613.7517817533277
0.39680000000000004	481.2769725643672
0.3976	229.91863752997614
0.39840000000000003	-74.08573399859303
0.3992	-357.46890705042176
0.4	-599.297464161659
0.40080000000000005	-608.9831027843666
0.4016	-506.97145275518466
0.40240000000000004	-289.9818554267947
0.4032	12.928860254572426
0.404	310.5282556004449
0.4048	571.5722974467268
0.4056	625.4683060173014
0.40640000000000004	563.448841750853
0.4072	366.4550921871522
0.40800000000000003	79.79107123466368
0.4088	-223.27589778915302
0.4096	-468.54133374092754
0.41040000000000004	-612.1075023218294
0.4112	-578.2077668593126
0.41200000000000003	-413.86433228865747
0.4128	-141.41658715254744
0.4136	166.18080983409124
0.41440000000000005	436.59797858197766
0.4152	610.3149347061152
0.41600000000000004	613.5955614323102
0.4168	481.5894130991416
0.4176	229.91863752997614
0.4184	-74.55439425531101
0.4192	-357.3126870303972
0.42000000000000004	-590.861585290743
0.4208	-610.857742507906
0.42160000000000003	-511.18939255037617
0.4224	-287.6385549133616
0.4232	12.61642003574501
0.42400000000000004	310.5282556004449
0.4248	534.8605278826924
0.42560000000000003	626.7180686273722
0.4264	563.2926214507056
0.4272	366.1426517392722
0.42800000000000005	80.25973162168341
0.4288	-223.58833788668875
0.42960000000000004	-468.2288937423138
0.4304	-573.6773873839326
0.4312	-577.8953268961234
0.432	-414.0205522977755
0.4328	-141.41658715254744
0.43360000000000004	167.27435092459876
0.4344	436.4417583318983
0.43520000000000003	599.5357328091394
0.436	613.5955614323102
0.4368	481.12075229707153
0.43760000000000004	229.76241735361782
0.4384	-74.08573399859303
0.43920000000000003	-357.7813470903774
0.44	-575.552027169231
0.4408	-612.1075023218294
0.44160000000000005	-511.5018325344597
0.4424	-287.01367477516936
0.44320000000000004	12.61642003574501
0.444	310.8406960085158
0.44480000000000003	534.7043075941491
0.4456	627.499170260817
0.4464	562.9801808506027
0.44720000000000004	366.1426517392722
0.448	79.79107123466368
0.44880000000000003	-224.52565817843455
0.4496	-467.4477937453036
0.4504	-526.8113916297492
0.45120000000000005	-577.5828869328408
0.452	-413.86433228865747
0.45280000000000004	-141.41658715254744
0.4536	166.80569045693963
0.4544	436.75419883211634
0.45520000000000005	600.1606140700349
0.456	613.9080020744108
0.45680000000000004	481.43319283172394
0.4576	229.91863752997614
0.45840000000000003	-74.08573399859303
0.4592	-357.15646701034166
0.46	-563.3668685042129
0.46080000000000004	-611.4826224150444
0.4616	-512.126712502319
0.46240000000000003	-288.2634350510159
0.4632	12.77264014513656
0.464	310.5282556004449
0.46480000000000005	535.3291887487001
0.4656	626.7180686273722
0.46640000000000004	562.9801808506027
0.4672	366.29887196318373
0.468	79.79107123466368
0.46880000000000005	-224.0569980327231
0.4696	-468.6975537401936
0.47040000000000004	-570.0843277860032
0.4712	-577.5828869328408
0.47200000000000003	-414.3329923159241
0.4728	-141.10414701570102
0.4736	167.27435092459876
0.47440000000000004	436.4417583318983
0.4752	600.0043937547132
0.47600000000000003	614.0642223955597
0.4768	481.12075229707153
0.4776	230.23107788284895
0.47840000000000005	-74.08573399859303
0.4792	-357.3126870303972
0.48000000000000004	-576.4893470606178
0.4808	-612.7323822282614
0.48160000000000003	-511.8142725184406
0.4824	-287.482334878864
0.4832	12.303979817094834
0.48400000000000004	310.9969162126337
0.4848	535.3291887487001
0.48560000000000003	627.1867296072405
0.4864	563.9175026516784
0.4872	366.1426517392722
0.48800000000000004	79.63485110575051
0.4888	-224.99431832382322
0.48960000000000004	-467.1353537463091
0.4904	-569.459447854658
0.4912	-577.5828869328408
0.49200000000000005	-414.3329923159241
0.4928	-141.41658715254744
0.49360000000000004	167.27435092459876
0.4944	436.75419883211634
0.49520000000000003	600.3168343854219
0.496	613.9080020744108
0.4968	481.2769725643672
0.49760000000000004	230.8559585892193
0.4984	-74.39817416977958
0.49920000000000003	-357.0002469902548
0.5	-566.9599281255004
0.5008	-611.3264024382929
0.5016	-511.65805252646305
0.5024000000000001	-288.2634350510159
0.5032	13.085080364052605
0.504	310.5282556004449
0.5048	534.5480873056686
0.5056	627.6553905877045
0.5064000000000001	563.6050620510641
0.5072	365.9864315154175
0.508	79.94729136362355
0.5088	-223.74455793540275
0.5096	-469.32243373698634
0.5104000000000001	-526.6551716402074
0.5112	-578.0515468777296
0.512	-414.3329923159241
0.5128	-141.41658715254744
0.5136000000000001	166.64947030115283
0.5144000000000001	436.2855380818784
0.5152	600.0043937547132
0.516	613.9080020744108
0.5168	481.2769725643672
0.5176000000000001	230.23107788284895
0.5184	-74.39817416977958
0.5192	-357.3126870303972
0.52	-556.9618491480376
0.5208	-609.4517627155504
0.5216000000000001	-511.9704925103928
0.5224	-287.482334878864
0.5232	12.61642003574501
0.524	310.21581519259354
0.5248	535.4854090374952
0.5256000000000001	626.7180686273722
0.5264	563.1364011506222
0.5272	365.8302112916197
0.528	80.25973162168341
0.5288	-227.96249923713162
0.5296000000000001	-481.8200335820899
0.5304	-540.0900906496247
0.5312	-578.2077668593126
0.532	-413.7081122795104
0.5328	-141.26036708414364
0.5336000000000001	166.49325014541586
0.5344	436.129317831918
0.5352	600.0043937547132
0.536	614.2204427167741
0.5368	481.5894130991416
0.5376000000000001	230.54351823592998
0.5384	-74.39817416977958
0.5392	-325.2875822599091
0.54	-551.962809622488
0.5408000000000001	-605.5462632829099
0.5416000000000001	-511.8142725184406
0.5424	-287.3261148443327
0.5432	13.241300473577114
0.544	310.5282556004449
0.5448000000000001	535.1729684599679
0.5456	627.6553905877045
0.5464	562.8239605506471
0.5472	365.51777084419473
0.548	79.79107123466368
0.5488000000000001	-227.02517895011422
0.5496	-469.0099937386443
0.5504	-539.4652106997651
0.5512	-577.7391069144937
0.552	-413.39567226112865
0.5528000000000001	-141.41658715254744
0.5536	166.96191061277622
0.5544	436.4417583318983
0.5552	599.6919531242654
0.556	613.9080020744108
0.5568000000000001	481.43319283172394
0.5576	230.38729805936345
0.5584	-74.2419540842069
0.5592	-332.7861434967582
0.56	-554.3061094031647
0.5608000000000001	-611.7950623684811
0.5616	-512.126712502319
0.5624	-287.6385549133616
0.5632	13.085080364052605
0.5640000000000001	310.21581519259354
0.5648000000000001	535.4854090374952
0.5656	627.1867296072405
0.5664	562.8239605506471
0.5672	365.8302112916197
0.5680000000000001	80.10351149263013
0.5688	-224.0569980327231
0.5696	-469.0099937386443
0.5704	-533.8412911332356
0.5712	-577.8953268961234
0.5720000000000001	-413.86433228865747
0.5728	-141.41658715254744
0.5736	167.27435092459876
0.5744	435.8168773321752
0.5752	600.3168343854219
0.5760000000000001	613.7517817533277
0.5768	481.43319283172394
0.5776	230.23107788284895
0.5784	-74.39817416977958
0.5792	-357.9375671103086
0.5800000000000001	-562.1171086329911
0.5808	-613.6697020872482
0.5816	-511.65805252646305
0.5824	-287.6385549133616
0.5832	14.178621131655326
0.5840000000000001	310.5282556004449
0.5848	535.4854090374952
0.5856	626.7180686273722
0.5864	562.5115199509277
0.5872	365.3615506205675
0.5880000000000001	79.94729136362355
0.5888	-224.21321808132947
0.5896	-470.8846337270684
0.5904	-599.9223440753998
0.5912000000000001	-577.8953268961234
0.5920000000000001	-413.7081122795104
0.5928	-141.57280722091235
0.5936	166.64947030115283
0.5944	436.4417583318983
0.5952000000000001	599.2232921790828
0.596	614.2204427167741
0.5968	481.2769725643672
0.5976	230.54351823592998
0.5984	-74.2419540842069
0.5992000000000001	-358.0937871302085
0.6	-553.0563495208137
0.6008	-606.1711431930667
0.6016	-511.8142725184406
0.6024	-287.482334878864
0.6032000000000001	12.460199926397772
0.604	310.21581519259354
0.6048	535.7978496152739
0.6056	627.3429499339956
0.6064	562.0428590518277
0.6072000000000001	365.51777084419473
0.608	80.57217187993014
0.6088	-224.0569980327231
0.6096	-470.4159737303285
0.6104	-601.328323880001
0.6112000000000001	-578.0515468777296
0.612	-413.7081122795104
0.6128	-141.57280722091235
0.6136	166.80569045693963
0.6144000000000001	436.2855380818784
0.6152000000000001	600.0043937547132
0.616	614.0642223955597
0.6168	481.7456333666204
0.6176	230.6997384125486
0.6184000000000001	-74.55439425531101
0.6192000000000001	-357.9375671103086
0.62	-552.275249593559
0.6208	-606.4835831480113
0.6216	-511.65805252646305
0.6224000000000001	-287.1698948097679
0.6232	12.460199926397772
0.624	310.5282556004449
0.6248	535.7978496152739
0.6256	627.0305092805515
0.6264000000000001	562.8239605506471
0.6272	366.61131241117766
0.628	80.41595175078342
0.6288	-223.74455793540275
0.6296	-469.9473137333446
0.6304000000000001	-600.3910040104691
0.6312	-577.5828869328408
0.632	-413.39567226112865
0.6328	-141.41658715254744
0.6336	167.11813076866258
0.6344000000000001	436.2855380818784
0.6352	600.3168343854219
0.636	613.9080020744108
0.6368	481.90185363416003
0.6376000000000001	230.8559585892193
0.6384000000000001	-74.71061434080126
0.6392	-357.9375671103086
0.64	-558.9927089482532
0.6408	-610.0766426234853
0.6416000000000001	-511.8142725184406
0.6424000000000001	-287.3261148443327
0.6432	12.77264014513656
0.644	310.21581519259354
0.6448	535.9540699042578
0.6456000000000001	626.7180686273722
0.6464000000000001	563.448841750853
0.6472	366.4550921871522
0.648	80.72839200912362
0.6488	-223.58833788668875
0.6496000000000001	-469.32243373698634
0.6504	-573.9898273483831
0.6512	-577.4266669511645
0.652	-414.3329923159241
0.6528	-141.57280722091235
0.6536000000000001	166.80569045693963
0.6544	436.129317831918
0.6552	600.1606140700349
0.656	613.9080020744108
0.6568	481.90185363416003
0.6576000000000001	230.38729805936345
0.6584	-73.92951391293794
0.6592	-357.9375671103086
0.66	-566.3350481922649
0.6608	-609.2955427385114
0.6616000000000001	-511.8142725184406
0.6624	-287.6385549133616
0.6632	12.303979817094834
0.664	310.8406960085158
0.6648000000000001	535.9540699042578
0.6656000000000001	627.0305092805515
0.6664	562.8239605506471
0.6672	366.4550921871522
0.668	80.41595175078342
0.6688000000000001	-223.74455793540275
0.6696000000000001	-468.54133374092754
0.6704	-579.3013067297428
0.6712	-578.2077668593126
0.672	-413.7081122795104
0.6728000000000001	-142.04146742577436
0.6736000000000001	167.11813076866258
0.6744	435.6606570823928
0.6752	599.6919531242654
0.676	613.5955614323102
0.6768000000000001	481.43319283172394
0.6776	229.91863752997614
0.6784	-74.2419540842069
0.6792	-358.0937871302085
0.68	-567.7410280415121
0.6808000000000001	-611.9512823451663
0.6816	-511.9704925103928
0.6824	-287.482334878864
0.6832	12.303979817094834
0.684	310.6844758044529
0.6848000000000001	482.05807390176074
0.6856	629.9986954989655
0.6864	564.2299432525484
0.6872	366.76753263525995
0.6880000000000001	77.60398943412656
0.6888000000000001	-130.63740234129864
0.6896	-470.5721937292689
0.6904	-598.9850242046534
0.6912	-578.2077668593126
0.6920000000000001	-414.0205522977755
0.6928000000000001	-141.88524735752583
0.6936	166.49325014541586
0.6944	442.53434812906016
0.6952	592.9744796326573
0.6960000000000001	613.4393411113588
0.6968000000000001	480.80831176266304
0.6976	230.6997384125486
0.6984	6.211395588777782
0.6992	-360.4370874249786
0.7000000000000001	-551.6503696513199
0.7008	-606.9522430802615
0.7016	-511.5018325344597
0.7024	-287.3261148443327
0.7032	12.147759707836196
0.7040000000000001	310.21581519259354
0.7048	408.3221142798326
0.7056	633.1231020705185
0.7064	564.5423838536742
0.7072	366.76753263525995
0.7080000000000001	81.50949265579202
0.7088	-157.97591418427712
0.7096	-469.7910937342957
0.7104	-598.8288042261169
0.7112	-576.0206871150294
0.7120000000000001	-426.5181529333452
0.7128	-141.7290272892385
0.7136	166.49325014541586
0.7144	448.62693801689795
0.7152000000000001	340.5225357834875
0.7160000000000001	614.3766630380543
0.7168	481.5894130991416
0.7176	230.07485770638652
0.7184	10.585558617684981
0.7192000000000001	-358.5624471897219
0.7200000000000001	-551.1817096943862
0.7208	-606.6398031254504
0.7216	-561.492228696808
0.7224	-292.01271586566605
0.7232000000000001	12.460199926397772
0.7240000000000001	309.43471417392607
0.7248	510.4901636269051
0.7256	627.8116109146582
0.7264	565.1672650566934
0.7272000000000001	367.07997308359535
0.728	81.04083226765073
0.7288	-192.03188730277645
0.7296	-469.9473137333446
0.7304	-598.0477043330959
0.7312000000000001	-576.8017870242267
0.732	-427.45547297357973
0.7328	-141.57280722091235
0.7336	167.11813076866258
0.7344	386.7637217896585
0.7352000000000001	173.36693704502167
0.736	614.5328833594004
0.7368	481.12075229707153
0.7376	229.60619717731154
0.7384000000000001	-62.9941078143123
0.7392000000000001	-357.7813470903774
0.74	-551.0254897086932
0.7408	-608.0457829213999
0.7416	-541.6522905225505
0.7424000000000001	-289.044535222328
0.7432000000000001	12.61642003574501
0.744	172.27339594089017
0.7448	576.2589065809673
0.7456	610.0024940670345
0.7464000000000001	564.2299432525484
0.7472000000000001	366.61131241117766
0.748	79.79107123466368
0.7488	-222.80723764258005
0.7496	-469.7910937342957
0.7504000000000001	-598.8288042261169
0.7512000000000001	-583.3630262385307
0.752	-456.66861371677567
0.7528	-141.7290272892385
0.7536	164.7748284355937
0.7544000000000001	410.66541787812315
0.7552	-37.06157253317667
0.756	614.5328833594004
0.7568	481.12075229707153
0.7576	229.60619717731154
0.7584000000000001	-74.39817416977958
0.7592	-357.46890705042176
0.76	-550.7130497372344
0.7608	-607.5771229896169
0.7616	-506.97145275518466
0.7624000000000001	-287.6385549133616
0.7632	12.61642003574501
0.764	163.6812873506583
0.7648	556.7313689021656
0.7656000000000001	610.6273753454582
0.7664000000000001	564.3861635530794
0.7672	367.39241353215846
0.768	79.32241084806425
0.7688	-223.43211783793885
0.7696000000000001	-469.9473137333446
0.7704000000000001	-598.0477043330959
0.7712	-584.3003461229538
0.772	-462.91741374920474
0.7728	-141.88524735752583
0.7736000000000001	169.93009358314052
0.7744000000000001	289.2823083646198
0.7752	32.30015416986847
0.776	614.8453240022895
0.7768	480.9645320298368
0.7776000000000001	230.07485770638652
0.7784000000000001	-74.2419540842069
0.7792	-357.7813470903774
0.78	-551.0254897086932
0.7808	-608.0457829213999
0.7816000000000001	-457.1372737207353
0.7824	-286.07635456687166
0.7832	12.147759707836196
0.784	236.1674446270465
0.7848	534.5480873056686
0.7856000000000001	611.7209175852254
0.7864	564.3861635530794
0.7872	366.76753263525995
0.788	79.94729136362355
0.7888000000000001	-223.43211783793885
0.7896000000000001	-469.47865373611666
0.7904	-598.360144290372
0.7912	-585.2376660065471
0.792	-451.200913652187
0.7928000000000001	-141.57280722091235
0.7936000000000001	168.68033233026696
0.7944	283.65838132338877
0.7952	-63.15032790286678
0.796	613.2831207904727
0.7968000000000001	480.49587122849846
0.7976000000000001	229.91863752997614
0.7984	-74.39817416977958
0.7992	-357.62512707041515
0.8	-550.7130497372344
0.8008000000000001	-607.8895629441612
0.8016000000000001	-382.46410985715414
0.8024	-285.6076944622683
0.8032	12.61642003574501
0.804	236.3236648055433
0.8048000000000001	515.3329923004586
0.8056000000000001	607.5029689638288
0.8064	564.2299432525484
0.8072	367.23619330784845
0.808	79.63485110575051
0.8088000000000001	-223.1196777403313
0.8096	-469.63487373521974
0.8104	-598.360144290372
0.8112	-585.0814460260058
0.812	-448.2327336028808
0.8128000000000001	-141.57280722091235
0.8136	170.86741452489173
0.8144	175.71023941927567
0.8152	-82.05295831246552
0.8160000000000001	613.2831207904727
0.8168000000000001	480.9645320298368
0.8176	230.07485770638652
0.8184	-74.39817416977958
0.8192	-357.9375671103086
0.8200000000000001	-551.4941496656996
0.8208000000000001	-607.8895629441612
0.8216	-318.7263411166812
0.8224	-285.9201345320376
0.8232	12.77264014513656
0.8240000000000001	186.33321032426474
0.8248000000000001	517.3638559555374
0.8256	613.4393411113588
0.8264	564.5423838536742
0.8272	366.76753263525995
0.8280000000000001	79.63485110575051
0.8288000000000001	-223.43211783793885
0.8296	-470.25975373136095
0.8304	-598.9850242046534
0.8312	-583.8316861808462
0.8320000000000001	-428.0803529998298
0.8328	-142.1976874939841
0.8336	168.36789201754735
0.8344	281.3150784101969
0.8352	76.97910892136647
0.8360000000000001	612.3457988665363
0.8368	480.80831176266304
0.8376	229.91863752997614
0.8384	-74.55439425531101
0.8392000000000001	-357.9375671103086
0.8400000000000001	-551.1817096943862
0.8408	-607.8895629441612
0.8416	-308.4158192041496
0.8424	-285.1390343573617
0.8432000000000001	12.61642003574501
0.8440000000000001	238.97940784799098
0.8448	520.4882615992921
0.8456	603.5974610236252
0.8464	564.698604154333
0.8472000000000001	367.23619330784845
0.8480000000000001	79.79107123466368
0.8488	-223.1196777403313
0.8496	-470.25975373136095
0.8504	-598.6725842475578
0.8512000000000001	-584.6127860842438
0.8520000000000001	-451.8257936612874
0.8528	-141.57280722091235
0.8536	169.30521295630464
0.8544	296.4684374639282
0.8552000000000001	5.117854836955679
0.8560000000000001	613.5955614323102
0.8568	480.49587122849846
0.8576	229.60619717731154
0.8584	-74.08573399859303
0.8592000000000001	-357.62512707041515
0.86	-550.5568297514686
0.8608	-607.5771229896169
0.8616	-382.6203298722379
0.8624	-285.9201345320376
0.8632000000000001	12.77264014513656
0.864	116.81524311652765
0.8648	521.1131427310363
0.8656	609.8462737475925
0.8664000000000001	564.8548244550559
0.8672000000000001	367.07997308359535
0.868	79.63485110575051
0.8688	-223.1196777403313
0.8696	-469.63487373521974
0.8704000000000001	-598.9850242046534
0.8712000000000001	-583.2068062577126
0.872	-437.9222133531006
0.8728	-141.88524735752583
0.8736	168.68033233026696
0.8744000000000001	231.01217876594208
0.8752000000000001	72.76116547972043
0.876	613.2831207904727
0.8768	480.80831176266304
0.8776	230.07485770638652
0.8784000000000001	-74.55439425531101
0.8792000000000001	-357.7813470903774
0.88	-551.1817096943862
0.8808	-607.5771229896169
0.8816	-369.4978484992412
0.8824000000000001	-285.4514744273331
0.8832000000000001	12.460199926397772
0.884	229.60619717731154
0.8848	514.8643314584725
0.8856	609.8462737475925
0.8864000000000001	564.2299432525484
0.8872	367.07997308359535
0.888	79.47863097688403
0.8888	-223.58833788668875
0.8896000000000001	-469.7910937342957
0.8904000000000001	-598.2039243117453
0.8912	-585.3938859870652
0.892	-441.67149345809264
0.8928	-141.7290272892385
0.8936000000000001	170.2425338968579
0.8944000000000001	189.92627406547174
0.8952	-35.03071128729561
0.896	613.7517817533277
0.8968	480.6520914955503
0.8976000000000001	229.76241735361782
0.8984000000000001	-74.08573399859303
0.8992	-357.7813470903774
0.9	-551.0254897086932
0.9008	-607.7333429669001
0.9016000000000001	-292.63759599956506
0.9024000000000001	-285.6076944622683
0.9032	12.77264014513656
0.904	192.73823701204907
0.9048	538.453594536563
0.9056000000000001	619.0632727070534
0.9064000000000001	564.8548244550559
0.9072	366.61131241117766
0.908	79.47863097688403
0.9088	-222.65101759365058
0.9096000000000001	-469.7910937342957
0.9104000000000001	-598.6725842475578
0.9112	-583.8316861808462
0.912	-427.45547297357973
0.9128000000000001	-141.88524735752583
0.9136000000000001	166.18080983409124
0.9144	292.7191527021315
0.9152	220.23298669395763
0.916	612.9706801488978
0.9168000000000001	481.12075229707153
0.9176000000000001	229.44997700105728
0.9184	-74.2419540842069
0.9192	-357.7813470903774
0.92	-551.1817096943862
0.9208000000000001	-608.2020028986166
0.9216000000000001	-295.76199666104156
0.9224	-285.9201345320376
0.9232	12.61642003574501
0.924	150.55879452079407
0.9248000000000001	530.7988004009917
0.9256000000000001	606.7218673725165
0.9264	564.3861635530794
0.9272	366.92375285939914
0.928	79.63485110575051
0.9288000000000001	-223.1196777403313
0.9296000000000001	-469.63487373521974
0.9304	-598.5163642689762
0.9312	-585.2376660065471
0.932	-449.4824936248668
0.9328000000000001	-141.88524735752583
0.9336000000000001	168.68033233026696
0.9344	294.75001527755194
0.9352	13.866180912118521
0.936	614.0642223955597
0.9368000000000001	481.12075229707153
0.9376000000000001	229.91863752997614
0.9384	-74.08573399859303
0.9392	-357.7813470903774
0.9400000000000001	-551.1817096943862
0.9408000000000001	-607.4209030123113
0.9416	-369.3416284815977
0.9424	-285.76391449716976
0.9432	12.77264014513656
0.9440000000000001	112.90973962749868
0.9448000000000001	524.7062092579565
0.9456	608.2840705567785
0.9464	564.8548244550559
0.9472	367.23619330784845
0.9480000000000001	79.79107123466368
0.9488000000000001	-222.18235744664648
0.9496	-469.9473137333446
0.9504	-598.8288042261169
0.9512	-585.0814460260058
0.9520000000000001	-448.7013936113346
0.9528000000000001	-141.88524735752583
0.9536	166.96191061277622
0.9544	290.21962954497536
0.9552	10.741778726500943
0.9560000000000001	613.9080020744108
0.9568000000000001	480.49587122849846
0.9576	229.60619717731154
0.9584	-74.39817416977958
0.9592	-357.62512707041515
0.9600000000000001	-551.3379296800549
0.9608000000000001	-607.2646830349837
0.9616	-369.0291884462183
0.9624	-285.4514744273331
0.9632000000000001	12.77264014513656
0.9640000000000001	80.25973162168341
0.9648	530.7988004009917
0.9656	607.3467486454356
0.9664	565.0110447558427
0.9672000000000001	366.92375285939914
0.9680000000000001	79.63485110575051
0.9688	-223.27589778915302
0.9696	-470.5721937292689
0.9704	-599.297464161659
0.9712000000000001	-585.5501059675606
0.9720000000000001	-440.4217334248996
0.9728	-141.88524735752583
0.9736	163.83750750549996
0.9744	350.98929028942933
0.9752000000000001	53.38987010682829
0.9760000000000001	613.2831207904727
0.9768	480.80831176266304
0.9776	229.76241735361782
0.9784	-73.92951391293794
0.9792000000000001	-357.9375671103086
0.9800000000000001	-550.8692697229758
0.9808	-607.7333429669001
0.9816	-224.68187822693326
0.9824	-285.6076944622683
0.9832000000000001	12.928860254572426
0.9840000000000001	77.29154917765328
0.9848	532.2047829860051
0.9856	616.0950865764769
0.9864	565.0110447558427
0.9872000000000001	367.07997308359535
0.9880000000000001	79.47863097688403
0.9888	-222.65101759365058
0.9896	-469.47865373611666
0.9904000000000001	-598.5163642689762
0.9912000000000001	-583.3630262385307
0.992	-434.4853732425561
0.9928	-141.7290272892385
0.9936	166.33702998972865
0.9944000000000001	302.7172454699458
0.9952000000000001	137.9049624780921
0.996	613.5955614323102
0.9968	480.80831176266304
0.9976	230.07485770638652
0.9984000000000001	-73.92951391293794
0.9992000000000001	-357.46890705042176
