0	180.40951555347107
0.0008	-85.78956639793044
0.0016	-325.4311265337089
0.0024000000000000002	-483.6819968097227
0.0032	-518.0503952539765
0.004	-234.19862601652096
0.0048000000000000004	-215.45222034434755
0.0056	45.27909658601895
0.0064	297.7308691143501
0.007200000000000001	465.98005467586927
0.008	552.2136471932691
0.0088	483.4767241061203
0.009600000000000001	301.0114932780686
0.010400000000000001	48.559719058346246
0.0112	-212.6402594490384
0.012	-417.28849613710446
0.0128	-518.6752752142072
0.013600000000000001	-485.0879767707941
0.014400000000000001	-358.549771215985
0.0152	-89.22640817483858
0.016	176.03535113483946
0.016800000000000002	401.3048723900548
0.0176	4.505647508791553
0.0184	533.467212427909
0.019200000000000002	404.741717572106
0.02	180.0970752365534
0.020800000000000003	-85.4771262354193
0.0216	-325.5873465591388
0.0224	-483.83821680550307
0.023200000000000002	-518.2066152440719
0.024	-240.7598678810719
0.024800000000000003	-216.0771005417198
0.0256	44.49799600031525
0.0264	298.35574990559235
0.027200000000000002	474.5721690332711
0.028	590.9562819427089
0.028800000000000003	483.1642835739055
0.0296	301.16771347693884
0.0304	48.24727882202463
0.031200000000000002	-212.0153792484934
0.032	-350.7387702388271
0.0328	-518.5190552241874
0.033600000000000005	-490.71189659373255
0.0344	-337.61628842132086
0.0352	-89.22640817483858
0.036000000000000004	176.34779144915603
0.0368	401.61731285999014
0.0376	-26.113492358330724
0.038400000000000004	530.6552472911754
0.0392	404.42927709984957
0.04	180.0970752365534
0.0408	-85.4771262354193
0.041600000000000005	-325.1186864827527
0.0424	-488.83725665653935
0.0432	-517.8941752638556
0.044000000000000004	-272.0038759174638
0.0448	-215.92088049243074
0.0456	44.81043623446091
0.046400000000000004	298.1995297077004
0.0472	476.60303245357755
0.048	585.3323508470348
0.0488	483.4767241061203
0.049600000000000005	301.16771347693884
0.0504	48.24727882202463
0.0512	-212.17159929868376
0.052000000000000005	-309.4966837703068
0.0528	-518.8314952042019
0.0536	-489.1496966463339
0.054400000000000004	-337.772508444265
0.055200000000000006	-88.91396801411234
0.056	176.19157129197276
0.0568	400.99243192035124
0.057600000000000005	-29.550334485035016
0.0584	530.9676878609218
0.0592	404.5854973359488
0.060000000000000005	180.0970752365534
0.0608	-85.4771262354193
0.0616	-319.8072055968163
0.062400000000000004	-487.89993668652465
0.0632	-517.8941752638556
0.064	-283.8765986123803
0.0648	-214.82734014639925
0.0656	45.12287646878766
0.0664	298.1995297077004
0.06720000000000001	470.51044222335634
0.068	584.0825883926935
0.0688	483.7891646385787
0.06960000000000001	301.79259427296375
0.0704	48.40349894016275
0.0712	-211.54671909770525
0.07200000000000001	-303.7165426842301
0.0728	-518.2066152440719
0.0736	-487.89993668652465
0.07440000000000001	-347.92680986799945
0.0752	-88.91396801411234
0.076	176.03535113483946
0.07680000000000001	399.5864498095533
0.0776	-12.209903543087076
0.0784	531.9050095716633
0.0792	405.0541580445947
0.08	180.40951555347107
0.08080000000000001	-85.4771262354193
0.0816	-325.5873465591388
0.0824	-488.52481666663954
0.08320000000000001	-518.0503952539765
0.084	-276.53425696881965
0.0848	-215.45222034434755
0.08560000000000001	45.74775693798458
0.0864	297.88708931207924
0.0872	475.35327034756153
0.08800000000000001	591.2687225615921
0.0888	483.4767241061203
0.0896	301.6363740738759
0.09040000000000001	48.24727882202463
0.0912	-211.70293914800408
0.092	-310.43400394220726
0.09280000000000001	-518.6752752142072
0.0936	-490.8681165883282
0.0944	-268.25459502576354
0.0952	-89.22640817483858
0.096	176.03535113483946
0.09680000000000001	401.61731285999014
0.0976	30.281965537507883
0.0984	534.7169747174173
0.09920000000000001	404.741717572106
0.1	180.56573571200505
0.1008	-85.78956639793044
0.10160000000000001	-322.30672601836386
0.1024	-487.11883671078914
0.1032	-518.2066152440719
0.10400000000000001	-291.0627201491643
0.1048	-206.3914574175335
0.1056	45.27909658601895
0.10640000000000001	297.88708931207924
0.1072	468.3233585734053
0.108	578.3024370949928
0.10880000000000001	483.4767241061203
0.1096	301.6363740738759
0.11040000000000001	48.872159294849496
0.11120000000000001	-211.70293914800408
0.112	-318.8698854366061
0.11280000000000001	-518.3628352341423
0.1136	-490.2432366097884
0.1144	-360.5806314573603
0.11520000000000001	-89.22640817483858
0.116	176.19157129197276
0.1168	401.61731285999014
0.11760000000000001	-14.865645253240974
0.1184	531.2801284309187
0.1192	404.42927709984957
0.12000000000000001	180.0970752365534
0.1208	-85.4771262354193
0.1216	-314.8081647289002
0.12240000000000001	-486.8063967203106
0.1232	-518.2066152440719
0.124	-286.5323391885681
0.12480000000000001	-216.0771005417198
0.12560000000000002	44.65421611736544
0.1264	298.1995297077004
0.1272	486.6011294416717
0.128	560.9619837286446
0.1288	483.3205038399824
0.1296	301.94881447210605
0.13040000000000002	48.559719058346246
0.1312	-212.32781934883815
0.132	-265.7550744203816
0.1328	-518.2066152440719
0.1336	-491.02433658289766
0.13440000000000002	-359.1746512908101
0.13520000000000001	-89.6950684156242
0.136	176.03535113483946
0.1368	401.3048723900548
0.1376	-42.67282241592946
0.1384	530.4990270063961
0.13920000000000002	405.0541580445947
0.14	180.0970752365534
0.1408	-85.6333463166952
0.1416	-313.71462453461805
0.1424	-486.49395672972673
0.1432	-517.8941752638556
0.14400000000000002	-330.2739473071433
0.1448	-215.45222034434755
0.1456	44.81043623446091
0.1464	298.0433095098627
0.1472	468.63579909410237
0.14800000000000002	579.0835386165617
0.14880000000000002	483.63294437231906
0.1496	301.79259427296375
0.1504	48.559719058346246
0.1512	-211.39049904737027
0.152	-304.49764283362
0.15280000000000002	-518.3628352341423
0.15360000000000001	-490.8681165883282
0.1544	-352.76963050036085
0.1552	-89.38262825514094
0.156	176.03535113483946
0.1568	400.8362116855864
0.15760000000000002	-42.51660232327008
0.1584	530.186586437025
0.1592	405.0541580445947
0.16	180.72195587058917
0.1608	-85.3209061541028
0.16160000000000002	-325.89978660990243
0.16240000000000002	-486.1815167390374
0.1632	-518.2066152440719
0.164	-220.13882181062195
0.1648	-215.45222034434755
0.1656	44.81043623446091
0.16640000000000002	298.1995297077004
0.16720000000000002	469.8855611793053
0.168	583.3014868608257
0.1688	483.7891646385787
0.1696	301.32393367586343
0.1704	48.71593917657517
0.17120000000000002	-212.0153792484934
0.17200000000000001	-365.42345201193916
0.1728	-519.1439351841158
0.1736	-489.7745766256082
0.1744	-360.73685147571166
0.1752	-88.91396801411234
0.17600000000000002	175.87913097775612
0.1768	401.61731285999014
0.1776	-0.49339584873748876
0.1784	533.3109921420024
0.1792	404.2730568638085
0.18000000000000002	180.40951555347107
0.18080000000000002	-85.6333463166952
0.1816	-325.4311265337089
0.1824	-483.6819968097227
0.1832	-518.5190552241874
0.184	-130.46850798575537
0.18480000000000002	-218.26418122799112
0.18560000000000001	45.27909658601895
0.1864	297.88708931207924
0.1872	469.5731206576422
0.188	581.426843190915
0.1888	483.3205038399824
0.18960000000000002	301.4801538748425
0.1904	48.40349894016275
0.1912	-211.54671909770525
0.192	-381.98277368659075
0.1928	-518.8314952042019
0.19360000000000002	-490.71189659373255
0.19440000000000002	-351.5198703400401
0.1952	-88.75774793368846
0.196	176.5040116063892
0.1968	401.46109262499346
0.1976	-2.8366974071785602
0.19840000000000002	533.1547718561585
0.19920000000000002	404.42927709984957
0.2	180.40951555347107
0.2008	-85.00846599134786
0.2016	-325.89978660990243
0.2024	-486.49395672972673
0.20320000000000002	-517.8941752638556
0.20400000000000001	-226.7000638092528
0.2048	-215.45222034434755
0.2056	45.27909658601895
0.2064	298.1995297077004
0.20720000000000002	471.13532326837424
0.20800000000000002	590.6438413240846
0.2088	484.1016051712807
0.2096	301.6363740738759
0.2104	48.71593917657517
0.2112	-212.32781934883815
0.21200000000000002	-416.8198361143573
0.21280000000000002	-518.8314952042019
0.2136	-491.4929965664489
0.2144	-346.83326972105283
0.2152	-88.91396801411234
0.216	175.7229108207227
0.21680000000000002	401.46109262499346
0.21760000000000002	-25.17617177473228
0.2184	530.9676878609218
0.2192	405.21037828092625
0.22	180.0970752365534
0.22080000000000002	-85.4771262354193
0.22160000000000002	-323.40026620019745
0.22240000000000001	-487.58749669630936
0.2232	-517.8941752638556
0.224	-265.4426343440935
0.2248	-215.45222034434755
0.22560000000000002	44.96665635160164
0.22640000000000002	297.57464891667524
0.2272	471.13532326837424
0.228	589.3940788521752
0.2288	483.4767241061203
0.2296	301.94881447210605
0.23040000000000002	48.24727882202463
0.23120000000000002	-211.70293914800408
0.232	-318.8698854366061
0.2328	-518.2066152440719
0.2336	-490.08701661508786
0.23440000000000003	-349.6452300958189
0.23520000000000002	-88.91396801411234
0.23600000000000002	176.34779144915603
0.2368	402.0859735653281
0.2376	2.006125824427376
0.2384	531.2801284309187
0.23920000000000002	404.8979378083213
0.24000000000000002	180.25329539498722
0.24080000000000001	-85.16468607274565
0.2416	-323.0878261484059
0.2424	-487.27505670598885
0.2432	-518.0503952539765
0.24400000000000002	-209.98451859272797
0.24480000000000002	-215.76466044310564
0.2456	45.12287646878766
0.2464	298.1995297077004
0.2472	473.32240693355607
0.248	591.4249428711307
0.24880000000000002	483.1642835739055
0.24960000000000002	301.4801538748425
0.2504	49.34081964994499
0.25120000000000003	-212.0153792484934
0.252	-416.3511760913506
0.2528	-518.8314952042019
0.2536	-487.7437166914302
0.2544	-354.80049075663595
0.25520000000000004	-89.22640817483858
0.256	176.03535113483946
0.25680000000000003	402.2421938005567
0.2576	10.285791446903385
0.2584	531.5925690011658
0.2592	404.42927709984957
0.26	180.0970752365534
0.26080000000000003	-85.6333463166952
0.2616	-325.4311265337089
0.2624	-483.83821680550307
0.2632	-517.4255152933421
0.264	-242.1658482725482
0.26480000000000004	-216.5457606893711
0.2656	45.12287646878766
0.2664	298.1995297077004
0.2672	466.2924951947568
0.268	526.7497401904475
0.26880000000000004	483.3205038399824
0.2696	301.4801538748425
0.27040000000000003	48.559719058346246
0.2712	-212.48403939895633
0.272	-417.1322761295509
0.2728	-518.6752752142072
0.2736	-486.49395672972673
0.27440000000000003	-92.19458969366453
0.2752	-89.38262825514094
0.276	175.87913097775612
0.2768	402.5546342711879
0.2776	97.30039817678323
0.27840000000000004	538.1538210342694
0.2792	404.2730568638085
0.28	180.40951555347107
0.2808	-85.16468607274565
0.2816	-325.7435665845366
0.28240000000000004	-483.9944368012569
0.2832	-517.8941752638556
0.28400000000000003	-177.64696731847312
0.2848	-216.70198073851634
0.2856	44.96665635160164
0.2864	297.7308691143501
0.2872	466.7611559735404
0.28800000000000003	565.0237114735734
0.2888	483.4767241061203
0.2896	301.4801538748425
0.2904	48.559719058346246
0.2912	-212.7964794990844
0.29200000000000004	-416.66361610671726
0.2928	-518.5190552241874
0.2936	-489.3059166411919
0.2944	-113.90918036395911
0.2952	-89.38262825514094
0.29600000000000004	176.03535113483946
0.2968	401.61731285999014
0.29760000000000003	-1.4307164732916409
0.2984	536.5916181592064
0.2992	404.741717572106
0.3	179.9408550781697
0.3008	-84.85224590990941
0.30160000000000003	-326.99332678656526
0.3024	-486.3377367343953
0.3032	-517.7379552737098
0.304	-206.23523736600265
0.3048	-215.2960002949145
0.30560000000000004	44.96665635160164
0.3064	298.35574990559235
0.30720000000000003	470.19800170121
0.308	591.4249428711307
0.3088	483.7891646385787
0.30960000000000004	301.0114932780686
0.3104	48.09105870393191
0.31120000000000003	-211.39049904737027
0.312	-355.58159085380566
0.3128	-518.8314952042019
0.3136	-491.33677657195796
0.3144	-340.42824882947735
0.31520000000000004	-89.0701880944957
0.316	176.03535113483946
0.3168	401.61731285999014
0.3176	-9.085501515140031
0.3184	531.4363487160108
0.31920000000000004	404.2730568638085
0.32	180.40951555347107
0.32080000000000003	-85.78956639793044
0.3216	-325.4311265337089
0.3224	-484.15065679698444
0.32320000000000004	-517.4255152933421
0.324	-262.9431137288563
0.32480000000000003	-215.45222034434755
0.3256	44.81043623446091
0.3264	298.35574990559235
0.3272	467.22981675286644
0.328	589.8627397786561
0.32880000000000004	483.94538490489924
0.3296	301.6363740738759
0.3304	48.40349894016275
0.3312	-212.6402594490384
0.332	-416.5073960990485
0.33280000000000004	-518.8314952042019
0.3336	-487.27505670598885
0.33440000000000003	-338.24116851290756
0.3352	-88.75774793368846
0.336	176.03535113483946
0.33680000000000004	401.14865215517403
0.3376	-23.926410994205156
0.33840000000000003	531.5925690011658
0.3392	404.42927709984957
0.34	179.9408550781697
0.3408	-85.4771262354193
0.3416	-325.4311265337089
0.34240000000000004	-483.9944368012569
0.3432	-517.4255152933421
0.34400000000000003	-148.90247595486164
0.3448	-215.45222034434755
0.3456	44.81043623446091
0.34640000000000004	298.1995297077004
0.3472	467.3860370127625
0.34800000000000003	582.520385330569
0.3488	483.7891646385787
0.3496	301.32393367586343
0.3504	48.872159294849496
0.3512	-212.32781934883815
0.35200000000000004	-416.8198361143573
0.3528	-518.9877151941713
0.3536	-487.11883671078914
0.3544	-327.1495468116746
0.3552	-88.91396801411234
0.35600000000000004	176.6602317636724
0.3568	402.0859735653281
0.35760000000000003	15.753495227632687
0.3584	534.7169747174173
0.3592	404.5854973359488
0.36000000000000004	179.7846349198361
0.3608	-85.3209061541028
0.36160000000000003	-325.89978660990243
0.3624	-483.83821680550307
0.3632	-517.5817352835385
0.364	-189.83213175199688
0.3648	-215.45222034434755
0.36560000000000004	44.65421611736544
0.3664	298.35574990559235
0.3672	471.60398405277243
0.368	592.0498241099328
0.3688	483.1642835739055
0.36960000000000004	301.4801538748425
0.3704	48.71593917657517
0.37120000000000003	-212.17159929868376
0.372	-416.97605612196855
0.3728	-518.8314952042019
0.37360000000000004	-489.9307966203611
0.3744	-330.7426073803614
0.37520000000000003	-88.91396801411234
0.376	176.19157129197276
0.3768	401.3048723900548
0.3776	-47.20320508473577
0.3784	530.6552472911754
0.37920000000000004	404.2730568638085
0.38	180.25329539498722
0.3808	-85.3209061541028
0.3816	-324.4938063804551
0.3824	-488.0561566815929
0.38320000000000004	-517.2692953031203
0.384	-383.857413854757
0.38480000000000003	-216.38954064018998
0.3856	45.12287646878766
0.3864	298.35574990559235
0.38720000000000004	479.41499720630895
0.388	581.426843190915
0.38880000000000003	483.4767241061203
0.3896	301.6363740738759
0.3904	48.40349894016275
0.3912	-210.60939879515297
0.392	-331.6799275259365
0.39280000000000004	-518.5190552241874
0.3936	-489.9307966203611
0.39440000000000003	-349.8014501163422
0.3952	-88.91396801411234
0.396	176.03535113483946
0.39680000000000004	401.46109262499346
0.3976	-30.48765506146239
0.39840000000000003	530.8114675760173
0.3992	404.42927709984957
0.4	180.72195587058917
0.40080000000000005	-85.16468607274565
0.4016	-325.7435665845366
0.40240000000000004	-488.2123766766347
0.4032	-517.5817352835385
0.404	-310.12156388503763
0.4048	-215.76466044310564
0.4056	44.96665635160164
0.40640000000000004	298.1995297077004
0.4072	468.3233585734053
0.40800000000000003	586.2696726905004
0.4088	483.4767241061203
0.4096	301.6363740738759
0.41040000000000004	48.71593917657517
0.4112	-211.70293914800408
0.41200000000000003	-366.0483320813476
0.4128	-518.6752752142072
0.4136	-491.33677657195796
0.41440000000000005	-342.3028890958998
0.4152	-88.91396801411234
0.41600000000000004	176.34779144915603
0.4168	401.7735330950448
0.4176	-17.208946751844223
0.4184	531.5925690011658
0.4192	404.42927709984957
0.42000000000000004	179.9408550781697
0.4208	-85.94578647912506
0.42160000000000003	-328.3993070113969
0.4224	-485.4004167618527
0.4232	-517.8941752638556
0.42400000000000004	-331.99236757420647
0.4248	-216.0771005417198
0.42560000000000003	44.65421611736544
0.4264	297.41842871905465
0.4272	466.60493571388554
0.42800000000000005	583.6139274733795
0.4288	483.94538490489924
0.42960000000000004	301.32393367586343
0.4304	48.559719058346246
0.4312	-212.48403939895633
0.432	-416.8198361143573
0.4328	-519.1439351841158
0.43360000000000004	-488.2123766766347
0.4344	-359.01843127215017
0.43520000000000003	-88.75774793368846
0.436	175.7229108207227
0.4368	401.9297533301575
0.43760000000000004	37.936751125008215
0.4384	536.2791775849472
0.43920000000000003	404.741717572106
0.44	180.40951555347107
0.4408	-85.78956639793044
0.44160000000000005	-326.0560066352362
0.4424	-483.83821680550307
0.44320000000000004	-517.5817352835385
0.444	-227.3249439963165
0.44480000000000003	-217.9517411303836
0.4456	44.81043623446091
0.4464	297.88708931207924
0.44720000000000004	465.82383441651587
0.448	539.4035833388439
0.44880000000000003	483.7891646385787
0.4496	301.32393367586343
0.4504	48.559719058346246
0.45120000000000005	-212.48403939895633
0.452	-417.1322761295509
0.45280000000000004	-518.9877151941713
0.4536	-489.4621366360236
0.4544	-361.0492915123218
0.45520000000000005	-88.75774793368846
0.456	176.19157129197276
0.45680000000000004	402.2421938005567
0.4576	13.097753384524978
0.45840000000000003	534.0920935721615
0.4592	404.2730568638085
0.46	180.0970752365534
0.46080000000000004	-85.00846599134786
0.4616	-325.5873465591388
0.46240000000000003	-483.6819968097227
0.4632	-517.2692953031203
0.464	-198.26801468962867
0.46480000000000005	-215.92088049243074
0.4656	44.96665635160164
0.46640000000000004	297.88708931207924
0.4672	467.3860370127625
0.468	587.6756554600562
0.46880000000000005	483.94538490489924
0.4696	301.94881447210605
0.47040000000000004	49.02837941316924
0.4712	-212.32781934883815
0.47200000000000003	-400.5729551643095
0.4728	-518.8314952042019
0.4736	-491.4929965664489
0.47440000000000004	-340.1158087846321
0.4752	-88.91396801411234
0.47600000000000003	176.34779144915603
0.4768	401.3048723900548
0.4776	-8.616841209453403
0.47840000000000005	532.5298907134098
0.4792	404.741717572106
0.48000000000000004	180.40951555347107
0.4808	-85.3209061541028
0.48160000000000003	-325.27490650824683
0.4824	-487.58749669630936
0.4832	-517.4255152933421
0.48400000000000004	-334.4918879557832
0.4848	-215.45222034434755
0.48560000000000003	45.12287646878766
0.4864	298.51197010353866
0.4872	471.2915435297798
0.48800000000000004	592.3622647297224
0.4888	483.4767241061203
0.48960000000000004	301.94881447210605
0.4904	48.872159294849496
0.4912	-212.0153792484934
0.49200000000000005	-401.8227152486053
0.4928	-518.5190552241874
0.49360000000000004	-490.8681165883282
0.4944	-341.9904490518112
0.49520000000000003	-88.75774793368846
0.496	176.03535113483946
0.4968	402.2421938005567
0.49760000000000004	-17.99004724922455
0.4984	530.6552472911754
0.49920000000000003	404.5854973359488
0.5	180.56573571200505
0.5008	-85.16468607274565
0.5016	-325.89978660990243
0.5024000000000001	-483.6819968097227
0.5032	-517.1130753128732
0.504	-255.60077187071016
0.5048	-216.0771005417198
0.5056	44.81043623446091
0.5064000000000001	297.88708931207924
0.5072	471.7602043143594
0.508	575.6466919336724
0.5088	483.7891646385787
0.5096	301.4801538748425
0.5104000000000001	48.872159294849496
0.5112	-211.85915919826675
0.512	-375.42153306383995
0.5128	-518.6752752142072
0.5136000000000001	-489.3059166411919
0.5144000000000001	-361.9866116214127
0.5152	-88.91396801411234
0.516	176.03535113483946
0.5168	402.3984140358433
0.5176000000000001	-4.867558749896185
0.5184	533.7796529999098
0.5192	404.8979378083213
0.52	180.56573571200505
0.5208	-85.4771262354193
0.5216000000000001	-325.7435665845366
0.5224	-483.52577681391585
0.5232	-517.8941752638556
0.524	-201.39241575049743
0.5248	-215.76466044310564
0.5256000000000001	44.65421611736544
0.5264	297.88708931207924
0.5272	467.0735964930308
0.528	571.8974046786684
0.5288	483.7891646385787
0.5296000000000001	302.1050346713028
0.5304	48.559719058346246
0.5312	-212.9526995490943
0.532	-417.1322761295509
0.5328	-518.6752752142072
0.5336000000000001	-489.61835663082906
0.5344	-326.5246667110449
0.5352	-89.22640817483858
0.536	176.34779144915603
0.5368	400.99243192035124
0.5376000000000001	-25.95727226117122
0.5384	531.1239081458889
0.5392	404.741717572106
0.54	180.25329539498722
0.5408000000000001	-85.16468607274565
0.5416000000000001	-325.7435665845366
0.5424	-483.36955681808263
0.5432	-517.8941752638556
0.544	-248.41464997814643
0.5448000000000001	-216.0771005417198
0.5456	44.96665635160164
0.5464	297.7308691143501
0.5472	471.60398405277243
0.548	589.3940788521752
0.5488000000000001	483.94538490489924
0.5496	301.6363740738759
0.5504	48.09105870393191
0.5512	-211.85915919826675
0.552	-381.67033365814217
0.5528000000000001	-518.8314952042019
0.5536	-489.9307966203611
0.5544	-336.67896828299115
0.5552	-88.75774793368846
0.556	176.03535113483946
0.5568000000000001	400.6799914508796
0.5576	-17.521386950925503
0.5584	532.3736704278793
0.5592	404.741717572106
0.56	181.0343961879077
0.5608000000000001	-85.4771262354193
0.5616	-319.96342562340493
0.5624	-487.11883671078914
0.5632	-517.8941752638556
0.5640000000000001	-231.23044515258033
0.5648000000000001	-216.38954064018998
0.5656	45.12287646878766
0.5664	297.57464891667524
0.5672	474.4159487705947
0.5680000000000001	586.2696726905004
0.5688	483.94538490489924
0.5696	302.1050346713028
0.5704	48.24727882202463
0.5712	-212.0153792484934
0.5720000000000001	-378.0772733223232
0.5728	-518.8314952042019
0.5736	-491.4929965664489
0.5744	-363.23637176514325
0.5752	-88.91396801411234
0.5760000000000001	175.7229108207227
0.5768	401.61731285999014
0.5776	-37.98621961778516
0.5784	530.9676878609218
0.5792	404.42927709984957
0.5800000000000001	180.25329539498722
0.5808	-84.85224590990941
0.5816	-328.2430869865436
0.5824	-487.7437166914302
0.5832	-517.4255152933421
0.5840000000000001	-285.43879895248745
0.5848	-215.92088049243074
0.5856	44.49799600031525
0.5864	297.57464891667524
0.5872	468.3233585734053
0.5880000000000001	572.0536249802234
0.5888	484.1016051712807
0.5896	301.6363740738759
0.5904	48.09105870393191
0.5912000000000001	-212.17159929868376
0.5920000000000001	-397.6047749565573
0.5928	-519.1439351841158
0.5936	-491.33677657195796
0.5944	-347.1457097631942
0.5952000000000001	-89.22640817483858
0.596	176.03535113483946
0.5968	401.61731285999014
0.5976	-34.861817731203196
0.5984	530.6552472911754
0.5992000000000001	404.8979378083213
0.6	180.56573571200505
0.6008	-85.4771262354193
0.6016	-325.4311265337089
0.6024	-483.2133368222229
0.6032000000000001	-518.0503952539765
0.604	-188.8948114189643
0.6048	-216.0771005417198
0.6056	44.49799600031525
0.6064	297.7308691143501
0.6072000000000001	469.1044598756006
0.608	591.1125022521181
0.6088	484.1016051712807
0.6096	301.94881447210605
0.6104	48.40349894016275
0.6112000000000001	-212.48403939895633
0.612	-416.3511760913506
0.6128	-519.3001551740348
0.6136	-489.4621366360236
0.6144000000000001	-332.30480762234913
0.6152000000000001	-88.91396801411234
0.616	176.5040116063892
0.6168	401.61731285999014
0.6176	-0.024735535871101
0.6184000000000001	532.3736704278793
0.6192000000000001	404.5854973359488
0.62	180.72195587058917
0.6208	-85.00846599134786
0.6216	-329.33662715984525
0.6224000000000001	-485.0879767707941
0.6232	-517.4255152933421
0.624	-302.31056241325757
0.6248	-215.92088049243074
0.6256	45.12287646878766
0.6264000000000001	297.88708931207924
0.6272	469.5731206576422
0.628	585.0199102330625
0.6288	483.7891646385787
0.6296	301.32393367586343
0.6304000000000001	48.71593917657517
0.6312	-211.39049904737027
0.632	-416.1949560836241
0.6328	-519.4563751639287
0.6336	-491.1805565774409
0.6344000000000001	-349.02035001341306
0.6352	-89.22640817483858
0.636	175.7229108207227
0.6368	401.61731285999014
0.6376000000000001	-0.33717574449235865
0.6384000000000001	531.7487892863833
0.6392	404.1168366278255
0.64	180.72195587058917
0.6408	-85.78956639793044
0.6416000000000001	-325.7435665845366
0.6424000000000001	-483.0571168263367
0.6432	-517.8941752638556
0.644	-289.81295988697633
0.6448	-216.23332059097288
0.6456000000000001	44.49799600031525
0.6464000000000001	297.57464891667524
0.6472	467.54225727271876
0.648	588.456757000959
0.6488	484.4140457042263
0.6496000000000001	301.32393367586343
0.6504	48.872159294849496
0.6512	-211.85915919826675
0.652	-376.67129318656856
0.6528	-518.8314952042019
0.6536000000000001	-488.52481666663954
0.6544	-334.80432800290805
0.6552	-89.22640817483858
0.656	176.03535113483946
0.6568	401.9297533301575
0.6576000000000001	-9.866602023750772
0.6584	531.1239081458889
0.6592	404.42927709984957
0.66	180.25329539498722
0.6608	-85.3209061541028
0.6616000000000001	-325.4311265337089
0.6624	-488.2123766766347
0.6632	-517.7379552737098
0.664	-282.31439826891625
0.6648000000000001	-216.5457606893711
0.6656000000000001	44.49799600031525
0.6664	297.88708931207924
0.6672	469.8855611793053
0.668	559.7122213542503
0.6688000000000001	484.25782543772306
0.6696000000000001	301.32393367586343
0.6704	48.71593917657517
0.6712	-212.48403939895633
0.672	-416.66361610671726
0.6728000000000001	-518.8314952042019
0.6736000000000001	-491.02433658289766
0.6744	-337.772508444265
0.6752	-89.22640817483858
0.676	175.87913097775612
0.6768000000000001	401.3048723900548
0.6776	-16.27162615356668
0.6784	532.5298907134098
0.6792	404.42927709984957
0.68	180.72195587058917
0.6808000000000001	-85.16468607274565
0.6816	-326.0560066352362
0.6824	-485.24419676633664
0.6832	-517.2692953031203
0.684	-249.03953014563518
0.6848000000000001	-216.0771005417198
0.6856	44.81043623446091
0.6864	297.7308691143501
0.6872	468.9482396150408
0.6880000000000001	590.3314007057191
0.6888000000000001	484.1016051712807
0.6896	301.4801538748425
0.6904	48.872159294849496
0.6912	-212.32781934883815
0.6920000000000001	-416.66361610671726
0.6928000000000001	-519.3001551740348
0.6936	-488.83725665653935
0.6944	-359.9557513836466
0.6952	-88.75774793368846
0.6960000000000001	176.03535113483946
0.6968000000000001	402.5546342711879
0.6976	3.880767086649328
0.6984	535.3418558636763
0.6992	405.0541580445947
0.7000000000000001	180.40951555347107
0.7008	-85.4771262354193
0.7016	-325.4311265337089
0.7024	-483.2133368222229
0.7032	-517.7379552737098
0.7040000000000001	-237.1668068677048
0.7048	-216.0771005417198
0.7056	44.81043623446091
0.7064	298.51197010353866
0.7072	469.8855611793053
0.7080000000000001	583.770147779753
0.7088	484.1016051712807
0.7096	301.4801538748425
0.7104	48.872159294849496
0.7112	-211.54671909770525
0.7120000000000001	-416.97605612196855
0.7128	-519.7688151436408
0.7136	-488.2123766766347
0.7144	-325.27490650824683
0.7152000000000001	-88.91396801411234
0.7160000000000001	175.7229108207227
0.7168	401.9297533301575
0.7176	-25.801052163968954
0.7184	531.5925690011658
0.7192000000000001	404.741717572106
0.7200000000000001	180.0970752365534
0.7208	-85.16468607274565
0.7216	-325.1186864827527
0.7224	-483.0571168263367
0.7232000000000001	-517.7379552737098
0.7240000000000001	-281.2208580264911
0.7248	-216.70198073851634
0.7256	44.34177588331031
0.7264	297.7308691143501
0.7272000000000001	469.5731206576422
0.728	571.5849640757509
0.7288	483.94538490489924
0.7296	301.0114932780686
0.7304	49.02837941316924
0.7312000000000001	-212.0153792484934
0.732	-416.3511760913506
0.7328	-519.6125951537973
0.7336	-491.33677657195796
0.7344	-338.7098285812653
0.7352000000000001	-89.22640817483858
0.736	176.34779144915603
0.7368	401.3048723900548
0.7376	-39.54842055472485
0.7384000000000001	530.186586437025
0.7392000000000001	404.2730568638085
0.74	180.56573571200505
0.7408	-85.3209061541028
0.7416	-325.7435665845366
0.7424000000000001	-483.2133368222229
0.7432000000000001	-517.5817352835385
0.744	-234.0424059713688
0.7448	-217.17064088573608
0.7456	44.96665635160164
0.7464000000000001	297.57464891667524
0.7472000000000001	476.44681219011335
0.748	547.9956992918857
0.7488	484.1016051712807
0.7496	301.32393367586343
0.7504000000000001	49.02837941316924
0.7512000000000001	-211.39049904737027
0.752	-350.58255021849095
0.7528	-519.4563751639287
0.7536	-489.4621366360236
0.7544000000000001	-326.2122266605378
0.7552	-89.85128849580511
0.756	176.34779144915603
0.7568	401.7735330950448
0.7576	-52.51468816871412
0.7584000000000001	530.6552472911754
0.7592	404.5854973359488
0.76	180.40951555347107
0.7608	-85.6333463166952
0.7616	-322.46294604443665
0.7624000000000001	-487.4312767011623
0.7632	-517.4255152933421
0.764	-215.92088049243074
0.7648	-216.8582007876255
0.7656000000000001	45.27909658601895
0.7664000000000001	297.7308691143501
0.7672	469.8855611793053
0.768	557.6813575045405
0.7688	485.0389267708487
0.7696000000000001	301.4801538748425
0.7704000000000001	48.40349894016275
0.7712	-212.32781934883815
0.772	-416.5073960990485
0.7728	-518.8314952042019
0.7736000000000001	-489.9307966203611
0.7744000000000001	-334.9605480264228
0.7752	-89.22640817483858
0.776	175.87913097775612
0.7768	401.14865215517403
0.7776000000000001	-41.89172195221091
0.7784000000000001	530.4990270063961
0.7792	404.42927709984957
0.78	180.40951555347107
0.7808	-85.4771262354193
0.7816000000000001	-325.4311265337089
0.7824	-483.6819968097227
0.7832	-517.1130753128732
0.784	-229.19958455409318
0.7848	-216.70198073851634
0.7856000000000001	44.49799600031525
0.7864	298.0433095098627
0.7872	468.9482396150408
0.788	590.3314007057191
0.7888000000000001	483.3205038399824
0.7896000000000001	301.6363740738759
0.7904	48.872159294849496
0.7912	-212.32781934883815
0.792	-417.28849613710446
0.7928000000000001	-519.1439351841158
0.7936000000000001	-487.89993668652465
0.7944	-325.1186864827527
0.7952	-89.22640817483858
0.796	175.87913097775612
0.7968000000000001	401.9297533301575
0.7976000000000001	-18.458707547136278
0.7984	531.1239081458889
0.7992	404.42927709984957
0.8	180.40951555347107
0.8008000000000001	-85.4771262354193
0.8016000000000001	-324.96246645722647
0.8024	-483.6819968097227
0.8032	-517.8941752638556
0.804	-214.6711200968221
0.8048000000000001	-216.0771005417198
0.8056000000000001	44.81043623446091
0.8064	297.7308691143501
0.8072	466.60493571388554
0.808	589.5502991609375
0.8088000000000001	483.63294437231906
0.8096	301.32393367586343
0.8104	48.559719058346246
0.8112	-212.32781934883815
0.812	-416.5073960990485
0.8128000000000001	-519.1439351841158
0.8136	-484.3068767926854
0.8144	-321.99428596612177
0.8152	-89.38262825514094
0.8160000000000001	176.03535113483946
0.8168000000000001	401.9297533301575
0.8176	-30.64387515738452
0.8184	530.9676878609218
0.8192	404.741717572106
0.8200000000000001	180.56573571200505
0.8208000000000001	-85.3209061541028
0.8216	-324.96246645722647
0.8224	-483.0571168263367
0.8232	-517.5817352835385
0.8240000000000001	-222.4821225316545
0.8248000000000001	-217.01442083669878
0.8256	44.65421611736544
0.8264	297.88708931207924
0.8272	476.60303245357755
0.8280000000000001	558.1500183919815
0.8288000000000001	484.4140457042263
0.8296	301.32393367586343
0.8304	48.872159294849496
0.8312	-212.32781934883815
0.8320000000000001	-416.66361610671726
0.8328	-519.1439351841158
0.8336	-488.52481666663954
0.8344	-329.1804071351837
0.8352	-89.6950684156242
0.8360000000000001	176.5040116063892
0.8368	400.99243192035124
0.8376	-68.76157730299023
0.8384	531.9050095716633
0.8392000000000001	405.21037828092625
0.8400000000000001	181.0343961879077
0.8408	-85.16468607274565
0.8416	-322.61916607047726
0.8424	-486.8063967203106
0.8432000000000001	-517.2692953031203
0.8440000000000001	-422.9124163898821
0.8448	-217.79552108152592
0.8456	44.96665635160164
0.8464	297.57464891667524
0.8472000000000001	477.07169324433414
0.8480000000000001	559.399780761288
0.8488	484.1016051712807
0.8496	301.94881447210605
0.8504	48.40349894016275
0.8512000000000001	-211.23427899699914
0.8520000000000001	-352.30097044047403
0.8528	-518.8314952042019
0.8536	-489.61835663082906
0.8544	-330.11772728267346
0.8552000000000001	-89.0701880944957
0.8560000000000001	176.5040116063892
0.8568	401.3048723900548
0.8576	-29.70655458121277
0.8584	530.9676878609218
0.8592000000000001	405.0541580445947
0.86	180.40951555347107
0.8608	-85.00846599134786
0.8616	-328.2430869865436
0.8624	-488.6810366616026
0.8632000000000001	-517.4255152933421
0.864	-268.56703510082167
0.8648	-216.5457606893711
0.8656	44.81043623446091
0.8664000000000001	297.57464891667524
0.8672000000000001	466.448715454291
0.868	590.1751803966334
0.8688	484.1016051712807
0.8696	301.32393367586343
0.8704000000000001	48.872159294849496
0.8712000000000001	-211.39049904737027
0.872	-392.4495145703747
0.8728	-518.9877151941713
0.8736	-488.9934766514497
0.8744000000000001	-325.4311265337089
0.8752000000000001	-89.22640817483858
0.876	176.03535113483946
0.8768	401.7735330950448
0.8776	-8.92928141328785
0.8784000000000001	531.9050095716633
0.8792000000000001	404.5854973359488
0.88	180.87817602922337
0.8808	-85.4771262354193
0.8816	-327.7744269117918
0.8824000000000001	-484.93175677522515
0.8832000000000001	-517.4255152933421
0.884	-268.56703510082167
0.8848	-216.5457606893711
0.8856	45.12287646878766
0.8864000000000001	297.57464891667524
0.8872	476.75925271710247
0.888	583.770147779753
0.8888	483.63294437231906
0.8896000000000001	301.6363740738759
0.8904000000000001	48.40349894016275
0.8912	-211.70293914800408
0.892	-386.66937409890704
0.8928	-519.6125951537973
0.8936000000000001	-489.9307966203611
0.8944000000000001	-329.1804071351837
0.8952	-89.38262825514094
0.896	176.34779144915603
0.8968	401.3048723900548
0.8976000000000001	-33.924497161920726
0.8984000000000001	530.186586437025
0.8992	404.741717572106
0.9	180.0970752365534
0.9008	-85.6333463166952
0.9016000000000001	-326.0560066352362
0.9024000000000001	-486.1815167390374
0.9032	-517.7379552737098
0.904	-260.13115302621327
0.9048	-216.0771005417198
0.9056000000000001	45.12287646878766
0.9064000000000001	298.51197010353866
0.9072	472.54130562320137
0.908	581.8955041075232
0.9088	483.4767241061203
0.9096000000000001	301.32393367586343
0.9104000000000001	48.559719058346246
0.9112	-211.85915919826675
0.912	-400.4167351536402
0.9128000000000001	-518.2066152440719
0.9136000000000001	-490.71189659373255
0.9144	-359.79953136514104
0.9152	-89.0701880944957
0.916	176.03535113483946
0.9168000000000001	402.3984140358433
0.9176000000000001	-24.551291384811133
0.9184	530.4990270063961
0.9192	405.21037828092625
0.92	180.72195587058917
0.9208000000000001	-85.6333463166952
0.9216000000000001	-324.4938063804551
0.9224	-488.0561566815929
0.9232	-517.5817352835385
0.924	-321.68184591375064
0.9248000000000001	-215.76466044310564
0.9256000000000001	45.12287646878766
0.9264	297.88708931207924
0.9272	471.60398405277243
0.928	570.0227610650036
0.9288000000000001	484.1016051712807
0.9296000000000001	301.94881447210605
0.9304	48.872159294849496
0.9312	-211.39049904737027
0.932	-272.16009595419257
0.9328000000000001	-518.5190552241874
0.9336000000000001	-487.4312767011623
0.9344	-331.8361475500874
0.9352	-89.22640817483858
0.936	176.34779144915603
0.9368000000000001	400.6799914508796
0.9376000000000001	-31.737415827647368
0.9384	531.2801284309187
0.9392	405.36659851731594
0.9400000000000001	180.25329539498722
0.9408000000000001	-85.00846599134786
0.9416	-319.8072055968163
0.9424	-487.7437166914302
0.9432	-517.4255152933421
0.9440000000000001	-317.93256527523226
0.9448000000000001	-216.0771005417198
0.9456	44.49799600031525
0.9464	297.88708931207924
0.9472	471.2915435297798
0.9480000000000001	581.5830634963866
0.9488000000000001	483.7891646385787
0.9496	301.6363740738759
0.9504	48.872159294849496
0.9512	-211.39049904737027
0.9520000000000001	-314.18328461807675
0.9528000000000001	-518.8314952042019
0.9536	-489.61835663082906
0.9544	-331.8361475500874
0.9552	-89.38262825514094
0.9560000000000001	176.34779144915603
0.9568000000000001	401.9297533301575
0.9576	-10.179042226891756
0.9584	532.2174501424113
0.9592	405.36659851731594
0.9600000000000001	180.87817602922337
0.9608000000000001	-85.3209061541028
0.9616	-326.5246667110449
0.9624	-486.3377367343953
0.9632000000000001	-518.2066152440719
0.9640000000000001	-255.13211174951812
0.9648	-216.38954064018998
0.9656	44.81043623446091
0.9664	297.88708931207924
0.9672000000000001	468.47957883372356
0.9680000000000001	585.9572320757537
0.9688	483.7891646385787
0.9696	301.79259427296375
0.9704	48.559719058346246
0.9712000000000001	-211.54671909770525
0.9720000000000001	-395.7301348198572
0.9728	-518.6752752142072
0.9736	-489.7745766256082
0.9744	-332.4610276463726
0.9752000000000001	-88.91396801411234
0.9760000000000001	175.7229108207227
0.9768	401.61731285999014
0.9776	-19.08358794374968
0.9784	530.6552472911754
0.9792000000000001	405.36659851731594
0.9800000000000001	180.40951555347107
0.9808	-85.00846599134786
0.9816	-324.18136632911364
0.9824	-487.58749669630936
0.9832000000000001	-517.1130753128732
0.9840000000000001	-262.31823357367534
0.9848	-216.38954064018998
0.9856	44.81043623446091
0.9864	297.7308691143501
0.9872000000000001	472.0726448377148
0.9880000000000001	579.0835386165617
0.9888	484.1016051712807
0.9896	301.6363740738759
0.9904000000000001	48.872159294849496
0.9912000000000001	-211.23427899699914
0.992	-325.5873465591388
0.9928	-518.5190552241874
0.9936	-491.33677657195796
0.9944000000000001	-347.6143698261713
0.9952000000000001	-89.38262825514094
0.996	176.19157129197276
0.9968	401.46109262499346
0.9976	-46.73454481029248
0.9984000000000001	530.186586437025
0.9992000000000001	405.21037828092625
