0	565.5658014821886
0.0008	642.426198820442
0.0016	520.2619160679635
0.0024000000000000002	271.24685698034295
0.0032	-44.630270284867976
0.004	-348.47828207203366
0.0048000000000000004	-566.0927460806686
0.0056	-643.4216355401842
0.0064	-563.2807863575083
0.007200000000000001	-333.3249396765593
0.008	-33.53864341072859
0.0088	145.64583900196786
0.009600000000000001	543.6949595816636
0.010400000000000001	651.018317404264
0.0112	601.1840324217176
0.012	409.8141896311102
0.0128	116.43267158234008
0.013600000000000001	-203.1936460931409
0.014400000000000001	-472.82941092776645
0.0152	-625.1438985251779
0.016	-623.1130388385536
0.016800000000000002	-467.3617109219503
0.0176	-118.053710479662
0.0184	130.6487047126111
0.019200000000000002	413.40725522396167
0.02	516.2001886693886
0.020800000000000003	642.426198820442
0.0216	520.1056957826208
0.0224	270.6219762102745
0.023200000000000002	-45.0989305705923
0.024	-348.47828207203366
0.024800000000000003	-566.2489660650607
0.0256	-643.5778555134086
0.0264	-563.5932263271324
0.027200000000000002	-342.85436121805645
0.028	-37.444145855766436
0.028800000000000003	227.34898495448246
0.0296	543.851179876525
0.0304	651.4869784237716
0.031200000000000002	601.3402527403074
0.032	409.5017491462435
0.0328	116.74511186660862
0.033600000000000005	-202.88120598301566
0.0344	-471.89209092914786
0.0352	-624.519018621995
0.036000000000000004	-622.800598886437
0.0368	-466.2681709167588
0.0376	-116.64772979457432
0.038400000000000004	132.21090618003976
0.0392	423.87401169375465
0.04	529.322692725163
0.0408	642.5824191565187
0.041600000000000005	520.7305769243674
0.0424	271.4030771729944
0.0432	-44.78649038015192
0.044000000000000004	-348.3220620488678
0.0448	-565.9365260962522
0.0456	-643.5778555134086
0.046400000000000004	-563.1245663726602
0.0472	-344.10412141139165
0.048	-37.60036595301146
0.0488	242.03368189333705
0.049600000000000005	545.4133828286285
0.0504	651.643198763742
0.0512	601.027812103193
0.052000000000000005	409.5017491462435
0.0528	116.74511186660862
0.0536	-202.88120598301566
0.054400000000000004	-472.2045309287965
0.055200000000000006	-624.8314585736301
0.056	-622.800598886437
0.0568	-466.1119509159072
0.057600000000000005	-84.77883339026772
0.0584	126.74320106535438
0.0592	415.125677909798
0.060000000000000005	574.1579182867113
0.0608	642.5824191565187
0.0616	520.4181363533688
0.062400000000000004	271.09063678774527
0.0632	-44.942710475393355
0.064	-348.7907221182702
0.0648	-565.9365260962522
0.0656	-643.8902954597941
0.0664	-562.6559064179717
0.06720000000000001	-347.85340197918015
0.068	-38.69390663252969
0.0688	283.11959177545896
0.06960000000000001	559.1607690816414
0.0704	651.7994191037798
0.0712	601.027812103193
0.07200000000000001	409.1893086616114
0.0728	116.74511186660862
0.0736	-202.88120598301566
0.07440000000000001	-471.7358709292825
0.0752	-625.1438985251779
0.076	-623.1130388385536
0.07680000000000001	-466.5806109183795
0.0776	-141.0180612149508
0.0784	127.21186150141943
0.0792	419.3436245325239
0.08	572.5957152168495
0.08080000000000001	642.2699784844323
0.0816	520.1056957826208
0.0824	271.24685698034295
0.08320000000000001	-44.942710475393355
0.084	-348.3220620488678
0.0848	-566.5614060337736
0.08560000000000001	-643.5778555134086
0.0864	-563.1245663726602
0.0872	-353.6335428187622
0.08800000000000001	-38.69390663252969
0.0888	282.33849079250643
0.0896	545.5696031241882
0.09040000000000001	651.018317404264
0.0912	601.027812103193
0.092	409.5017491462435
0.09280000000000001	116.43267158234008
0.0936	-202.88120598301566
0.0944	-472.36075092857993
0.0952	-624.8314585736301
0.096	-622.6443789103457
0.09680000000000001	-466.42439091758285
0.0976	-190.0711613403812
0.0984	128.46162266639934
0.09920000000000001	422.31180921874875
0.1	525.729626094448
0.1008	642.7386394926625
0.10160000000000001	520.5743566388369
0.1024	271.4030771729944
0.1032	-45.0989305705923
0.10400000000000001	-348.00962200244106
0.1048	-566.5614060337736
0.1056	-644.2027354060949
0.10640000000000001	-563.1245663726602
0.1072	-357.85148340419374
0.108	-37.28792575847865
0.10880000000000001	295.9296480896366
0.1096	536.9774869625838
0.11040000000000001	650.3934360458626
0.11120000000000001	601.027812103193
0.112	409.6579693886476
0.11280000000000001	116.74511186660862
0.1136	-203.1936460931409
0.1144	-472.0483109289858
0.11520000000000001	-624.6752385978235
0.116	-622.4881589342325
0.1168	-466.1119509159072
0.11760000000000001	-189.1338409908587
0.1184	129.55516368831186
0.1192	450.27523442105746
0.12000000000000001	475.42669672266595
0.1208	642.894859828873
0.1216	520.4181363533688
0.12240000000000001	271.4030771729944
0.1232	-45.25515066574876
0.124	-348.6345020951678
0.12480000000000001	-566.2489660650607
0.12560000000000002	-643.8902954597941
0.1264	-563.1245663726602
0.1272	-364.7251643093033
0.128	-36.66304536889979
0.1288	308.89592497687556
0.1296	532.6033188083716
0.13040000000000002	651.9556394438848
0.1312	601.8089136964703
0.132	409.8141896311102
0.1328	116.43267158234008
0.1336	-202.72498592789776
0.13440000000000002	-471.89209092914786
0.13520000000000001	-624.6752385978235
0.136	-623.1130388385536
0.1368	-465.9557309150281
0.1376	-192.57068226587464
0.1384	128.9302831040697
0.13920000000000002	441.52690007397354
0.14	526.5107275330789
0.1408	642.426198820442
0.1416	520.5743566388369
0.1424	270.778196402711
0.1432	-44.16160999876108
0.14400000000000002	-348.3220620488678
0.1448	-566.2489660650607
0.1456	-643.734075486612
0.1464	-562.9683463877881
0.1472	-363.944064209492
0.14800000000000002	-37.60036595301146
0.14880000000000002	300.30381374431107
0.1496	537.1337072547215
0.1504	650.2372157064303
0.1512	601.6526933776837
0.152	409.97040987363164
0.15280000000000002	116.43267158234008
0.15360000000000001	-202.56876587274294
0.1544	-472.0483109289858
0.1552	-625.1438985251779
0.156	-622.800598886437
0.1568	-466.2681709167588
0.15760000000000002	-191.633361919933
0.1584	126.74320106535438
0.1592	434.1845481774967
0.16	529.0102521472583
0.1608	642.2699784844323
0.16160000000000002	520.7305769243674
0.16240000000000002	271.55929736569965
0.1632	-44.630270284867976
0.164	-348.00962200244106
0.1648	-566.0927460806686
0.1656	-643.734075486612
0.16640000000000002	-563.1245663726602
0.16720000000000002	-373.47348537421476
0.168	-36.35060517385364
0.1688	281.0887292225978
0.1696	549.7875511283266
0.1704	651.3307580838684
0.17120000000000002	601.1840324217176
0.17200000000000001	409.5017491462435
0.1728	116.74511186660862
0.1736	-203.50608620311868
0.1744	-472.5169709283361
0.1752	-625.1438985251779
0.17600000000000002	-622.4881589342325
0.1768	-466.1119509159072
0.1776	-194.44532295373727
0.1784	127.21186150141943
0.1792	416.06299937780176
0.18000000000000002	535.2590637532395
0.18080000000000002	642.426198820442
0.1816	520.7305769243674
0.1824	271.4030771729944
0.1832	-45.25515066574876
0.184	-348.1658420256703
0.18480000000000002	-566.4051860494291
0.18560000000000001	-643.1091955936716
0.1864	-563.5932263271324
0.1872	-370.5053050237801
0.188	-36.81926546635867
0.1888	281.0887292225978
0.18960000000000002	545.1009422377
0.1904	651.3307580838684
0.1912	601.3402527403074
0.192	409.97040987363164
0.1928	116.58889172445025
0.19360000000000002	-202.56876587274294
0.19440000000000002	-472.36075092857993
0.1952	-624.987678549415
0.196	-622.6443789103457
0.1968	-466.5806109183795
0.1976	-208.34890788895302
0.19840000000000002	126.58698092009661
0.19920000000000002	449.8065736476922
0.2	528.2291507035976
0.2008	642.7386394926625
0.2016	520.1056957826208
0.2024	271.4030771729944
0.20320000000000002	-45.0989305705923
0.20400000000000001	-348.946942141341
0.2048	-566.5614060337736
0.2056	-644.2027354060949
0.2064	-563.5932263271324
0.20720000000000002	-365.81870444773256
0.20800000000000002	-35.1008443919565
0.2088	299.8351531364007
0.2096	535.10284346186
0.2104	651.1745377440326
0.2112	601.6526933776837
0.21200000000000002	409.6579693886476
0.21280000000000002	116.74511186660862
0.2136	-203.50608620311868
0.2144	-471.89209092914786
0.2152	-624.987678549415
0.216	-622.3319389580975
0.21680000000000002	-466.89305091989024
0.21760000000000002	-218.19077120657602
0.2184	126.11832048461488
0.2192	443.5577633877922
0.22	536.9774869625838
0.22080000000000002	642.1137581484895
0.22160000000000002	520.1056957826208
0.22240000000000001	270.93441659520124
0.2232	-44.474050189541515
0.224	-348.47828207203366
0.2248	-565.9365260962522
0.22560000000000002	-643.734075486612
0.22640000000000002	-563.2807863575083
0.2272	-368.4744447775833
0.228	-35.41328458768775
0.2288	313.73875138133843
0.2296	528.0729304150543
0.23040000000000002	650.3934360458626
0.23120000000000002	601.6526933776837
0.232	409.8141896311102
0.2328	116.43267158234008
0.2336	-202.41254581755123
0.23440000000000003	-472.36075092857993
0.23520000000000002	-624.8314585736301
0.23600000000000002	-622.1757189819403
0.2368	-466.73683091914864
0.2376	-217.56589100023456
0.2384	125.96210033955148
0.23920000000000002	435.59053044534386
0.24000000000000002	493.70446845468126
0.24080000000000001	642.2699784844323
0.2416	521.0430174956165
0.2424	271.4030771729944
0.2432	-44.942710475393355
0.24400000000000002	-348.00962200244106
0.24480000000000002	-566.2489660650607
0.2456	-643.5778555134086
0.2464	-562.343466448059
0.2472	-363.944064209492
0.248	-35.1008443919565
0.24880000000000002	316.86315554142544
0.24960000000000002	530.1037941710264
0.2504	650.0809953670652
0.25120000000000003	601.6526933776837
0.252	409.8141896311102
0.2528	116.74511186660862
0.2536	-202.72498592789776
0.2544	-472.5169709283361
0.25520000000000004	-625.3001185009191
0.256	-622.4881589342325
0.25680000000000003	-467.6741509231865
0.2576	-221.62761233107378
0.2584	126.27454062972689
0.2592	445.9010672240064
0.26	532.1346579376404
0.26080000000000003	642.2699784844323
0.2616	520.7305769243674
0.2624	271.4030771729944
0.2632	-44.317830094172564
0.264	-348.1658420256703
0.26480000000000004	-566.0927460806686
0.2656	-643.4216355401842
0.2664	-563.2807863575083
0.2672	-365.6624844280503
0.268	-34.78840419605387
0.26880000000000004	280.93250902660276
0.2696	538.3834695940999
0.27040000000000003	652.1118597840573
0.2712	601.3402527403074
0.272	409.8141896311102
0.2728	116.43267158234008
0.2736	-202.88120598301566
0.27440000000000003	-471.89209092914786
0.2752	-625.1438985251779
0.276	-622.4881589342325
0.2768	-466.89305091989024
0.2776	-218.8156514123362
0.27840000000000004	125.96210033955148
0.2792	437.15273297083655
0.28	533.8530811330965
0.2808	642.5824191565187
0.2816	520.4181363533688
0.28240000000000004	271.4030771729944
0.2832	-44.630270284867976
0.28400000000000003	-348.6345020951678
0.2848	-565.6240861273479
0.2856	-643.8902954597941
0.2864	-563.4370063423323
0.2872	-365.6624844280503
0.28800000000000003	-33.69486350904435
0.2888	295.7734278884768
0.2896	532.4470985180648
0.2904	648.2063512999284
0.2912	601.027812103193
0.29200000000000004	409.5017491462435
0.2928	116.27645144027815
0.2936	-202.88120598301566
0.2944	-472.5169709283361
0.2952	-625.1438985251779
0.29600000000000004	-622.800598886437
0.2968	-468.76769092664875
0.29760000000000003	-222.8773727356343
0.2984	125.64966004957043
0.2992	436.6840722125626
0.3	483.5501507221251
0.3008	641.8013174768048
0.30160000000000003	520.4181363533688
0.3024	271.4030771729944
0.3032	-44.630270284867976
0.304	-348.1658420256703
0.3048	-566.4051860494291
0.30560000000000004	-643.8902954597941
0.3064	-563.5932263271324
0.30720000000000003	-356.91416327607703
0.308	-33.69486350904435
0.3088	310.92678765616256
0.30960000000000004	525.2609652320234
0.3104	651.3307580838684
0.31120000000000003	600.871591784734
0.312	409.5017491462435
0.3128	116.27645144027815
0.3136	-203.03742603809673
0.3144	-472.5169709283361
0.31520000000000004	-625.4563384766384
0.316	-622.4881589342325
0.3168	-468.14281092483486
0.3176	-212.56684932853577
0.3184	125.33721975978366
0.31920000000000004	414.65701717659095
0.32	514.7942061181881
0.32080000000000003	642.2699784844323
0.3216	520.5743566388369
0.3224	271.71551755845866
0.32320000000000004	-44.78649038015192
0.324	-347.85340197918015
0.32480000000000003	-566.4051860494291
0.3256	-643.8902954597941
0.3264	-563.2807863575083
0.3272	-353.0086627300809
0.328	-34.00730370554719
0.32880000000000004	306.0839612824623
0.3296	527.2918289732808
0.3304	648.0501309614372
0.3312	601.3402527403074
0.332	409.1893086616114
0.33280000000000004	116.43267158234008
0.3336	-203.03742603809673
0.33440000000000003	-471.89209092914786
0.3352	-624.519018621995
0.336	-622.3319389580975
0.33680000000000004	-468.76769092664875
0.3376	-216.31613058580655
0.33840000000000003	125.64966004957043
0.3392	428.7168394039114
0.34	553.5368382820795
0.3408	642.5824191565187
0.3416	520.5743566388369
0.34240000000000004	270.93441659520124
0.3432	-45.411370760862724
0.34400000000000003	-348.3220620488678
0.3448	-565.6240861273479
0.3456	-643.734075486612
0.34640000000000004	-563.4370063423323
0.3472	-355.8206231251793
0.34800000000000003	-33.38242331236993
0.3488	281.40116961475024
0.3496	528.8540318584004
0.3504	644.6132835316125
0.3512	601.3402527403074
0.35200000000000004	409.8141896311102
0.3528	117.21377229337334
0.3536	-202.25632576232266
0.3544	-472.5169709283361
0.3552	-624.6752385978235
0.35600000000000004	-622.0194990057615
0.3568	-468.6114709262364
0.35760000000000003	-221.94005243243103
0.3584	125.96210033955148
0.3592	422.6242497132767
0.36000000000000004	548.8502293456218
0.3608	642.5824191565187
0.36160000000000003	520.7305769243674
0.3624	271.71551755845866
0.3632	-44.474050189541515
0.364	-347.5409619325631
0.3648	-566.2489660650607
0.36560000000000004	-643.5778555134086
0.3664	-563.1245663726602
0.3672	-353.1648827522985
0.368	-33.38242331236993
0.3688	309.5208058002793
0.36960000000000004	527.1356086851144
0.3704	646.6441479180374
0.37120000000000003	601.3402527403074
0.372	409.8141896311102
0.3728	116.74511186660862
0.37360000000000004	-202.41254581755123
0.3744	-472.82941092776645
0.37520000000000003	-624.6752385978235
0.376	-621.8632790295605
0.3768	-469.3925709280241
0.3776	-223.97091308772627
0.3784	125.96210033955148
0.37920000000000004	432.1536849102328
0.38	606.9641842532154
0.3808	642.2699784844323
0.3816	521.0430174956165
0.3824	271.71551755845866
0.38320000000000004	-44.78649038015192
0.384	-348.1658420256703
0.38480000000000003	-566.2489660650607
0.3856	-644.0465154329551
0.3864	-564.0618862813884
0.38720000000000004	-355.8206231251793
0.388	-34.163523803734265
0.38880000000000003	300.7724743527146
0.3896	527.1356086851144
0.3904	646.4879275802175
0.3912	600.871591784734
0.392	409.6579693886476
0.39280000000000004	116.43267158234008
0.3936	-202.72498592789776
0.39440000000000003	-472.98563092744087
0.3952	-624.6752385978235
0.396	-622.6443789103457
0.39680000000000004	-470.0174509289614
0.3976	-218.8156514123362
0.39840000000000003	125.80588019453666
0.3992	421.8431484774003
0.4	574.7827995164628
0.40080000000000005	642.1137581484895
0.4016	520.7305769243674
0.40240000000000004	271.4030771729944
0.4032	-44.78649038015192
0.404	-348.47828207203366
0.4048	-566.2489660650607
0.4056	-644.2027354060949
0.40640000000000004	-563.7494463119084
0.4072	-346.9160818389484
0.40800000000000003	-33.85108360731721
0.4088	302.95955719845495
0.4096	533.0719796796703
0.41040000000000004	644.9257242057093
0.4112	600.5591511480127
0.41200000000000003	409.6579693886476
0.4128	116.27645144027815
0.4136	-202.56876587274294
0.41440000000000005	-472.6731909280649
0.4152	-624.987678549415
0.41600000000000004	-622.6443789103457
0.4168	-469.86123092876807
0.4176	-219.75297171988743
0.4184	124.86855932546763
0.4192	410.4390706015481
0.42000000000000004	520.4181363533688
0.4208	641.9575378126136
0.42160000000000003	520.7305769243674
0.4224	271.55929736569965
0.4232	-44.317830094172564
0.42400000000000004	-347.6971819558875
0.4248	-566.0927460806686
0.42560000000000003	-643.1091955936716
0.4264	-563.5932263271324
0.4272	-332.85627959766447
0.42800000000000005	-32.75754291850616
0.4288	304.209318829421
0.42960000000000004	531.509776777548
0.4304	649.1436733322871
0.4312	601.027812103193
0.432	410.1266301162118
0.4328	116.27645144027815
0.43360000000000004	-202.88120598301566
0.4344	-472.6731909280649
0.43520000000000003	-625.1438985251779
0.436	-622.0194990057615
0.4368	-470.3298909292658
0.43760000000000004	-213.9728298024738
0.4384	125.49343990465275
0.43920000000000003	416.6878803576491
0.44	589.4675087137585
0.4408	641.9575378126136
0.44160000000000005	521.0430174956165
0.4424	271.4030771729944
0.44320000000000004	-44.474050189541515
0.444	-348.00962200244106
0.44480000000000003	-565.9365260962522
0.4456	-644.0465154329551
0.4464	-563.7494463119084
0.44720000000000004	-338.9488606007171
0.448	-33.53864341072859
0.44880000000000003	295.6172076873717
0.4496	530.4162347498125
0.4504	648.9874529933926
0.45120000000000005	600.871591784734
0.452	409.5017491462435
0.45280000000000004	116.90133200881527
0.4536	-202.88120598301566
0.4544	-472.6731909280649
0.45520000000000005	-624.6752385978235
0.456	-622.4881589342325
0.45680000000000004	-470.0174509289614
0.4576	-219.90919177101898
0.45840000000000003	126.43076077488746
0.4592	418.56252330284997
0.46	606.9641842532154
0.46080000000000004	642.2699784844323
0.4616	520.8867972099606
0.46240000000000003	270.778196402711
0.4632	-44.942710475393355
0.464	-348.3220620488678
0.46480000000000005	-566.2489660650607
0.4656	-643.5778555134086
0.46640000000000004	-563.9056662966603
0.4672	-337.8553204242787
0.468	-33.38242331236993
0.46880000000000005	280.93250902660276
0.4696	527.7604898381561
0.47040000000000004	649.6123343493737
0.4712	600.7153714663408
0.47200000000000003	409.6579693886476
0.4728	117.05755215107018
0.4736	-203.1936460931409
0.47440000000000004	-472.5169709283361
0.4752	-624.6752385978235
0.47600000000000003	-622.4881589342325
0.4768	-470.3298909292658
0.4776	-212.41062927569342
0.47840000000000005	125.1809996149631
0.4792	377.63282091486633
0.48000000000000004	607.4328452164649
0.4808	642.2699784844323
0.48160000000000003	520.7305769243674
0.4824	271.09063678774527
0.4832	-44.474050189541515
0.48400000000000004	-348.00962200244106
0.4848	-565.9365260962522
0.48560000000000003	-644.2027354060949
0.4864	-563.5932263271324
0.4872	-330.20053914510726
0.48800000000000004	-33.38242331236993
0.4888	294.8361066826653
0.48960000000000004	532.7595390987415
0.4904	644.7695038686275
0.4912	601.027812103193
0.49200000000000005	409.6579693886476
0.4928	117.05755215107018
0.49360000000000004	-202.56876587274294
0.4944	-472.5169709283361
0.49520000000000003	-624.3627986461445
0.496	-622.4881589342325
0.4968	-470.3298909292658
0.49760000000000004	-210.2235485320621
0.4984	125.33721975978366
0.49920000000000003	379.1950232229495
0.5	606.4955232905576
0.5008	642.7386394926625
0.5016	521.199237781335
0.5024000000000001	271.4030771729944
0.5032	-44.78649038015192
0.504	-347.85340197918015
0.5048	-565.6240861273479
0.5056	-644.0465154329551
0.5064000000000001	-563.2807863575083
0.5072	-324.7328381839126
0.508	-33.06998311552388
0.5088	294.5236662811648
0.5096	533.3844202608515
0.5104000000000001	644.4570631946648
0.5112	600.2467105115531
0.512	409.6579693886476
0.5128	116.43267158234008
0.5136000000000001	-202.56876587274294
0.5144000000000001	-472.6731909280649
0.5152	-624.8314585736301
0.516	-622.1757189819403
0.5168	-470.0174509289614
0.5176000000000001	-211.7857490639587
0.5184	125.64966004957043
0.5192	378.8825827608723
0.52	606.9641842532154
0.5208	642.2699784844323
0.5216000000000001	520.7305769243674
0.5224	271.4030771729944
0.5232	-44.78649038015192
0.524	-348.7907221182702
0.5248	-566.2489660650607
0.5256000000000001	-644.0465154329551
0.5264	-563.5932263271324
0.5272	-330.20053914510726
0.528	-33.38242331236993
0.5288	297.648070306001
0.5296000000000001	533.3844202608515
0.5304	644.6132835316125
0.5312	601.027812103193
0.532	409.97040987363164
0.5328	117.21377229337334
0.5336000000000001	-202.72498592789776
0.5344	-472.5169709283361
0.5352	-624.6752385978235
0.536	-622.4881589342325
0.5368	-471.42343092947004
0.5376000000000001	-212.25440922281453
0.5384	125.64966004957043
0.5392	397.62901089481596
0.54	606.9641842532154
0.5408000000000001	642.2699784844323
0.5416000000000001	520.7305769243674
0.5424	271.09063678774527
0.5432	-44.317830094172564
0.544	-348.1658420256703
0.5448000000000001	-566.2489660650607
0.5456	-644.2027354060949
0.5464	-563.1245663726602
0.5472	-330.9816392791812
0.548	-33.85108360731721
0.5488000000000001	288.2748582969468
0.5496	531.0411159081405
0.5504	644.3008428577839
0.5512	601.027812103193
0.552	409.6579693886476
0.5528000000000001	116.74511186660862
0.5536	-203.1936460931409
0.5544	-472.0483109289858
0.5552	-624.8314585736301
0.556	-622.0194990057615
0.5568000000000001	-471.57965092938997
0.5576	-215.69125037771926
0.5584	126.74320106535438
0.5592	417.1565410931533
0.56	532.7595390987415
0.5608000000000001	642.426198820442
0.5616	521.0430174956165
0.5624	271.55929736569965
0.5632	-43.84916980781054
0.5640000000000001	-347.85340197918015
0.5648000000000001	-566.2489660650607
0.5656	-644.3589553792135
0.5664	-563.2807863575083
0.5672	-303.4869140685012
0.5680000000000001	-33.85108360731721
0.5688	280.7762888306619
0.5696	529.0102521472583
0.5704	644.3008428577839
0.5712	600.7153714663408
0.5720000000000001	409.97040987363164
0.5728	116.74511186660862
0.5736	-202.88120598301566
0.5744	-472.5169709283361
0.5752	-624.6752385978235
0.5760000000000001	-622.3319389580975
0.5768	-471.57965092938997
0.5776	-210.06732847867116
0.5784	125.1809996149631
0.5792	374.97707700432767
0.5800000000000001	606.807963932264
0.5808	642.1137581484895
0.5816	521.355458067116
0.5824	271.4030771729944
0.5832	-44.78649038015192
0.5840000000000001	-348.3220620488678
0.5848	-566.2489660650607
0.5856	-644.2027354060949
0.5864	-563.4370063423323
0.5872	-322.85819784519754
0.5880000000000001	-34.163523803734265
0.5888	295.4609874863212
0.5896	534.0093014239709
0.5904	643.9884021842236
0.5912000000000001	600.871591784734
0.5920000000000001	409.5017491462435
0.5928	116.74511186660862
0.5936	-202.72498592789776
0.5944	-472.98563092744087
0.5952000000000001	-624.2065786702723
0.596	-622.6443789103457
0.5968	-470.3298909292658
0.5976	-212.41062927569342
0.5984	125.02477947019108
0.5992000000000001	384.5065111135482
0.6	606.6517436113779
0.6008	642.2699784844323
0.6016	521.199237781335
0.6024	271.4030771729944
0.6032000000000001	-44.630270284867976
0.604	-348.1658420256703
0.6048	-565.9365260962522
0.6056	-644.0465154329551
0.6064	-563.2807863575083
0.6072000000000001	-317.8591569189804
0.608	-33.53864341072859
0.6088	296.085868290851
0.6096	534.9466231705436
0.6104	644.7695038686275
0.6112000000000001	600.871591784734
0.612	409.97040987363164
0.6128	117.05755215107018
0.6136	-202.88120598301566
0.6144000000000001	-472.5169709283361
0.6152000000000001	-624.519018621995
0.616	-622.4881589342325
0.6168	-471.42343092947004
0.6176	-204.91206669619532
0.6184000000000001	125.1809996149631
0.6192000000000001	386.06871344701574
0.62	606.9641842532154
0.6208	642.7386394926625
0.6216	521.199237781335
0.6224000000000001	271.4030771729944
0.6232	-44.630270284867976
0.624	-348.00962200244106
0.6248	-565.7803061118121
0.6256	-644.515175352311
0.6264000000000001	-563.1245663726602
0.6272	-322.85819784519754
0.628	-33.22620321396837
0.6288	289.5246198868209
0.6296	532.6033188083716
0.6304000000000001	644.3008428577839
0.6312	600.7153714663408
0.632	410.1266301162118
0.6328	117.05755215107018
0.6336	-203.1936460931409
0.6344000000000001	-472.5169709283361
0.6352	-624.2065786702723
0.636	-622.4881589342325
0.6368	-471.26721092952283
0.6376000000000001	-216.94101079331153
0.6384000000000001	125.02477947019108
0.6392	337.3280033397441
0.64	607.4328452164649
0.6408	642.5824191565187
0.6416000000000001	521.51167835296
0.6424000000000001	271.71551755845866
0.6432	-43.84916980781054
0.644	-347.85340197918015
0.6448	-565.7803061118121
0.6456000000000001	-644.515175352311
0.6464000000000001	-563.1245663726602
0.6472	-326.2950384625959
0.648	-32.91376301703649
0.6488	290.14950068306354
0.6496000000000001	531.9784376475228
0.6504	644.1446225209702
0.6512	600.7153714663408
0.652	409.6579693886476
0.6528	116.74511186660862
0.6536000000000001	-203.1936460931409
0.6544	-472.6731909280649
0.6552	-624.050358694378
0.656	-622.4881589342325
0.6568	-471.89209092914786
0.6576000000000001	-203.81852631294907
0.6584	124.55611903616634
0.6592	382.63186832101457
0.66	607.5890655376793
0.6608	642.426198820442
0.6616000000000001	521.355458067116
0.6624	271.09063678774527
0.6632	-44.78649038015192
0.664	-347.85340197918015
0.6648000000000001	-566.0927460806686
0.6656000000000001	-644.2027354060949
0.6664	-563.7494463119084
0.6672	-285.99027021761805
0.668	-33.85108360731721
0.6688000000000001	289.36839968789633
0.6696000000000001	533.2281999702294
0.6704	643.8321818475439
0.6712	601.027812103193
0.672	409.5017491462435
0.6728000000000001	116.43267158234008
0.6736000000000001	-202.88120598301566
0.6744	-472.6731909280649
0.6752	-624.6752385978235
0.676	-622.3319389580975
0.6768000000000001	-471.57965092938997
0.6776	-203.50608620311868
0.6784	124.24367874705919
0.6792	346.85743661179816
0.68	607.5890655376793
0.6808000000000001	642.426198820442
0.6816	521.199237781335
0.6824	271.09063678774527
0.6832	-44.942710475393355
0.684	-347.85340197918015
0.6848000000000001	-566.4051860494291
0.6856	-644.6713953253873
0.6864	-563.5932263271324
0.6872	-340.66728087480743
0.6880000000000001	-35.1008443919565
0.6888000000000001	274.9961416188269
0.6896	533.2281999702294
0.6904	644.1446225209702
0.6912	600.4029308297502
0.6920000000000001	409.8141896311102
0.6928000000000001	116.43267158234008
0.6936	-202.56876587274294
0.6944	-472.0483109289858
0.6952	-624.6752385978235
0.6960000000000001	-622.3319389580975
0.6968000000000001	-468.76769092664875
0.6976	-196.00752352286668
0.6984	125.02477947019108
0.6992	303.58443801349875
0.7000000000000001	607.1204045742329
0.7008	643.363520837907
0.7016	520.8867972099606
0.7024	270.93441659520124
0.7032	-44.474050189541515
0.7040000000000001	-348.00962200244106
0.7048	-567.0300659866632
0.7056	-644.3589553792135
0.7064	-563.7494463119084
0.7072	-340.66728087480743
0.7080000000000001	-34.78840419605387
0.7088	283.4320321690192
0.7096	534.6341825881002
0.7104	644.3008428577839
0.7112	600.7153714663408
0.7120000000000001	409.6579693886476
0.7128	116.90133200881527
0.7136	-202.56876587274294
0.7144	-472.6731909280649
0.7152000000000001	-624.987678549415
0.7160000000000001	-622.1757189819403
0.7168	-471.89209092914786
0.7176	-202.41254581755123
0.7184	125.1809996149631
0.7192000000000001	353.41868587194944
0.7200000000000001	607.5890655376793
0.7208	642.7386394926625
0.7216	521.355458067116
0.7224	271.4030771729944
0.7232000000000001	-44.16160999876108
0.7240000000000001	-348.00962200244106
0.7248	-566.4051860494291
0.7256	-644.2027354060949
0.7264	-562.9683463877881
0.7272000000000001	-286.45893032627674
0.728	-33.53864341072859
0.7288	281.40116961475024
0.7296	529.0102521472583
0.7304	644.1446225209702
0.7312000000000001	601.3402527403074
0.732	409.5017491462435
0.7328	116.90133200881527
0.7336	-202.88120598301566
0.7344	-472.6731909280649
0.7352000000000001	-624.519018621995
0.736	-622.4881589342325
0.7368	-472.5169709283361
0.7376	-207.09914745728
0.7384000000000001	126.43076077488746
0.7392000000000001	418.40630305709226
0.74	607.4328452164649
0.7408	642.7386394926625
0.7416	521.51167835296
0.7424000000000001	271.24685698034295
0.7432000000000001	-44.78649038015192
0.744	-347.6971819558875
0.7448	-566.8738460023906
0.7456	-644.2027354060949
0.7464000000000001	-563.1245663726602
0.7472000000000001	-323.17063790197574
0.748	-33.22620321396837
0.7488	280.62006863477495
0.7496	526.354507245227
0.7504000000000001	650.0809953670652
0.7512000000000001	601.027812103193
0.752	409.8141896311102
0.7528	117.21377229337334
0.7536	-202.25632576232266
0.7544000000000001	-471.89209092914786
0.7552	-624.3627986461445
0.756	-622.4881589342325
0.7568	-472.5169709283361
0.7576	-201.6314455410394
0.7584000000000001	126.43076077488746
0.7592	416.6878803576491
0.76	471.364969784863
0.7608	642.894859828873
0.7616	521.0430174956165
0.7624000000000001	271.09063678774527
0.7632	-44.317830094172564
0.764	-347.85340197918015
0.7648	-566.2489660650607
0.7656000000000001	-644.2027354060949
0.7664000000000001	-563.2807863575083
0.7672	-253.9651620615907
0.768	-33.53864341072859
0.7688	280.7762888306619
0.7696000000000001	520.5743566388369
0.7704000000000001	650.7058767249287
0.7712	601.027812103193
0.772	409.5017491462435
0.7728	116.90133200881527
0.7736000000000001	-203.1936460931409
0.7744000000000001	-472.5169709283361
0.7752	-624.519018621995
0.776	-622.1757189819403
0.7768	-472.82941092776645
0.7776000000000001	-200.53790515237208
0.7784000000000001	126.11832048461488
0.7792	417.3127613384393
0.78	488.7054196923386
0.7808	642.426198820442
0.7816000000000001	520.8867972099606
0.7824	271.09063678774527
0.7832	-44.630270284867976
0.784	-348.1658420256703
0.7848	-566.8738460023906
0.7856000000000001	-644.2027354060949
0.7864	-563.9056662966603
0.7872	-294.8948122301107
0.788	-33.85108360731721
0.7888000000000001	279.6827474605895
0.7896000000000001	525.729626094448
0.7904	647.269029269988
0.7912	601.027812103193
0.792	409.8141896311102
0.7928000000000001	117.05755215107018
0.7936000000000001	-202.88120598301566
0.7944	-471.89209092914786
0.7952	-625.1438985251779
0.796	-622.6443789103457
0.7968000000000001	-472.82941092776645
0.7976000000000001	-198.50704442575568
0.7984	125.96210033955148
0.7992	322.0184224540179
0.8	607.4328452164649
0.8008000000000001	642.7386394926625
0.8016000000000001	520.4181363533688
0.8024	271.4030771729944
0.8032	-44.78649038015192
0.804	-348.1658420256703
0.8048000000000001	-566.2489660650607
0.8056000000000001	-644.3589553792135
0.8064	-562.9683463877881
0.8072	-293.1763918502668
0.808	-34.00730370554719
0.8088000000000001	281.71361000711914
0.8096	533.3844202608515
0.8104	644.6132835316125
0.8112	600.5591511480127
0.812	410.1266301162118
0.8128000000000001	116.58889172445025
0.8136	-202.56876587274294
0.8144	-472.0483109289858
0.8152	-624.6752385978235
0.8160000000000001	-622.4881589342325
0.8168000000000001	-470.95477092954644
0.8176	-197.2572839754975
0.8184	125.49343990465275
0.8192	313.8949715888174
0.8200000000000001	607.276624895316
0.8208000000000001	642.894859828873
0.8216	521.199237781335
0.8224	271.24685698034295
0.8232	-44.317830094172564
0.8240000000000001	-348.1658420256703
0.8248000000000001	-566.7176260180939
0.8256	-644.0465154329551
0.8264	-563.2807863575083
0.8272	-289.2708909718274
0.8280000000000001	-33.85108360731721
0.8288000000000001	285.15045433747594
0.8296	532.7595390987415
0.8304	643.8321818475439
0.8312	600.871591784734
0.8320000000000001	409.8141896311102
0.8328	117.05755215107018
0.8336	-202.25632576232266
0.8344	-472.5169709283361
0.8352	-624.519018621995
0.8360000000000001	-622.4881589342325
0.8368	-472.36075092857993
0.8376	-208.9737881039091
0.8384	127.0556413560158
0.8392000000000001	418.25008281139344
0.8400000000000001	564.3160390541029
0.8408	642.5824191565187
0.8416	520.5743566388369
0.8424	270.778196402711
0.8432000000000001	-44.317830094172564
0.8440000000000001	-348.1658420256703
0.8448	-566.7176260180939
0.8456	-643.5778555134086
0.8464	-563.4370063423323
0.8472000000000001	-286.3027102900911
0.8480000000000001	-33.69486350904435
0.8488	281.0887292225978
0.8496	528.2291507035976
0.8504	643.8321818475439
0.8512000000000001	601.027812103193
0.8520000000000001	409.5017491462435
0.8528	116.90133200881527
0.8536	-202.56876587274294
0.8544	-472.0483109289858
0.8552000000000001	-624.519018621995
0.8560000000000001	-622.800598886437
0.8568	-472.82941092776645
0.8576	-198.50704442575568
0.8584	126.43076077488746
0.8592000000000001	418.56252330284997
0.86	606.6517436113779
0.8608	642.7386394926625
0.8616	520.1056957826208
0.8624	271.24685698034295
0.8632000000000001	-44.474050189541515
0.864	-348.6345020951678
0.8648	-566.8738460023906
0.8656	-644.3589553792135
0.8664000000000001	-563.2807863575083
0.8672000000000001	-269.5871662212038
0.868	-33.85108360731721
0.8688	281.0887292225978
0.8696	533.2281999702294
0.8704000000000001	644.1446225209702
0.8712000000000001	600.5591511480127
0.872	409.6579693886476
0.8728	116.90133200881527
0.8736	-202.41254581755123
0.8744000000000001	-472.2045309287965
0.8752000000000001	-624.3627986461445
0.876	-622.3319389580975
0.8768	-472.5169709283361
0.8776	-200.22546504099176
0.8784000000000001	125.64966004957043
0.8792000000000001	347.16987705049655
0.88	550.4124323180698
0.8808	642.5824191565187
0.8816	520.5743566388369
0.8824000000000001	271.4030771729944
0.8832000000000001	-44.474050189541515
0.884	-348.1658420256703
0.8848	-566.7176260180939
0.8856	-643.4216355401842
0.8864000000000001	-563.5932263271324
0.8872	-275.992187826614
0.888	-34.78840419605387
0.8888	276.08968297756144
0.8896000000000001	532.9157593891744
0.8904000000000001	644.7695038686275
0.8912	600.871591784734
0.892	410.28285035885057
0.8928	116.43267158234008
0.8936000000000001	-202.88120598301566
0.8944000000000001	-472.0483109289858
0.8952	-624.3627986461445
0.896	-622.9568188625062
0.8968	-471.7358709292825
0.8976000000000001	-194.75776306786037
0.8984000000000001	125.80588019453666
0.8992	322.64330329601546
0.9	607.7452858589595
0.9008	642.894859828873
0.9016000000000001	520.7305769243674
0.9024000000000001	271.24685698034295
0.9032	-44.942710475393355
0.904	-348.1658420256703
0.9048	-566.7176260180939
0.9056000000000001	-643.734075486612
0.9064000000000001	-563.2807863575083
0.9072	-280.83500900219536
0.908	-34.163523803734265
0.9088	283.4320321690192
0.9096000000000001	533.3844202608515
0.9104000000000001	644.1446225209702
0.9112	600.871591784734
0.912	409.6579693886476
0.9128000000000001	116.74511186660862
0.9136000000000001	-202.25632576232266
0.9144	-472.5169709283361
0.9152	-624.6752385978235
0.916	-623.1130388385536
0.9168000000000001	-471.89209092914786
0.9176000000000001	-193.820442725045
0.9184	125.1809996149631
0.9192	390.4428800115142
0.92	607.5890655376793
0.9208000000000001	642.894859828873
0.9216000000000001	520.7305769243674
0.9224	271.71551755845866
0.9232	-44.474050189541515
0.924	-348.1658420256703
0.9248000000000001	-566.4051860494291
0.9256000000000001	-644.0465154329551
0.9264	-563.1245663726602
0.9272	-294.7385921957476
0.928	-34.163523803734265
0.9288000000000001	283.5882523658806
0.9296000000000001	533.2281999702294
0.9304	644.3008428577839
0.9312	600.871591784734
0.932	410.28285035885057
0.9328000000000001	116.90133200881527
0.9336000000000001	-202.56876587274294
0.9344	-471.89209092914786
0.9352	-624.987678549415
0.936	-622.800598886437
0.9368000000000001	-472.98563092744087
0.9376000000000001	-198.50704442575568
0.9384	125.1809996149631
0.9392	365.4476431088667
0.9400000000000001	607.5890655376793
0.9408000000000001	642.2699784844323
0.9416	520.7305769243674
0.9424	270.778196402711
0.9432	-44.630270284867976
0.9440000000000001	-348.3220620488678
0.9448000000000001	-566.2489660650607
0.9456	-643.734075486612
0.9464	-563.1245663726602
0.9472	-281.61610918873214
0.9480000000000001	-34.319743901878475
0.9488000000000001	280.93250902660276
0.9496	528.3853709922039
0.9504	643.9884021842236
0.9512	601.027812103193
0.9520000000000001	409.6579693886476
0.9528000000000001	116.74511186660862
0.9536	-202.88120598301566
0.9544	-471.89209092914786
0.9552	-624.987678549415
0.9560000000000001	-622.6443789103457
0.9568000000000001	-472.2045309287965
0.9576	-193.66422266777894
0.9584	127.36808164687167
0.9592	418.8749637945425
0.9600000000000001	607.276624895316
0.9608000000000001	642.5824191565187
0.9616	520.5743566388369
0.9624	271.4030771729944
0.9632000000000001	-44.317830094172564
0.9640000000000001	-348.3220620488678
0.9648	-566.2489660650607
0.9656	-644.0465154329551
0.9664	-563.5932263271324
0.9672000000000001	-242.40487875811147
0.9680000000000001	-33.69486350904435
0.9688	280.93250902660276
0.9696	528.6978115696053
0.9704	644.3008428577839
0.9712000000000001	600.871591784734
0.9720000000000001	409.8141896311102
0.9728	117.05755215107018
0.9736	-202.56876587274294
0.9744	-472.0483109289858
0.9752000000000001	-624.6752385978235
0.9760000000000001	-622.4881589342325
0.9768	-472.5169709283361
0.9776	-196.31996363624694
0.9784	125.80588019453666
0.9792000000000001	368.88448809577926
0.9800000000000001	607.5890655376793
0.9808	642.894859828873
0.9816	520.5743566388369
0.9824	271.4030771729944
0.9832000000000001	-44.78649038015192
0.9840000000000001	-348.47828207203366
0.9848	-566.4051860494291
0.9856	-643.734075486612
0.9864	-563.5932263271324
0.9872000000000001	-275.3673076725307
0.9880000000000001	-34.475963999979804
0.9888	275.30858200676727
0.9896	532.6033188083716
0.9904000000000001	644.1446225209702
0.9912000000000001	600.871591784734
0.992	409.8141896311102
0.9928	116.74511186660862
0.9936	-202.56876587274294
0.9944000000000001	-472.2045309287965
0.9952000000000001	-624.519018621995
0.996	-623.1130388385536
0.9968	-471.42343092947004
0.9976	-191.94580203539593
0.9984000000000001	125.33721975978366
0.9992000000000001	319.51889909491393
