0	-618.8867965895886
0.0008	-594.2040408442838
0.0016	-302.697524357058
0.0024000000000000002	8.805275802506884
0.0032	327.0257156339237
0.004	383.8898716206061
0.0048000000000000004	690.2378363265321
0.0056	642.9030763083439
0.0064	447.00284471968894
0.007200000000000001	149.87204388391777
0.008	-172.56623214954033
0.0088	-443.45175432523524
0.009600000000000001	-594.5164807937475
0.010400000000000001	-617.3245968744242
0.0112	-431.57903438607264
0.012	-152.25762491411513
0.0128	172.05530434232318
0.013600000000000001	457.1571605829521
0.014400000000000001	2.5564718569857696
0.0152	685.0825651363533
0.016	561.5122983304499
0.016800000000000002	306.7170902559626
0.0176	-13.065537707788792
0.0184	-318.6319667121396
0.019200000000000002	-537.4961885425215
0.02	-621.2300961584552
0.020800000000000003	-589.3612216165305
0.0216	-302.5413043323325
0.0224	9.117716001588164
0.023200000000000002	327.1819358326852
0.024	76.29236287747412
0.024800000000000003	685.5512261506183
0.0256	642.5906356683447
0.0264	446.8466244775783
0.027200000000000002	149.09094318131218
0.028	-172.56623214954033
0.028800000000000003	-443.7641943215215
0.0296	-594.3602608190265
0.0304	-563.584925371085
0.031200000000000002	-428.298414375108
0.032	-152.41384497216356
0.0328	172.05530434232318
0.033600000000000005	450.2834698175715
0.0344	32.082071108612894
0.0352	685.8636668271309
0.036000000000000004	561.6685186171087
0.0368	306.5608700642779
0.0376	-13.221757801292462
0.038400000000000004	-318.6319667121396
0.0392	-537.1837485765659
0.04	-619.0430165609911
0.0408	-592.9542810455656
0.041600000000000005	-301.91642423311123
0.0424	9.273936101193403
0.0432	327.33815603150094
0.044000000000000004	-4.1609923080300035
0.0448	680.2397346909644
0.0456	643.0592966284418
0.046400000000000004	447.00284471968894
0.0472	149.55960360273136
0.048	-172.0975719895872
0.0488	-443.92041431962423
0.049600000000000005	-594.0478208695197
0.0504	-560.1480858256004
0.0512	-428.1421943742839
0.052000000000000005	-152.10140485602938
0.0528	172.36774463746883
0.0536	450.2834698175715
0.054400000000000004	14.897859715708787
0.055200000000000006	685.3950058124628
0.056	562.1371794774618
0.0568	306.873310447701
0.057600000000000005	-13.065537707788792
0.0584	-318.47574669064556
0.0592	-537.0275285935526
0.060000000000000005	-613.2628776052674
0.0608	-539.9957082667719
0.0616	-302.3850843075752
0.062400000000000004	8.961495902025995
0.0632	327.0257156339237
0.064	-11.034676488392158
0.0648	670.7102943248627
0.0656	642.2781950286081
0.0664	447.47150544637304
0.06720000000000001	149.40338346221023
0.068	-172.56623214954033
0.0688	-443.45175432523524
0.06960000000000001	-594.3602608190265
0.0704	-590.2985414686899
0.0712	-430.79793438455874
0.07200000000000001	-152.57006503017467
0.0728	172.36774463746883
0.0736	454.81385690012394
0.07440000000000001	29.27010920818269
0.0752	685.3950058124628
0.076	562.1371794774618
0.07680000000000001	306.873310447701
0.0776	-12.909317614242845
0.0784	-318.6319667121396
0.0792	-537.0275285935526
0.08	-612.9504376609021
0.08080000000000001	-580.7691229350904
0.0816	-302.5413043323325
0.0824	9.117716001588164
0.08320000000000001	327.49437623037124
0.084	-6.972954028117407
0.0848	685.5512261506183
0.08560000000000001	642.7468559883115
0.0864	447.3152852040863
0.0872	149.40338346221023
0.08800000000000001	-172.56623214954033
0.0888	-443.6079743233918
0.0896	-594.5164807937475
0.09040000000000001	-590.4547614439738
0.0912	-431.2665943855492
0.092	-152.25762491411513
0.09280000000000001	172.36774463746883
0.0936	449.03370787246774
0.0944	-25.71936514511318
0.0952	686.3323278424033
0.096	562.6058403383796
0.09680000000000001	306.5608700642779
0.0976	-13.377977894753869
0.0984	-318.31952666912014
0.09920000000000001	-537.0275285935526
0.1	-612.4817777441972
0.1008	-532.3409290921481
0.10160000000000001	-345.189369914365
0.1024	8.961495902025995
0.1032	326.5570550379656
0.10400000000000001	16.14762052654063
0.1048	671.3351756527364
0.1056	643.0592966284418
0.10640000000000001	446.37796375159803
0.1072	149.55960360273136
0.108	-172.2537920429415
0.10880000000000001	-444.2328543157488
0.1096	-594.3602608190265
0.11040000000000001	-592.173181170664
0.11120000000000001	-451.1065342033244
0.112	-151.32030456504071
0.11280000000000001	172.05530434232318
0.1136	450.9083507915336
0.1144	-20.09544187368786
0.11520000000000001	686.3323278424033
0.116	561.9809591906147
0.1168	307.18575083133885
0.11760000000000001	-13.065537707788792
0.1184	-318.47574669064556
0.1192	-537.0275285935526
0.12000000000000001	-612.4817777441972
0.1208	-528.5916494756191
0.1216	-311.9145057594752
0.12240000000000001	9.117716001588164
0.1232	326.0883944424969
0.124	-56.33850201206759
0.12480000000000001	669.7729723350503
0.12560000000000002	642.2781950286081
0.1264	447.00284471968894
0.1272	149.2471633217372
0.128	-172.56623214954033
0.1288	-443.92041431962423
0.1296	-594.3602608190265
0.13040000000000002	-603.4210193173612
0.1312	-427.5173143707125
0.132	-150.69542433157747
0.1328	172.36774463746883
0.1336	453.4078746967929
0.13440000000000002	22.396424622337733
0.13520000000000001	685.3950058124628
0.136	562.4496200513444
0.1368	307.02953063949315
0.1376	-12.75309752065462
0.1384	-318.7881867336022
0.13920000000000002	-537.1837485765659
0.14	-617.4808168460339
0.1408	-597.328440335043
0.1416	-347.53267015426854
0.1424	8.649055703030825
0.1432	325.7759540457895
0.14400000000000002	-54.463861024791484
0.1448	667.898328362616
0.1456	642.7468559883115
0.1464	447.47150544637304
0.1472	149.87204388391777
0.14800000000000002	-172.87867225599277
0.14880000000000002	-444.0766343176999
0.1496	-594.3602608190265
0.1504	-613.4190975774188
0.1512	-433.6098943868076
0.152	-151.78896473974592
0.15280000000000002	171.742864047373
0.15360000000000001	476.37225128470584
0.1544	77.85456406589861
0.1552	686.4885481809616
0.156	561.6685186171087
0.1568	307.02953063949315
0.15760000000000002	-13.065537707788792
0.1584	-318.7881867336022
0.1592	-537.3399685595555
0.16	-611.8568978549642
0.1608	-536.7150886274552
0.16160000000000002	-338.3156891710562
0.16240000000000002	8.805275802506884
0.1632	325.15107325302654
0.164	-37.59209187377324
0.1648	670.2416333296568
0.1656	642.2781950286081
0.16640000000000002	447.62772568871844
0.16720000000000002	149.40338346221023
0.168	-173.03489230916412
0.1688	-443.6079743233918
0.1696	-594.2040408442838
0.1704	-590.9234213696949
0.17120000000000002	-422.3620543244165
0.17200000000000001	-151.9451847979063
0.1728	172.36774463746883
0.1736	475.90359052517874
0.1744	11.461017500191414
0.1752	686.0198871654878
0.17600000000000002	562.2933997643718
0.1768	307.02953063949315
0.1776	-13.221757801292462
0.1784	-318.7881867336022
0.1792	-536.8713086105157
0.18000000000000002	-612.9504376609021
0.18080000000000002	-531.5598291731703
0.1816	-341.1276494822923
0.1824	9.117716001588164
0.1832	325.15107325302654
0.184	-36.654771351289185
0.18480000000000002	671.6476163170732
0.18560000000000001	642.5906356683447
0.1864	447.47150544637304
0.1872	149.55960360273136
0.188	-172.4100120962592
0.1888	-443.7641943215215
0.18960000000000002	-594.0478208695197
0.1904	-590.2985414686899
0.1912	-458.9175340129043
0.192	-152.57006503017467
0.1928	172.36774463746883
0.19360000000000002	476.528471538001
0.19440000000000002	59.733030558536875
0.1952	686.0198871654878
0.196	562.1371794774618
0.1968	306.873310447701
0.1976	-12.75309752065462
0.19840000000000002	-318.16330664756333
0.19920000000000002	-537.8086285083828
0.2	-612.3255577719203
0.2008	-533.5906889612762
0.2016	-344.72070986556287
0.2024	9.430156200841704
0.20320000000000002	324.9948530549716
0.20400000000000001	-42.90357480639949
0.2048	670.0854129980547
0.2056	642.9030763083439
0.2064	447.15906496185835
0.20720000000000002	149.87204388391777
0.20800000000000002	-172.56623214954033
0.2088	-443.92041431962423
0.2096	-594.5164807937475
0.2104	-613.1066576330952
0.2112	-401.5847938299961
0.21200000000000002	-153.19494526184613
0.21280000000000002	171.89908419482364
0.2136	486.68278813050426
0.2144	11.773457700738259
0.2152	685.5512261506183
0.216	562.2933997643718
0.21680000000000002	306.873310447701
0.21760000000000002	-12.909317614242845
0.2184	-318.16330664756333
0.2192	-537.652408525464
0.22	-612.3255577719203
0.22080000000000002	-533.2782489941367
0.22160000000000002	-345.97046999509314
0.22240000000000001	8.805275802506884
0.2232	325.3072934511358
0.224	-51.0270191995194
0.2248	677.8964296598547
0.22560000000000002	642.9030763083439
0.22640000000000002	447.62772568871844
0.2272	150.1844841652965
0.228	-173.19111236229887
0.2288	-443.29553432705177
0.2296	-593.891600894734
0.23040000000000002	-590.2985414686899
0.23120000000000002	-395.1797735767425
0.232	-154.44470572339975
0.2328	172.36774463746883
0.2336	497.30576576046155
0.23440000000000003	-38.841852568100464
0.23520000000000002	686.3323278424033
0.23600000000000002	562.6058403383796
0.2368	307.02953063949315
0.2376	-13.065537707788792
0.2384	-318.16330664756333
0.23920000000000002	-537.1837485765659
0.24000000000000002	-612.6379977164531
0.24080000000000001	-531.0911692214978
0.2416	-325.03698756642746
0.2424	9.898816500045076
0.2432	324.838632856971
0.24400000000000002	-17.43970030993261
0.24480000000000002	669.1480910098408
0.2456	642.7468559883115
0.2464	447.3152852040863
0.2472	149.71582374330052
0.248	-172.87867225599277
0.24880000000000002	-444.0766343176999
0.24960000000000002	-594.3602608190265
0.2504	-590.4547614439738
0.25120000000000003	-457.98021403925304
0.252	-156.1631263541451
0.2528	172.52396478511497
0.2536	495.27490236847314
0.2544	65.82561503200832
0.25520000000000004	687.269649874762
0.256	562.1371794774618
0.25680000000000003	306.5608700642779
0.2576	-12.909317614242845
0.2584	-318.6319667121396
0.2592	-537.652408525464
0.26	-612.3255577719203
0.26080000000000003	-529.5289693810399
0.2616	-338.6281292061285
0.2624	8.336615504207838
0.2632	325.9321742441159
0.264	36.61245420033577
0.26480000000000004	668.3669893548263
0.2656	642.4344153484436
0.2664	447.00284471968894
0.2672	149.55960360273136
0.268	-172.56623214954033
0.26880000000000004	-444.0766343176999
0.2696	-594.5164807937475
0.27040000000000003	-589.986101518057
0.2712	-457.3553340562903
0.272	-156.94422663935993
0.2728	172.05530434232318
0.2736	493.2440389866879
0.27440000000000003	64.57585410879375
0.2752	686.6447685195874
0.276	562.1371794774618
0.2768	306.873310447701
0.2776	-12.596877427024104
0.27840000000000004	-318.7881867336022
0.2792	-537.1837485765659
0.28	-612.3255577719203
0.2808	-530.778729253597
0.2816	-317.538426561022
0.28240000000000004	8.805275802506884
0.2832	325.46351364929933
0.28400000000000003	78.63566466181716
0.2848	668.8356503476354
0.2856	642.2781950286081
0.2864	447.00284471968894
0.2872	149.2471633217372
0.28800000000000003	-172.56623214954033
0.2888	-443.45175432523524
0.2896	-593.891600894734
0.2904	-590.4547614439738
0.2912	-459.07375400842034
0.29200000000000004	-154.288485665836
0.2928	172.21152448987155
0.2936	486.68278813050426
0.2944	2.712691954787143
0.2952	686.4885481809616
0.29600000000000004	562.4496200513444
0.2968	306.873310447701
0.29760000000000003	-13.6904180815499
0.2984	-318.94440675503336
0.2992	-537.4961885425215
0.3	-612.3255577719203
0.3008	-531.2473892054126
0.30160000000000003	-300.354223982818
0.3024	8.805275802506884
0.3032	326.0883944424969
0.304	34.58159280981875
0.3048	678.5213110000119
0.30560000000000004	642.5906356683447
0.3064	447.47150544637304
0.30720000000000003	150.1844841652965
0.308	-172.2537920429415
0.3088	-443.92041431962423
0.30960000000000004	-594.5164807937475
0.3104	-590.2985414686899
0.31120000000000003	-425.7988943586199
0.312	-156.47556646834252
0.3128	172.21152448987155
0.3136	493.7126997661949
0.3144	52.078245034711095
0.31520000000000004	686.3323278424033
0.316	562.4496200513444
0.3168	306.7170902559626
0.3176	-13.065537707788792
0.3184	-318.7881867336022
0.31920000000000004	-537.8086285083828
0.32	-612.6379977164531
0.32080000000000003	-531.2473892054126
0.3216	-227.86812875276743
0.3224	8.649055703030825
0.32320000000000004	325.9321742441159
0.324	84.25958898608036
0.32480000000000003	668.3669893548263
0.3256	642.5906356683447
0.3264	447.15906496185835
0.3272	149.71582374330052
0.328	-172.56623214954033
0.32880000000000004	-443.6079743233918
0.3296	-594.0478208695197
0.3304	-590.2985414686899
0.3312	-457.3553340562903
0.332	-156.47556646834252
0.33280000000000004	172.52396478511497
0.3336	495.27490236847314
0.33440000000000003	49.578723254232926
0.3352	686.8009888582803
0.336	562.4496200513444
0.33680000000000004	306.5608700642779
0.3376	-13.221757801292462
0.33840000000000003	-318.6319667121396
0.3392	-537.4961885425215
0.34	-612.1693377996226
0.3408	-531.5598291731703
0.3416	-299.41690383110426
0.34240000000000004	9.273936101193403
0.3432	326.244614640932
0.34400000000000003	-6.660513837677023
0.3448	675.0844636423832
0.3456	642.4344153484436
0.34640000000000004	447.62772568871844
0.3472	150.1844841652965
0.34800000000000003	-172.56623214954033
0.3488	-443.6079743233918
0.3496	-594.2040408442838
0.3504	-590.1423214933843
0.3512	-420.0187542934126
0.35200000000000004	-156.78800658239126
0.3528	172.52396478511497
0.3536	496.21222393273763
0.3544	119.7215576288515
0.3552	686.3323278424033
0.35600000000000004	562.1371794774618
0.3568	306.7170902559626
0.35760000000000003	-13.221757801292462
0.3584	-318.31952666912014
0.3592	-537.4961885425215
0.36000000000000004	-617.637036817623
0.3608	-593.2667209953748
0.36160000000000003	-298.1671436270227
0.3624	8.805275802506884
0.3632	328.7441378232919
0.364	111.1294504691306
0.3648	678.6775313352184
0.36560000000000004	642.2781950286081
0.3664	447.3152852040863
0.3672	149.87204388391777
0.368	-172.56623214954033
0.3688	-443.7641943215215
0.36960000000000004	-594.3602608190265
0.3704	-590.2985414686899
0.37120000000000003	-426.1113343610666
0.372	-157.1004466962914
0.3728	172.21152448987155
0.37360000000000004	497.9306468062048
0.3744	121.75241934188925
0.37520000000000003	686.4885481809616
0.376	561.9809591906147
0.3768	307.02953063949315
0.3776	-12.75309752065462
0.3784	-318.6319667121396
0.37920000000000004	-537.4961885425215
0.38	-611.232017965396
0.3808	-532.4971490758724
0.3816	-218.18248616526853
0.3824	8.961495902025995
0.38320000000000004	327.49437623037124
0.384	15.36652001944606
0.38480000000000003	676.9591076516249
0.3856	643.0592966284418
0.3864	447.3152852040863
0.38720000000000004	149.55960360273136
0.388	-172.56623214954033
0.38880000000000003	-443.7641943215215
0.3896	-594.3602608190265
0.3904	-590.6109814192359
0.3912	-421.89339431871497
0.392	-156.94422663935993
0.39280000000000004	172.36774463746883
0.3936	491.05695535616144
0.39440000000000003	115.50361409637044
0.3952	687.269649874762
0.396	561.6685186171087
0.39680000000000004	307.02953063949315
0.3976	-12.44065733335131
0.39840000000000003	-318.7881867336022
0.3992	-537.4961885425215
0.4	-612.1693377996226
0.40080000000000005	-531.7160491570133
0.4016	-231.14874959893595
0.40240000000000004	9.117716001588164
0.4032	326.0883944424969
0.404	101.13136231557094
0.4048	676.8028873171538
0.4056	642.5906356683447
0.40640000000000004	447.62772568871844
0.4072	150.1844841652965
0.40800000000000003	-172.4100120962592
0.4088	-443.45175432523524
0.4096	-593.891600894734
0.41040000000000004	-590.7672013944762
0.4112	-375.4960524951729
0.41200000000000003	-156.94422663935993
0.4128	172.05530434232318
0.4136	491.6818363922496
0.41440000000000005	191.27038285913082
0.4152	686.3323278424033
0.41600000000000004	561.9809591906147
0.4168	306.873310447701
0.4176	-13.065537707788792
0.4184	-318.6319667121396
0.4192	-537.4961885425215
0.42000000000000004	-612.9504376609021
0.4208	-544.8385277153983
0.42160000000000003	-191.6250783769512
0.4224	9.273936101193403
0.4232	325.7759540457895
0.42400000000000004	19.1158024633814
0.4248	674.9282433087138
0.42560000000000003	642.2781950286081
0.4264	447.62772568871844
0.4272	150.1844841652965
0.42800000000000005	-172.56623214954033
0.4288	-443.6079743233918
0.42960000000000004	-594.3602608190265
0.4304	-591.0796413448919
0.4312	-426.57999436452974
0.432	-156.00690629699062
0.4328	172.68018493281
0.43360000000000004	477.15335255177854
0.4344	101.28758244150683
0.43520000000000003	686.3323278424033
0.436	561.5122983304499
0.4368	306.873310447701
0.43760000000000004	-12.596877427024104
0.4384	-318.47574669064556
0.43920000000000003	-537.4961885425215
0.44	-614.043977465815
0.4408	-584.0497424394655
0.44160000000000005	-176.9403936265744
0.4424	8.805275802506884
0.44320000000000004	327.6505964292958
0.444	123.62706093021562
0.44480000000000003	676.8028873171538
0.4456	642.4344153484436
0.4464	447.62772568871844
0.44720000000000004	150.340704306058
0.448	-172.2537920429415
0.44880000000000003	-443.7641943215215
0.4496	-593.891600894734
0.4504	-599.2030800253731
0.45120000000000005	-411.8953141374134
0.452	-156.78800658239126
0.45280000000000004	172.05530434232318
0.4536	499.0241886385836
0.4544	106.91150700610763
0.45520000000000005	686.176107503912
0.456	562.2933997643718
0.45680000000000004	307.49819121519147
0.4576	-12.596877427024104
0.45840000000000003	-318.47574669064556
0.4592	-537.0275285935526
0.46	-616.3872770443293
0.46080000000000004	-577.0198434896031
0.4616	-187.87579719444213
0.46240000000000003	9.273936101193403
0.4632	329.52523882063645
0.464	38.95575581402811
0.46480000000000005	687.269649874762
0.4656	642.7468559883115
0.46640000000000004	447.7839459311225
0.4672	150.0282640245831
0.468	-173.03489230916412
0.46880000000000005	-443.45175432523524
0.4696	-594.3602608190265
0.47040000000000004	-623.729615693466
0.4712	-411.1142141184255
0.47200000000000003	-155.85068623979896
0.4728	172.21152448987155
0.4736	477.3095728053721
0.47440000000000004	259.2261544290733
0.4752	685.707446488841
0.47600000000000003	561.6685186171087
0.4768	307.02953063949315
0.4776	-12.596877427024104
0.47840000000000005	-319.1006267764333
0.4792	-537.652408525464
0.48000000000000004	-612.3255577719203
0.4808	-534.3717888787095
0.48160000000000003	-142.88442136271811
0.4824	8.336615504207838
0.4832	328.7441378232919
0.48400000000000004	33.33183195781021
0.4848	674.4595823081064
0.48560000000000003	642.4344153484436
0.4864	447.15906496185835
0.4872	149.55960360273136
0.48800000000000004	-173.03489230916412
0.4888	-443.29553432705177
0.48960000000000004	-594.2040408442838
0.4904	-630.9157343274248
0.4912	-384.5568130502817
0.49200000000000005	-156.78800658239126
0.4928	172.36774463746883
0.49360000000000004	492.6191579481891
0.4944	247.3534212288748
0.49520000000000003	685.5512261506183
0.496	561.6685186171087
0.4968	306.873310447701
0.49760000000000004	-13.065537707788792
0.4984	-319.1006267764333
0.49920000000000003	-537.4961885425215
0.5	-614.2001974378619
0.5008	-568.740184668755
0.5016	-245.67721316403143
0.5024000000000001	8.649055703030825
0.5032	329.21279842153524
0.504	74.88638181177863
0.5048	676.0217856458015
0.5056	642.1219747088383
0.5064000000000001	447.62772568871844
0.5072	149.87204388391777
0.508	-172.4100120962592
0.5088	-443.6079743233918
0.5096	-594.2040408442838
0.5104000000000001	-594.828920743125
0.5112	-405.6465139658002
0.512	-153.81982549292104
0.5128	172.36774463746883
0.5136000000000001	475.4349297661888
0.5144000000000001	181.5847334324076
0.5152	685.3950058124628
0.516	561.8247389038304
0.5168	307.02953063949315
0.5176000000000001	-12.284437239636219
0.5184	-318.47574669064556
0.5192	-536.8713086105157
0.52	-615.9186171290014
0.5208	-588.2676817880213
0.5216000000000001	-209.27794366786875
0.5224	8.805275802506884
0.5232	327.6505964292958
0.524	33.33183195781021
0.5248	686.3323278424033
0.5256000000000001	642.7468559883115
0.5264	447.9401661735851
0.5272	150.340704306058
0.528	-172.56623214954033
0.5288	-443.6079743233918
0.5296000000000001	-594.3602608190265
0.5304	-606.0767588636201
0.5312	-367.0601718895574
0.532	-156.47556646834252
0.5328	172.36774463746883
0.5336000000000001	489.9634135453256
0.5344	170.9617633108523
0.5352	685.0825651363533
0.536	561.8247389038304
0.5368	307.02953063949315
0.5376000000000001	-13.065537707788792
0.5384	-318.7881867336022
0.5392	-537.0275285935526
0.54	-618.1056967322655
0.5408000000000001	-590.6109814192359
0.5416000000000001	-196.46789987375152
0.5424	8.649055703030825
0.5432	328.5879176239863
0.544	48.01652214722101
0.5448000000000001	690.0816159863597
0.5456	642.7468559883115
0.5464	447.7839459311225
0.5472	149.87204388391777
0.548	-172.2537920429415
0.5488000000000001	-443.6079743233918
0.5496	-593.5791609450976
0.5504	-572.9581240758964
0.5512	-408.9271340615195
0.552	-155.38202606800078
0.5528000000000001	172.05530434232318
0.5536	493.55647950629884
0.5544	256.1017509263343
0.5552	684.4576837849396
0.556	562.6058403383796
0.5568000000000001	306.873310447701
0.5576	-12.596877427024104
0.5584	-318.6319667121396
0.5592	-537.0275285935526
0.56	-617.3245968744242
0.5608000000000001	-599.9841798954337
0.5616	-194.5932592984288
0.5624	9.117716001588164
0.5632	331.08744081941177
0.5640000000000001	45.517000385244835
0.5648000000000001	686.8009888582803
0.5656	643.0592966284418
0.5664	447.9401661735851
0.5672	150.1844841652965
0.5680000000000001	-172.56623214954033
0.5688	-444.3890743137707
0.5696	-594.3602608190265
0.5704	-628.2599948372928
0.5712	-354.40635081864207
0.5720000000000001	-155.69446618257012
0.5728	172.05530434232318
0.5736	488.0887704478954
0.5744	245.79121951422374
0.5752	685.5512261506183
0.5760000000000001	562.2933997643718
0.5768	307.02953063949315
0.5776	-13.221757801292462
0.5784	-318.94440675503336
0.5792	-537.0275285935526
0.5800000000000001	-616.5434970160637
0.5808	-587.4865819098611
0.5816	-277.54609996074146
0.5824	8.961495902025995
0.5832	328.1192570263961
0.5840000000000001	44.892119946526044
0.5848	701.9543620316937
0.5856	643.2155169486055
0.5864	447.62772568871844
0.5872	149.2471633217372
0.5880000000000001	-172.4100120962592
0.5888	-444.2328543157488
0.5896	-594.3602608190265
0.5904	-589.0487816656367
0.5912000000000001	-404.70919393616214
0.5920000000000001	-155.85068623979896
0.5928	171.58664389997116
0.5936	444.50332085295224
0.5944	245.94743968545706
0.5952000000000001	684.9263447983992
0.596	562.1371794774618
0.5968	307.34197102323833
0.5976	-12.909317614242845
0.5984	-318.94440675503336
0.5992000000000001	-537.1837485765659
0.6	-618.7305766181654
0.6008	-590.2985414686899
0.6016	-193.81215905718958
0.6024	8.492835603597811
0.6032000000000001	328.5879176239863
0.604	47.3916417056611
0.6048	699.1423958277974
0.6056	642.7468559883115
0.6064	448.25260665868666
0.6072000000000001	150.340704306058
0.608	-171.62891182930457
0.6088	-444.0766343176999
0.6096	-594.672700768447
0.6104	-593.5791609450976
0.6112000000000001	-313.47670598622824
0.612	-156.00690629699062
0.6128	172.36774463746883
0.6136	406.6980241837548
0.6144000000000001	322.651550090662
0.6152000000000001	684.7701244605123
0.616	561.5122983304499
0.6168	307.34197102323833
0.6176	-12.909317614242845
0.6184000000000001	-318.47574669064556
0.6192000000000001	-537.1837485765659
0.62	-619.355456503734
0.6208	-588.5801217391328
0.6216	-142.2595411211523
0.6224000000000001	8.805275802506884
0.6232	328.90035802265186
0.624	51.60958470000257
0.6248	704.7663282575351
0.6256	642.7468559883115
0.6264000000000001	447.62772568871844
0.6272	149.87204388391777
0.628	-172.2537920429415
0.6288	-443.45175432523524
0.6296	-594.672700768447
0.6304000000000001	-617.9494767607388
0.6312	-365.029311730873
0.632	-156.1631263541451
0.6328	172.21152448987155
0.6336	469.8110007001518
0.6344000000000001	251.25892553806577
0.6352	684.4576837849396
0.636	562.1371794774618
0.6368	306.873310447701
0.6376000000000001	-12.75309752065462
0.6384000000000001	-318.6319667121396
0.6392	-537.3399685595555
0.64	-620.2927763314664
0.6408	-594.2040408442838
0.6416000000000001	-152.88250514608498
0.6424000000000001	8.961495902025995
0.6432	329.0565782220664
0.644	51.297144477086434
0.6448	703.6727858337647
0.6456000000000001	642.9030763083439
0.6464000000000001	448.0963864161065
0.6472	150.340704306058
0.648	-172.4100120962592
0.6488	-443.92041431962423
0.6496000000000001	-594.0478208695197
0.6504	-568.5839646903987
0.6512	-359.87405130545676
0.652	-152.41384497216356
0.6528	172.21152448987155
0.6536000000000001	474.18516774484044
0.6544	326.71327523656396
0.6552	685.2387854743746
0.656	562.6058403383796
0.6568	307.02953063949315
0.6576000000000001	-12.44065733335131
0.6584	-318.16330664756333
0.6592	-537.3399685595555
0.66	-619.6678964463941
0.6608	-595.9224605652668
0.6616000000000001	-205.2162224906909
0.6624	8.961495902025995
0.6632	331.7123216204483
0.664	25.8332669046949
0.6648000000000001	701.3294806511547
0.6656000000000001	643.5279575891295
0.6664	447.62772568871844
0.6672	149.71582374330052
0.668	-172.56623214954033
0.6688000000000001	-443.29553432705177
0.6696000000000001	-594.3602608190265
0.6704	-575.1452037620703
0.6712	-407.2087140129339
0.672	-156.47556646834252
0.6728000000000001	172.52396478511497
0.6736000000000001	401.3865364922466
0.6744	322.8077702879028
0.6752	684.4576837849396
0.676	562.2933997643718
0.6768000000000001	307.18575083133885
0.6776	-12.596877427024104
0.6784	-318.16330664756333
0.6792	-537.4961885425215
0.68	-616.8559369594702
0.6808000000000001	-586.2368221036696
0.6816	-159.91240771471183
0.6824	8.961495902025995
0.6832	332.3372024223577
0.684	55.67130761415413
0.6848000000000001	705.234989297311
0.6856	643.0592966284418
0.6864	447.7839459311225
0.6872	150.1844841652965
0.6880000000000001	-172.4100120962592
0.6888000000000001	-443.13931432884124
0.6896	-594.3602608190265
0.6904	-612.3255577719203
0.6912	-397.0544136558368
0.6920000000000001	-154.60092578092633
0.6928000000000001	172.05530434232318
0.6936	466.6865956967821
0.6944	329.52523882063645
0.6952	684.6139041226924
0.6960000000000001	561.9809591906147
0.6968000000000001	307.34197102323833
0.6976	-12.909317614242845
0.6984	-318.6319667121396
0.6992	-536.8713086105157
0.7000000000000001	-616.2310570725741
0.7008	-586.7054820311553
0.7016	-203.8102420776307
0.7024	8.649055703030825
0.7032	331.2436610195891
0.7040000000000001	98.00695980657704
0.7048	686.0198871654878
0.7056	643.2155169486055
0.7064	447.3152852040863
0.7072	149.87204388391777
0.7080000000000001	-171.94135193619627
0.7088	-443.92041431962423
0.7096	-595.1413606924161
0.7104	-596.7035604375795
0.7112	-389.8682933301917
0.7120000000000001	-154.13226560823492
0.7128	171.58664389997116
0.7136	384.8271929350084
0.7144	226.107478348942
0.7152000000000001	685.3950058124628
0.7160000000000001	562.4496200513444
0.7168	306.7170902559626
0.7176	-12.596877427024104
0.7184	-318.6319667121396
0.7192000000000001	-537.0275285935526
0.7200000000000001	-616.5434970160637
0.7208	-585.1432822721042
0.7216	-107.89112689688773
0.7224	8.336615504207838
0.7232000000000001	332.0247620212939
0.7240000000000001	91.91437496718376
0.7248	683.0517007481842
0.7256	643.6841779094901
0.7264	447.7839459311225
0.7272000000000001	150.340704306058
0.728	-172.56623214954033
0.7288	-443.6079743233918
0.7296	-594.9851407177812
0.7304	-595.2975806670294
0.7312000000000001	-393.77379351471336
0.732	-151.6327446815482
0.7328	171.89908419482364
0.7336	349.9900854383752
0.7344	233.29360598191116
0.7352000000000001	684.9263447983992
0.736	562.1371794774618
0.7368	306.873310447701
0.7376	-12.909317614242845
0.7384000000000001	-318.16330664756333
0.7392000000000001	-536.8713086105157
0.74	-619.6678964463941
0.7408	-585.7681621759873
0.7416	-104.29806530212812
0.7424000000000001	8.492835603597811
0.7432000000000001	332.0247620212939
0.744	49.42250314333156
0.7448	682.8954804111023
0.7456	643.6841779094901
0.7464000000000001	447.7839459311225
0.7472000000000001	149.87204388391777
0.748	-172.87867225599277
0.7488	-444.0766343176999
0.7496	-594.9851407177812
0.7504000000000001	-605.9205388904802
0.7512000000000001	-386.5876731612591
0.752	-151.6327446815482
0.7528	172.36774463746883
0.7536	387.48293667018663
0.7544000000000001	317.027623026063
0.7552	684.4576837849396
0.756	562.2933997643718
0.7568	307.02953063949315
0.7576	-12.44065733335131
0.7584000000000001	-318.16330664756333
0.7592	-537.0275285935526
0.76	-617.637036817623
0.7608	-599.8279599214644
0.7616	-155.38202606800078
0.7624000000000001	8.961495902025995
0.7632	332.49342262297137
0.764	60.51413112823837
0.7648	704.1414468721165
0.7656000000000001	643.2155169486055
0.7664000000000001	447.9401661735851
0.7672	150.1844841652965
0.768	-171.94135193619627
0.7688	-443.45175432523524
0.7696000000000001	-594.9851407177812
0.7704000000000001	-553.743066643167
0.7712	-387.99365323522034
0.772	-151.6327446815482
0.7728	172.36774463746883
0.7736000000000001	464.65573245732605
0.7744000000000001	299.06230092640374
0.7752	684.9263447983992
0.776	562.4496200513444
0.7768	307.18575083133885
0.7776000000000001	-12.596877427024104
0.7784000000000001	-318.6319667121396
0.7792	-537.4961885425215
0.78	-620.2927763314664
0.7808	-596.8597804119777
0.7816000000000001	-134.7609781752436
0.7824	8.336615504207838
0.7832	331.2436610195891
0.784	50.203603698283494
0.7848	701.3294806511547
0.7856000000000001	642.7468559883115
0.7864	447.3152852040863
0.7872	149.87204388391777
0.788	-172.0975719895872
0.7888000000000001	-443.92041431962423
0.7896000000000001	-594.828920743125
0.7904	-577.8009433751313
0.7912	-400.1788137785127
0.792	-155.69446618257012
0.7928000000000001	172.68018493281
0.7936000000000001	433.09924340087036
0.7944	227.35723966867977
0.7952	685.0825651363533
0.796	561.9809591906147
0.7968000000000001	307.34197102323833
0.7976000000000001	-12.75309752065462
0.7984	-318.31952666912014
0.7992	-537.3399685595555
0.8	-614.9812972977834
0.8008000000000001	-590.4547614439738
0.8016000000000001	-171.31647172226633
0.8024	8.336615504207838
0.8032	330.93122061928887
0.804	98.3194000566436
0.8048000000000001	697.2677517040419
0.8056000000000001	643.0592966284418
0.8064	447.7839459311225
0.8072	150.0282640245831
0.808	-172.56623214954033
0.8088000000000001	-443.7641943215215
0.8096	-594.9851407177812
0.8104	-614.9812972977834
0.8112	-342.84606966761066
0.812	-156.00690629699062
0.8128000000000001	172.36774463746883
0.8136	281.25319971579324
0.8144	411.6970714832404
0.8152	684.1452431096355
0.8160000000000001	562.6058403383796
0.8168000000000001	307.18575083133885
0.8176	-12.75309752065462
0.8184	-318.47574669064556
0.8192	-537.4961885425215
0.8200000000000001	-621.073876187342
0.8208000000000001	-591.2358613200673
0.8216	-167.25475031741666
0.8224	8.336615504207838
0.8232	332.0247620212939
0.8240000000000001	61.60767192770613
0.8248000000000001	713.5146677675116
0.8256	643.0592966284418
0.8264	447.62772568871844
0.8272	150.0282640245831
0.8280000000000001	-172.56623214954033
0.8288000000000001	-443.92041431962423
0.8296	-594.672700768447
0.8304	-561.2416256821757
0.8312	-426.1113343610666
0.8320000000000001	-153.81982549292104
0.8328	172.68018493281
0.8336	345.92836008051495
0.8344	383.8898716206061
0.8352	684.1452431096355
0.8360000000000001	561.9809591906147
0.8368	307.34197102323833
0.8376	-12.596877427024104
0.8384	-318.6319667121396
0.8392000000000001	-537.0275285935526
0.8400000000000001	-619.5116764750744
0.8408	-594.9851407177812
0.8416	-140.54112045373705
0.8424	8.961495902025995
0.8432000000000001	328.90035802265186
0.8440000000000001	90.5083938603511
0.8448	697.5801923906586
0.8456	643.2155169486055
0.8464	447.62772568871844
0.8472000000000001	150.340704306058
0.8480000000000001	-172.2537920429415
0.8488	-443.7641943215215
0.8496	-594.672700768447
0.8504	-599.0468600512968
0.8512000000000001	-391.2742733986927
0.8520000000000001	-148.66456356869034
0.8528	172.36774463746883
0.8536	264.6938606089125
0.8544	301.71804414863504
0.8552000000000001	684.7701244605123
0.8560000000000001	562.1371794774618
0.8568	306.873310447701
0.8576	-12.596877427024104
0.8584	-318.7881867336022
0.8592000000000001	-537.0275285935526
0.86	-620.4489963026826
0.8608	-582.6437626530642
0.8616	-42.90357480639949
0.8624	8.336615504207838
0.8632000000000001	331.7123216204483
0.864	89.8835133696207
0.8648	698.2050737647028
0.8656	642.9030763083439
0.8664000000000001	447.3152852040863
0.8672000000000001	150.340704306058
0.868	-172.0975719895872
0.8688	-443.6079743233918
0.8696	-594.2040408442838
0.8704000000000001	-561.3978456615955
0.8712000000000001	-419.23765428168974
0.872	-148.50834350974478
0.8728	172.21152448987155
0.8736	219.23379114841057
0.8744000000000001	386.54561535002415
0.8752000000000001	684.9263447983992
0.876	562.6058403383796
0.8768	307.65441140719827
0.8776	-12.596877427024104
0.8784000000000001	-318.47574669064556
0.8792000000000001	-536.7150886274552
0.88	-619.0430165609911
0.8808	-594.3602608190265
0.8816	-80.3963941648314
0.8824000000000001	8.649055703030825
0.8832000000000001	326.86949543521666
0.884	94.72633719203384
0.8848	682.270599063445
0.8856	642.5906356683447
0.8864000000000001	447.62772568871844
0.8872	150.340704306058
0.888	-171.94135193619627
0.8888	-444.2328543157488
0.8896000000000001	-594.2040408442838
0.8904000000000001	-627.4788949861348
0.8912	-416.1132542278383
0.892	-146.9461429182282
0.8928	172.05530434232318
0.8936000000000001	332.3372024223577
0.8944000000000001	207.67349925885904
0.8952	684.6139041226924
0.896	562.2933997643718
0.8968	307.49819121519147
0.8976000000000001	-12.596877427024104
0.8984000000000001	-318.16330664756333
0.8992	-537.4961885425215
0.9	-611.8568978549642
0.9008	-547.494267403499
0.9016000000000001	-42.90357480639949
0.9024000000000001	8.492835603597811
0.9032	331.39988121982094
0.904	97.38207930699863
0.9048	681.9581583900188
0.9056000000000001	642.9030763083439
0.9064000000000001	447.3152852040863
0.9072	150.340704306058
0.908	-172.56623214954033
0.9088	-444.2328543157488
0.9096000000000001	-594.828920743125
0.9104000000000001	-627.0102350751953
0.9112	-424.2366943447312
0.912	-146.78992285887037
0.9128000000000001	172.68018493281
0.9136000000000001	105.19308560498054
0.9144	314.2156595200363
0.9152	686.8009888582803
0.916	562.2933997643718
0.9168000000000001	307.34197102323833
0.9176000000000001	-12.596877427024104
0.9184	-318.16330664756333
0.9192	-537.1837485765659
0.92	-611.8568978549642
0.9208000000000001	-531.4036091893032
0.9216000000000001	17.553601442040083
0.9224	8.336615504207838
0.9232	325.46351364929933
0.924	158.4641516920556
0.9248000000000001	676.4904466484124
0.9256000000000001	643.0592966284418
0.9264	447.62772568871844
0.9272	150.0282640245831
0.928	-172.0975719895872
0.9288000000000001	-444.0766343176999
0.9296000000000001	-594.672700768447
0.9304	-596.5473404631601
0.9312	-444.3890743137707
0.932	-146.63370279947497
0.9328000000000001	172.21152448987155
0.9336000000000001	102.84978370341558
0.9344	301.71804414863504
0.9352	685.3950058124628
0.936	561.8247389038304
0.9368000000000001	307.49819121519147
0.9376000000000001	-12.909317614242845
0.9384	-318.16330664756333
0.9392	-536.8713086105157
0.9400000000000001	-615.293737241606
0.9408000000000001	-563.584925371085
0.9416	-39.15429274126859
0.9424	8.492835603597811
0.9432	325.15107325302654
0.9440000000000001	225.95125818420337
0.9448000000000001	677.2715483207675
0.9456	642.9030763083439
0.9464	447.47150544637304
0.9472	150.340704306058
0.9480000000000001	-172.2537920429415
0.9488000000000001	-443.7641943215215
0.9496	-594.2040408442838
0.9504	-622.7922958684542
0.9512	-454.0747141387835
0.9520000000000001	-147.5710231552846
0.9528000000000001	172.52396478511497
0.9536	76.76102323352394
0.9544	355.30157250112654
0.9552	685.8636668271309
0.9560000000000001	562.4496200513444
0.9568000000000001	307.34197102323833
0.9576	-12.75309752065462
0.9584	-318.31952666912014
0.9592	-537.1837485765659
0.9600000000000001	-612.1693377996226
0.9608000000000001	-530.1538493175094
0.9616	-91.80045959391963
0.9624	8.492835603597811
0.9632000000000001	321.7142289083555
0.9640000000000001	151.59046543388166
0.9648	681.4894973803819
0.9656	642.4344153484436
0.9664	447.47150544637304
0.9672000000000001	150.49692444686758
0.9680000000000001	-172.56623214954033
0.9688	-444.2328543157488
0.9696	-594.3602608190265
0.9704	-609.9822581852526
0.9712000000000001	-440.32735435643656
0.9720000000000001	-146.78992285887037
0.9728	172.8364050805539
0.9736	98.47562018174624
0.9744	377.32862247657977
0.9752000000000001	685.8636668271309
0.9760000000000001	562.6058403383796
0.9768	307.34197102323833
0.9776	-12.596877427024104
0.9784	-318.47574669064556
0.9792000000000001	-536.7150886274552
0.9800000000000001	-612.3255577719203
0.9808	-530.1538493175094
0.9816	34.737812916517626
0.9824	8.492835603597811
0.9832000000000001	317.96494419862677
0.9840000000000001	95.03877744016101
0.9848	672.4287179790815
0.9856	642.2781950286081
0.9864	447.3152852040863
0.9872000000000001	149.87204388391777
0.9880000000000001	-172.56623214954033
0.9888	-444.0766343176999
0.9896	-594.0478208695197
0.9904000000000001	-590.1423214933843
0.9912000000000001	-457.66777404782454
0.992	-144.44662196399804
0.9928	172.52396478511497
0.9936	59.733030558536875
0.9944000000000001	290.00153004885874
0.9952000000000001	686.176107503912
0.996	562.6058403383796
0.9968	307.18575083133885
0.9976	-12.909317614242845
0.9984000000000001	-318.31952666912014
0.9992000000000001	-536.8713086105157
