0	261.9267145553472
0.0008	11.974476863729977
0.0016	-240.47716773879577
0.0024000000000000002	-434.1899992964135
0.0032	-310.15130481740573
0.004	-474.6509799869673
0.0048000000000000004	-313.119485395714
0.0056	-71.91571626745093
0.0064	186.47236944868465
0.007200000000000001	401.7438056365255
0.008	516.7219176120316
0.0088	173.03743555305815
0.009600000000000001	368.4688960729703
0.010400000000000001	140.54364347301131
0.0112	-118.62552061158547
0.012	-348.1127713288728
0.0128	-475.9007399788159
0.013600000000000001	-502.6143593945398
0.014400000000000001	-406.6952777390281
0.0152	-199.703734502829
0.016	59.62161269493169
0.016800000000000002	304.10616751509565
0.0176	474.3862231090953
0.0184	522.6582884229638
0.019200000000000002	429.2385685852751
0.02	262.8640356895608
0.020800000000000003	11.50581653209336
0.0216	-240.16472764668546
0.0224	-434.033779290094
0.023200000000000002	-260.7857734236166
0.024	-474.3385399887339
0.024800000000000003	-312.80704533539915
0.0256	-71.7594961798936
0.0264	187.09725010408746
0.027200000000000002	401.7438056365255
0.028	516.7219176120316
0.028800000000000003	132.26397563995835
0.0296	368.3126758464355
0.0304	140.85608377129034
0.031200000000000002	-118.46930053618226
0.032	-347.95655130596026
0.0328	-476.83805997156423
0.033600000000000005	-502.9267993831292
0.0344	-406.85149775043453
0.0352	-199.703734502829
0.036000000000000004	59.934052943889434
0.0368	304.4186079221785
0.0376	474.3862231090953
0.038400000000000004	523.2831695662137
0.0392	430.1758900816544
0.04	262.2391549332049
0.0408	11.037156200856776
0.041600000000000005	-240.47716773879577
0.0424	-434.1899992964135
0.0432	-232.04128520186177
0.044000000000000004	-474.6509799869673
0.0448	-312.80704533539915
0.0456	-71.7594961798936
0.046400000000000004	186.7848097762847
0.0472	401.7438056365255
0.048	516.7219176120316
0.0488	154.291016783497
0.049600000000000005	369.249997206502
0.0504	140.85608377129034
0.0512	-118.62552061158547
0.052000000000000005	-347.64411126004035
0.0528	-476.6818399728405
0.0536	-503.2392393716141
0.054400000000000004	-407.00771776181136
0.055200000000000006	-199.39129439181815
0.056	59.465392570522056
0.0568	304.7310483294808
0.057600000000000005	474.6986636424064
0.0584	521.720966709968
0.0592	428.6136875888755
0.060000000000000005	259.89585210447336
0.0608	10.880936090533453
0.0616	-240.47716773879577
0.062400000000000004	-434.3462193027042
0.0632	-241.10204792259083
0.064	-474.6509799869673
0.0648	-312.80704533539915
0.0656	-71.6032760922948
0.0664	186.7848097762847
0.06720000000000001	401.4313651589139
0.068	516.2532567623809
0.0688	145.69890841973384
0.06960000000000001	370.03109834146323
0.0704	144.29292706531967
0.0712	-118.31308046073922
0.07200000000000001	-347.64411126004035
0.0728	-482.14953991210524
0.0736	-503.2392393716141
0.07440000000000001	-406.5390577275921
0.0752	-200.17239466906835
0.076	59.934052943889434
0.07680000000000001	304.2623877186096
0.0776	474.85488390915344
0.0784	516.4094770455354
0.0792	427.36392559892215
0.08	249.58531980025137
0.08080000000000001	11.193376311224533
0.0816	-244.85132901346077
0.0824	-434.8148793214051
0.08320000000000001	-249.06927021637506
0.084	-474.3385399887339
0.0848	-313.119485395714
0.08560000000000001	-71.7594961798936
0.0864	187.2534702680649
0.0872	401.4313651589139
0.08800000000000001	516.7219176120316
0.0888	190.53409372331276
0.0896	371.9057410712073
0.09040000000000001	151.63527418237814
0.0912	-117.53198008292654
0.092	-338.2709098233537
0.09280000000000001	-475.58829998101646
0.0936	-502.3019194058459
0.0944	-407.00771776181136
0.0952	-199.703734502829
0.096	60.09027306843756
0.09680000000000001	305.199708940846
0.0976	474.6986636424064
0.0984	514.5348336517995
0.09920000000000001	429.0823483360863
0.1	255.52168685624184
0.1008	11.193376311224533
0.10160000000000001	-250.63147065538644
0.1024	-437.0019594052804
0.1032	-240.16472764668546
0.10400000000000001	-474.6509799869673
0.1048	-313.275705425822
0.1056	-71.91571626745093
0.10640000000000001	187.2534702680649
0.1072	401.4313651589139
0.108	516.2532567623809
0.10880000000000001	158.66518109891075
0.1096	371.4370803879984
0.11040000000000001	150.07307265898402
0.11120000000000001	-117.21953993152253
0.112	-343.26995060384365
0.11280000000000001	-475.58829998101646
0.1136	-504.48899932450917
0.1144	-407.1639377731587
0.11520000000000001	-199.85995455827901
0.116	60.40271331767236
0.1168	304.2623877186096
0.11760000000000001	474.6986636424064
0.1184	516.2532567623809
0.1192	427.20770535044477
0.12000000000000001	260.5207328576286
0.1208	10.724715980254555
0.1216	-240.63338778479775
0.12240000000000001	-434.8148793214051
0.1232	-240.00850760057705
0.124	-474.6509799869673
0.12480000000000001	-313.275705425822
0.12560000000000002	-71.2908359169727
0.1264	186.7848097762847
0.1272	400.8064842043906
0.128	516.7219176120316
0.1288	168.5070509512073
0.1296	370.8121994778548
0.13040000000000002	149.29197189913913
0.1312	-118.31308046073922
0.132	-347.95655130596026
0.1328	-476.5256199740897
0.1336	-503.86411934827044
0.13440000000000002	-407.32015778447646
0.13520000000000001	-199.703734502829
0.136	59.777832819387484
0.1368	304.5748281258022
0.1376	474.6986636424064
0.1384	518.9090015845011
0.13920000000000002	429.70722933319774
0.14	251.92862257636426
0.1408	10.412275759830013
0.1416	-240.78960783076423
0.1424	-434.3462193027042
0.1432	-193.45493225448757
0.14400000000000002	-474.6509799869673
0.1448	-312.80704533539915
0.1456	-71.7594961798936
0.1464	186.94102994016075
0.1472	401.2751449201956
0.14800000000000002	516.2532567623809
0.14880000000000002	196.15801969876708
0.1496	371.74952084341373
0.1504	147.88599053452714
0.1512	-117.84442023417112
0.152	-347.0192311678206
0.15280000000000002	-481.2122199248615
0.15360000000000001	-504.3327793304887
0.1544	-406.5390577275921
0.1552	-199.07885428065956
0.156	59.62161269493169
0.1568	304.7310483294808
0.15760000000000002	475.1673244428303
0.1584	513.9099525225504
0.1592	428.92612808695674
0.16	257.24010891307205
0.1608	11.50581653209336
0.16160000000000002	-248.28816999555076
0.16240000000000002	-436.37707938188623
0.1632	-240.94582787669526
0.164	-474.6509799869673
0.1648	-312.9632653655731
0.1656	-72.38437652987409
0.16640000000000002	187.72213076030152
0.16720000000000002	400.8064842043906
0.168	516.7219176120316
0.1688	185.6912686305713
0.1696	372.37440175493174
0.1704	147.41733008054416
0.17120000000000002	-117.37576000724447
0.17200000000000001	-343.7386106753415
0.1728	-479.49379994573144
0.1736	-499.33373950802917
0.1744	-406.22661770463145
0.1752	-199.54751444734205
0.17600000000000002	59.934052943889434
0.1768	305.199708940846
0.1776	474.85488390915344
0.1784	512.9726308305464
0.1792	433.4565153358166
0.18000000000000002	246.4609161172879
0.18080000000000002	10.568495870020074
0.1816	-256.2553922067923
0.1824	-437.0019594052804
0.1832	-251.10013078640486
0.184	-474.3385399887339
0.18480000000000002	-313.275705425822
0.18560000000000001	-71.6032760922948
0.1864	187.56591059617193
0.1872	401.9000258754188
0.188	517.0343581787779
0.1888	246.1484757501542
0.18960000000000002	371.9057410712073
0.1904	148.97953159554672
0.1912	-117.53198008292654
0.192	-348.8938714429606
0.1928	-480.7435599308765
0.19360000000000002	-504.3327793304887
0.19440000000000002	-406.3828377161266
0.1952	-199.703734502829
0.196	59.30917244615859
0.1968	304.88726853321435
0.1976	475.7922055109155
0.19840000000000002	518.2841204482602
0.19920000000000002	432.6754140824487
0.2	252.70972350438473
0.2008	11.50581653209336
0.2016	-245.63242923816205
0.2024	-434.3462193027042
0.20320000000000002	-255.9429521217926
0.20400000000000001	-474.4947599878642
0.2048	-313.119485395714
0.2056	-71.2908359169727
0.2064	187.09725010408746
0.20720000000000002	401.2751449201956
0.20800000000000002	515.7845959132917
0.2088	210.9989357854957
0.2096	369.0937769796813
0.2104	148.0422106859534
0.2112	-118.46930053618226
0.21200000000000002	-347.80033128301613
0.21280000000000002	-475.1196399841139
0.2136	-504.48899932450917
0.2144	-406.5390577275921
0.2152	-199.85995455827901
0.216	59.934052943889434
0.21680000000000002	304.5748281258022
0.21760000000000002	475.01110417596135
0.2184	517.3467987457736
0.2192	430.33211033125866
0.22	261.9267145553472
0.22080000000000002	11.50581653209336
0.22160000000000002	-240.32094769275835
0.22240000000000001	-433.87755928374605
0.2232	-267.19079509411534
0.224	-474.3385399887339
0.2248	-312.9632653655731
0.22560000000000002	-71.4470560046545
0.22640000000000002	186.94102994016075
0.2272	401.2751449201956
0.228	516.4094770455354
0.2288	216.62286200281838
0.2296	370.1873185686271
0.23040000000000002	145.38646811840846
0.23120000000000002	-118.31308046073922
0.232	-347.4878912370329
0.2328	-475.9007399788159
0.2336	-504.8014393124721
0.23440000000000003	-406.07039769310677
0.23520000000000002	-199.85995455827901
0.23600000000000002	59.30917244615859
0.2368	304.5748281258022
0.2376	475.4797649767509
0.2384	518.5965610162557
0.23920000000000002	430.33211033125866
0.24000000000000002	259.2709713521709
0.24080000000000001	11.349596421636726
0.2416	-240.47716773879577
0.2424	-433.87755928374605
0.2432	-233.75970572707737
0.24400000000000002	-474.4947599878642
0.24480000000000002	-313.119485395714
0.2456	-71.6032760922948
0.2464	187.09725010408746
0.2472	401.1189246815356
0.248	517.1905784622445
0.24880000000000002	254.27192536440407
0.24960000000000002	370.65597925046205
0.2504	149.44819205100939
0.25120000000000003	-117.68820015856876
0.252	-345.61325095847195
0.2528	-474.3385399887339
0.2536	-504.8014393124721
0.2544	-406.3828377161266
0.25520000000000004	-199.39129439181815
0.256	59.465392570522056
0.25680000000000003	304.88726853321435
0.2576	475.1673244428303
0.2584	518.7527813003471
0.2592	429.5510090838309
0.26	248.02311795612619
0.26080000000000003	10.412275759830013
0.2616	-240.63338778479775
0.2624	-434.1899992964135
0.2632	-251.41257087357496
0.264	-474.9634199850921
0.26480000000000004	-313.275705425822
0.2656	-71.91571626745093
0.2664	187.09725010408746
0.2672	401.2751449201956
0.268	516.2532567623809
0.26880000000000004	148.51087114052808
0.2696	371.28086016037656
0.27040000000000003	154.291016783497
0.2712	-118.62552061158547
0.272	-347.80033128301613
0.2728	-476.05695997767504
0.2736	-505.5825392819232
0.27440000000000003	-406.3828377161266
0.2752	-199.39129439181815
0.276	59.62161269493169
0.2768	304.7310483294808
0.2776	475.1673244428303
0.27840000000000004	519.2214421529968
0.2792	428.6136875888755
0.28	260.83317323452604
0.2808	10.880936090533453
0.2816	-240.94582787669526
0.28240000000000004	-434.033779290094
0.2832	-244.0702287878765
0.28400000000000003	-474.18231998957646
0.2848	-313.119485395714
0.2856	-71.4470560046545
0.2864	186.94102994016075
0.2872	400.96270444293395
0.28800000000000003	516.5656973287523
0.2888	141.7934046673049
0.2896	369.0937769796813
0.2904	141.16852406976557
0.2912	-118.00064030973367
0.29200000000000004	-347.64411126004035
0.2928	-474.80719998604326
0.2936	-505.4263192880851
0.2944	-406.07039769310677
0.2952	-199.39129439181815
0.29600000000000004	60.24649319303187
0.2968	304.7310483294808
0.29760000000000003	475.3235447097602
0.2984	519.5338827217424
0.2992	427.98880659342467
0.3	265.8322192939247
0.3008	10.880936090533453
0.30160000000000003	-240.47716773879577
0.3024	-434.033779290094
0.3032	-254.38075169469755
0.304	-474.6509799869673
0.3048	-313.275705425822
0.30560000000000004	-71.7594961798936
0.3064	186.6285896124593
0.30720000000000003	401.4313651589139
0.308	516.7219176120316
0.3088	214.90444009597707
0.30960000000000004	369.5624376603149
0.3104	141.01230392050343
0.31120000000000003	-118.46930053618226
0.312	-347.64411126004035
0.3128	-475.9007399788159
0.3136	-505.2700992942208
0.3144	-406.6952777390281
0.31520000000000004	-200.01617461369216
0.316	59.934052943889434
0.3168	304.88726853321435
0.3176	474.6986636424064
0.3184	518.2841204482602
0.31920000000000004	428.4574673399238
0.32	255.36546666957622
0.32080000000000003	11.037156200856776
0.3216	-240.47716773879577
0.3224	-434.1899992964135
0.32320000000000004	-263.7539542049904
0.324	-474.4947599878642
0.32480000000000003	-313.275705425822
0.3256	-71.91571626745093
0.3264	187.09725010408746
0.3272	401.4313651589139
0.328	516.7219176120316
0.32880000000000004	219.59104531120667
0.3296	370.4997590231265
0.3304	146.4800091739088
0.3312	-118.31308046073922
0.332	-347.64411126004035
0.33280000000000004	-474.9634199850921
0.3336	-505.8949792695214
0.33440000000000003	-406.07039769310677
0.3352	-199.703734502829
0.336	59.777832819387484
0.33680000000000004	304.2623877186096
0.3376	475.01110417596135
0.33840000000000003	521.2523058543156
0.3392	432.3629735815177
0.34	260.83317323452604
0.3408	11.349596421636726
0.3416	-240.94582787669526
0.34240000000000004	-434.033779290094
0.3432	-252.81855126410437
0.34400000000000003	-474.3385399887339
0.3448	-313.119485395714
0.3456	-71.91571626745093
0.34640000000000004	186.6285896124593
0.3472	401.4313651589139
0.34800000000000003	516.5656973287523
0.3488	217.09152252395248
0.3496	371.74952084341373
0.3504	153.3536958638219
0.3512	-118.46930053618226
0.35200000000000004	-347.4878912370329
0.3528	-481.2122199248615
0.3536	-505.2700992942208
0.3544	-406.22661770463145
0.3552	-199.07885428065956
0.35600000000000004	60.09027306843756
0.3568	304.88726853321435
0.35760000000000003	475.1673244428303
0.3584	516.8781378953734
0.3592	430.80077108042764
0.36000000000000004	262.39537512221375
0.3608	11.662036642594447
0.36160000000000003	-240.63338778479775
0.3624	-433.56511927096443
0.3632	-261.8793137129488
0.364	-474.02609999039186
0.3648	-313.43192545589716
0.36560000000000004	-71.4470560046545
0.3664	187.40969043209304
0.3672	401.4313651589139
0.368	516.2532567623809
0.3688	143.0431658647401
0.36960000000000004	370.1873185686271
0.3704	148.97953159554672
0.37120000000000003	-117.84442023417112
0.372	-347.95655130596026
0.3728	-475.2758599831085
0.37360000000000004	-505.5825392819232
0.3744	-406.22661770463145
0.37520000000000003	-199.85995455827901
0.376	59.62161269493169
0.3768	304.88726853321435
0.3776	474.85488390915344
0.3784	520.4712044294802
0.37920000000000004	428.3012470910315
0.38	264.4262375841891
0.3808	11.193376311224533
0.3816	-240.16472764668546
0.3824	-433.87755928374605
0.38320000000000004	-252.50611117756546
0.384	-474.6509799869673
0.38480000000000003	-313.43192545589716
0.3856	-71.1346158292494
0.3864	186.7848097762847
0.38720000000000004	401.2751449201956
0.388	516.4094770455354
0.38880000000000003	173.34987587198182
0.3896	368.78133652621153
0.3904	141.16852406976557
0.3912	-118.78174068694888
0.392	-348.2689913517536
0.39280000000000004	-472.1514599980566
0.3936	-507.9258391863739
0.39440000000000003	-406.3828377161266
0.3952	-199.85995455827901
0.396	59.777832819387484
0.39680000000000004	304.88726853321435
0.3976	474.230002842531
0.39840000000000003	518.7527813003471
0.3992	427.20770535044477
0.4	262.8640356895608
0.40080000000000005	12.13069697436444
0.4016	-240.47716773879577
0.40240000000000004	-434.033779290094
0.4032	-202.35947544046178
0.404	-474.80719998604326
0.4048	-313.43192545589716
0.4056	-71.91571626745093
0.40640000000000004	187.09725010408746
0.4072	401.1189246815356
0.40800000000000003	516.4094770455354
0.4088	169.60059205814082
0.4096	368.9375567529178
0.41040000000000004	148.0422106859534
0.4112	-118.15686038525637
0.41200000000000003	-347.95655130596026
0.4128	-475.2758599831085
0.4136	-506.51985924440544
0.41440000000000005	-407.00771776181136
0.4152	-199.85995455827901
0.41600000000000004	59.777832819387484
0.4168	305.199708940846
0.4176	474.85488390915344
0.4184	517.6592393130193
0.4192	427.6763660960549
0.42000000000000004	262.2391549332049
0.4208	11.818256753139984
0.42160000000000003	-240.00850760057705
0.4224	-433.56511927096443
0.4232	-254.38075169469755
0.42400000000000004	-474.80719998604326
0.4248	-313.74436551594886
0.42560000000000003	-71.91571626745093
0.4264	186.47236944868465
0.4272	400.96270444293395
0.42800000000000005	516.7219176120316
0.4288	178.50514116325184
0.42960000000000004	368.6251162995624
0.4304	141.01230392050343
0.4312	-118.15686038525637
0.432	-348.1127713288728
0.4328	-475.2758599831085
0.43360000000000004	-505.8949792695214
0.4344	-405.9141776815525
0.43520000000000003	-199.703734502829
0.436	59.465392570522056
0.4368	304.7310483294808
0.43760000000000004	475.01110417596135
0.4384	517.8154595967358
0.43920000000000003	428.3012470910315
0.44	243.18029227291174
0.4408	11.349596421636726
0.44160000000000005	-244.69510896841462
0.4424	-434.5024393089664
0.44320000000000004	-255.63051203665316
0.444	-474.18231998957646
0.44480000000000003	-313.119485395714
0.4456	-71.6032760922948
0.4464	186.94102994016075
0.44720000000000004	401.1189246815356
0.448	516.2532567623809
0.44880000000000003	198.50132220804096
0.4496	370.4997590231265
0.4504	146.16756887209107
0.45120000000000005	-118.46930053618226
0.452	-348.1127713288728
0.45280000000000004	-475.1196399841139
0.4536	-505.8949792695214
0.4544	-406.3828377161266
0.45520000000000005	-199.54751444734205
0.456	59.15295232184126
0.45680000000000004	305.04348873700275
0.4576	474.3862231090953
0.45840000000000003	515.6283756303869
0.4592	431.42565208015077
0.46	258.0212098501224
0.46080000000000004	11.193376311224533
0.4616	-241.10204792259083
0.46240000000000003	-433.72133927736957
0.4632	-246.72596955126167
0.464	-474.6509799869673
0.46480000000000005	-313.275705425822
0.4656	-71.7594961798936
0.46640000000000004	187.40969043209304
0.4672	401.2751449201956
0.468	516.7219176120316
0.46880000000000005	139.9187628770417
0.4696	371.28086016037656
0.47040000000000004	151.79149433498938
0.4712	-117.37576000724447
0.47200000000000003	-347.17545119092296
0.4728	-474.02609999039186
0.4736	-506.51985924440544
0.47440000000000004	-406.07039769310677
0.4752	-199.54751444734205
0.47600000000000003	60.558933442359034
0.4768	304.88726853321435
0.4776	474.6986636424064
0.47840000000000005	517.3467987457736
0.4792	428.1450268421984
0.48000000000000004	247.3982372199568
0.4808	10.880936090533453
0.48160000000000003	-240.32094769275835
0.4824	-434.1899992964135
0.4832	-264.2226143272208
0.48400000000000004	-474.9634199850921
0.4848	-313.43192545589716
0.48560000000000003	-71.6032760922948
0.4864	186.6285896124593
0.4872	400.96270444293395
0.48800000000000004	516.8781378953734
0.4888	206.15611048523533
0.48960000000000004	370.9684197053048
0.4904	147.41733008054416
0.4912	-117.53198008292654
0.49200000000000005	-347.95655130596026
0.4928	-474.3385399887339
0.49360000000000004	-506.98851922529536
0.4944	-406.5390577275921
0.49520000000000003	-199.703734502829
0.496	59.777832819387484
0.4968	304.88726853321435
0.49760000000000004	474.6986636424064
0.4984	517.8154595967358
0.49920000000000003	427.5201458474589
0.5	254.74058592344488
0.5008	10.880936090533453
0.5016	-240.94582787669526
0.5024000000000001	-434.1899992964135
0.5032	-255.005631865955
0.504	-474.6509799869673
0.5048	-313.74436551594886
0.5056	-71.2908359169727
0.5064000000000001	186.7848097762847
0.5072	401.1189246815356
0.508	516.4094770455354
0.5088	106.48765212703087
0.5096	368.78133652621153
0.5104000000000001	141.16852406976557
0.5112	-118.15686038525637
0.512	-347.4878912370329
0.5128	-479.18135994917554
0.5136000000000001	-506.6760792380614
0.5144000000000001	-406.3828377161266
0.5152	-199.85995455827901
0.516	59.777832819387484
0.5168	304.7310483294808
0.5176000000000001	474.6986636424064
0.5184	515.6283756303869
0.5192	427.6763660960549
0.52	262.8640356895608
0.5208	11.662036642594447
0.5216000000000001	-240.63338778479775
0.5224	-434.1899992964135
0.5232	-239.07118732318114
0.524	-474.18231998957646
0.5248	-313.74436551594886
0.5256000000000001	-71.4470560046545
0.5264	187.09725010408746
0.5272	400.96270444293395
0.528	516.7219176120316
0.5288	210.53027527040476
0.5296000000000001	371.74952084341373
0.5304	144.29292706531967
0.5312	-117.68820015856876
0.532	-338.2709098233537
0.5328	-477.93159996187273
0.5336000000000001	-502.14569941145965
0.5344	-405.9141776815525
0.5352	-199.54751444734205
0.536	59.62161269493169
0.5368	304.7310483294808
0.5376000000000001	474.3862231090953
0.5384	514.5348336517995
0.5392	431.42565208015077
0.54	245.21115465002015
0.5408000000000001	11.193376311224533
0.5416000000000001	-250.4752506116434
0.5424	-436.0646393700182
0.5432	-297.18504215093856
0.544	-474.6509799869673
0.5448000000000001	-313.275705425822
0.5456	-71.6032760922948
0.5464	187.09725010408746
0.5472	401.7438056365255
0.548	516.5656973287523
0.5488000000000001	214.43577957701527
0.5496	371.5933006156774
0.5504	150.5417331154835
0.5512	-117.37576000724447
0.552	-340.145550119867
0.5528000000000001	-482.6181999053643
0.5536	-501.67703942814416
0.5544	-406.22661770463145
0.5552	-199.54751444734205
0.556	59.777832819387484
0.5568000000000001	304.5748281258022
0.5576	474.230002842531
0.5584	517.0343581787779
0.5592	428.6136875888755
0.56	217.87262339354473
0.5608000000000001	10.724715980254555
0.5616	-252.03745104749422
0.5624	-436.5332993877775
0.5632	-307.65178432117204
0.5640000000000001	-474.6509799869673
0.5648000000000001	-313.58814548593944
0.5656	-71.91571626745093
0.5664	187.40969043209304
0.5672	401.2751449201956
0.5680000000000001	516.7219176120316
0.5688	211.15515595729573
0.5696	371.74952084341373
0.5704	144.76158751634827
0.5712	-117.84442023417112
0.5720000000000001	-348.1127713288728
0.5728	-477.30671996757303
0.5736	-502.14569941145965
0.5744	-406.3828377161266
0.5752	-199.39129439181815
0.5760000000000001	58.84051207334505
0.5768	304.5748281258022
0.5776	474.3862231090953
0.5784	515.4721553475445
0.5792	428.3012470910315
0.5800000000000001	260.67695304605064
0.5808	10.724715980254555
0.5816	-240.00850760057705
0.5824	-434.033779290094
0.5832	-249.3817103044585
0.5840000000000001	-474.3385399887339
0.5848	-313.43192545589716
0.5856	-71.6032760922948
0.5864	186.7848097762847
0.5872	401.1189246815356
0.5880000000000001	516.8781378953734
0.5888	105.55033129670329
0.5896	368.78133652621153
0.5904	141.48096436843713
0.5912000000000001	-118.00064030973367
0.5920000000000001	-347.80033128301613
0.5928	-477.30671996757303
0.5936	-502.45813940020594
0.5944	-406.22661770463145
0.5952000000000001	-199.54751444734205
0.596	59.62161269493169
0.5968	304.88726853321435
0.5976	474.85488390915344
0.5984	516.5656973287523
0.5992000000000001	428.1450268421984
0.6	259.5834117282156
0.6008	10.880936090533453
0.6016	-240.63338778479775
0.6024	-433.09645925157736
0.6032000000000001	-316.712546079889
0.604	-474.9634199850921
0.6048	-313.43192545589716
0.6056	-71.4470560046545
0.6064	187.2534702680649
0.6072000000000001	400.8064842043906
0.608	516.7219176120316
0.6088	194.28337769961453
0.6096	372.06196129905817
0.6104	151.79149433498938
0.6112000000000001	-118.00064030973367
0.612	-349.6749715562581
0.6128	-475.9007399788159
0.6136	-501.20837944459294
0.6144000000000001	-406.6952777390281
0.6152000000000001	-200.3286147244076
0.616	59.62161269493169
0.6168	304.5748281258022
0.6176	474.3862231090953
0.6184000000000001	516.7219176120316
0.6192000000000001	427.8325863447101
0.62	262.2391549332049
0.6208	11.50581653209336
0.6216	-241.4144880142756
0.6224000000000001	-433.87755928374605
0.6232	-239.22740736950252
0.624	-474.80719998604326
0.6248	-312.65082530519254
0.6256	-71.91571626745093
0.6264000000000001	186.7848097762847
0.6272	401.4313651589139
0.628	517.0343581787779
0.6288	199.90730371912355
0.6296	371.4370803879984
0.6304000000000001	146.6362293248915
0.6312	-117.68820015856876
0.632	-351.2371717804845
0.6328	-481.6808799186044
0.6336	-503.2392393716141
0.6344000000000001	-406.22661770463145
0.6352	-199.703734502829
0.636	59.465392570522056
0.6368	305.04348873700275
0.6376000000000001	474.3862231090953
0.6384000000000001	514.2223930870502
0.6392	431.7380925803688
0.64	258.0212098501224
0.6408	10.724715980254555
0.6416000000000001	-250.31903056786524
0.6424000000000001	-435.43975934594
0.6432	-318.11852634288823
0.644	-474.3385399887339
0.6448	-313.275705425822
0.6456000000000001	-71.91571626745093
0.6464000000000001	186.1599291212873
0.6472	400.8064842043906
0.648	517.1905784622445
0.6488	143.0431658647401
0.6496000000000001	371.5933006156774
0.6504	146.4800091739088
0.6512	-116.90709977995905
0.652	-344.51971079386846
0.6528	-476.3693999753119
0.6536000000000001	-502.14569941145965
0.6544	-406.3828377161266
0.6552	-199.703734502829
0.656	60.09027306843756
0.6568	304.7310483294808
0.6576000000000001	475.01110417596135
0.6584	515.4721553475445
0.6592	428.3012470910315
0.66	239.2747877265698
0.6608	10.880936090533453
0.6616000000000001	-240.32094769275835
0.6624	-433.72133927736957
0.6632	-257.8175926296969
0.664	-474.9634199850921
0.6648000000000001	-313.58814548593944
0.6656000000000001	-71.6032760922948
0.6664	186.7848097762847
0.6672	400.65026396590554
0.668	517.1905784622445
0.6688000000000001	168.35083079327413
0.6696000000000001	370.9684197053048
0.6704	149.13575174731824
0.6712	-117.06331985576072
0.672	-345.1445908881181
0.6728000000000001	-475.74451997992975
0.6736000000000001	-502.6143593945398
0.6744	-406.22661770463145
0.6752	-200.01617461369216
0.676	59.30917244615859
0.6768000000000001	304.88726853321435
0.6776	474.85488390915344
0.6784	515.1597147820466
0.6792	428.7699078378864
0.68	262.2391549332049
0.6808000000000001	11.662036642594447
0.6816	-240.32094769275835
0.6824	-433.56511927096443
0.6832	-238.91496727682411
0.684	-475.1196399841139
0.6848000000000001	-313.43192545589716
0.6856	-72.0719363549668
0.6864	186.7848097762847
0.6872	401.1189246815356
0.6880000000000001	517.3467987457736
0.6888000000000001	97.89554457999319
0.6896	370.3435387958482
0.6904	150.8541734200635
0.6912	-118.31308046073922
0.6920000000000001	-347.95655130596026
0.6928000000000001	-481.9933199142985
0.6936	-504.176559336442
0.6944	-406.5390577275921
0.6952	-200.17239466906835
0.6960000000000001	59.62161269493169
0.6968000000000001	304.5748281258022
0.6976	474.230002842531
0.6984	514.0661728047692
0.6992	428.92612808695674
0.7000000000000001	262.70781550039175
0.7008	12.13069697436444
0.7016	-240.63338778479775
0.7024	-434.033779290094
0.7032	-239.07118732318114
0.7040000000000001	-475.1196399841139
0.7048	-313.43192545589716
0.7056	-71.7594961798936
0.7064	186.6285896124593
0.7072	401.4313651589139
0.7080000000000001	517.1905784622445
0.7088	161.3209237379811
0.7096	370.4997590231265
0.7104	150.07307265898402
0.7112	-118.15686038525637
0.7120000000000001	-348.42521137460284
0.7128	-482.6181999053643
0.7136	-504.8014393124721
0.7144	-405.9141776815525
0.7152000000000001	-199.54751444734205
0.7160000000000001	59.465392570522056
0.7168	304.2623877186096
0.7176	474.6986636424064
0.7184	516.5656973287523
0.7192000000000001	427.6763660960549
0.7200000000000001	252.5535033186746
0.7208	11.50581653209336
0.7216	-240.00850760057705
0.7224	-433.87755928374605
0.7232000000000001	-248.91305017228055
0.7240000000000001	-474.9634199850921
0.7248	-313.119485395714
0.7256	-72.0719363549668
0.7264	186.7848097762847
0.7272000000000001	400.96270444293395
0.728	517.0343581787779
0.7288	152.72881525169524
0.7296	370.65597925046205
0.7304	149.13575174731824
0.7312000000000001	-116.90709977995905
0.732	-344.36349077022663
0.7328	-476.213179976507
0.7336	-503.2392393716141
0.7344	-406.3828377161266
0.7352000000000001	-199.85995455827901
0.736	59.30917244615859
0.7368	303.7937271082323
0.7376	474.3862231090953
0.7384000000000001	513.5975119582997
0.7392000000000001	429.5510090838309
0.74	235.99416393303153
0.7408	11.50581653209336
0.7416	-251.5687909171074
0.7424000000000001	-436.84573939947455
0.7432000000000001	-239.85228755443313
0.744	-474.9634199850921
0.7448	-313.275705425822
0.7456	-71.91571626745093
0.7464000000000001	187.09725010408746
0.7472000000000001	401.1189246815356
0.748	516.7219176120316
0.7488	152.57259509878725
0.7496	371.74952084341373
0.7504000000000001	150.38551296326762
0.7512000000000001	-116.43843955231476
0.752	-341.0828702663989
0.7528	-480.43111993475185
0.7536	-504.0203393423692
0.7544000000000001	-406.3828377161266
0.7552	-200.17239466906835
0.756	59.465392570522056
0.7568	304.5748281258022
0.7576	474.5424433757204
0.7584000000000001	518.7527813003471
0.7592	430.33211033125866
0.76	264.58245777394586
0.7608	11.037156200856776
0.7616	-251.10013078640486
0.7624000000000001	-434.8148793214051
0.7632	-240.00850760057705
0.764	-475.1196399841139
0.7648	-313.43192545589716
0.7656000000000001	-72.38437652987409
0.7664000000000001	187.09725010408746
0.7672	401.2751449201956
0.768	517.0343581787779
0.7688	152.72881525169524
0.7696000000000001	368.78133652621153
0.7704000000000001	141.01230392050343
0.7712	-118.46930053618226
0.772	-347.64411126004035
0.7728	-480.8997799288984
0.7736000000000001	-503.3954593658174
0.7744000000000001	-406.5390577275921
0.7752	-200.17239466906835
0.776	59.62161269493169
0.7768	303.94994731163655
0.7776000000000001	474.5424433757204
0.7784000000000001	521.4085261394705
0.7792	428.7699078378864
0.78	262.70781550039175
0.7808	11.974476863729977
0.7816000000000001	-240.00850760057705
0.7824	-434.033779290094
0.7832	-239.69606750825378
0.784	-474.80719998604326
0.7848	-313.119485395714
0.7856000000000001	-71.2908359169727
0.7864	186.6285896124593
0.7872	401.2751449201956
0.788	517.3467987457736
0.7888000000000001	155.07211755125502
0.7896000000000001	368.9375567529178
0.7904	141.3247442190768
0.7912	-117.84442023417112
0.792	-347.64411126004035
0.7928000000000001	-476.05695997767504
0.7936000000000001	-503.86411934827044
0.7944	-406.3828377161266
0.7952	-200.17239466906835
0.796	59.62161269493169
0.7968000000000001	304.2623877186096
0.7976000000000001	474.230002842531
0.7984	520.6274247143222
0.7992	428.6136875888755
0.8	262.70781550039175
0.8008000000000001	11.974476863729977
0.8016000000000001	-240.47716773879577
0.8024	-434.1899992964135
0.8032	-241.88314815153691
0.804	-474.80719998604326
0.8048000000000001	-313.119485395714
0.8056000000000001	-71.7594961798936
0.8064	186.47236944868465
0.8072	401.4313651589139
0.808	516.8781378953734
0.8088000000000001	106.48765212703087
0.8096	369.4062174333799
0.8104	141.01230392050343
0.8112	-118.00064030973367
0.812	-347.64411126004035
0.8128000000000001	-478.0878199603801
0.8136	-499.4899595028872
0.8144	-406.85149775043453
0.8152	-200.01617461369216
0.8160000000000001	59.777832819387484
0.8168000000000001	304.4186079221785
0.8176	474.230002842531
0.8184	518.9090015845011
0.8192	428.1450268421984
0.8200000000000001	267.08198081732775
0.8208000000000001	11.818256753139984
0.8216	-240.00850760057705
0.8224	-433.72133927736957
0.8232	-250.63147065538644
0.8240000000000001	-474.80719998604326
0.8248000000000001	-313.275705425822
0.8256	-71.91571626745093
0.8264	187.09725010408746
0.8272	401.2751449201956
0.8280000000000001	516.4094770455354
0.8288000000000001	198.96998271127498
0.8296	369.71865788730713
0.8304	148.3546509889539
0.8312	-118.15686038525637
0.8320000000000001	-347.64411126004035
0.8328	-480.5873399328276
0.8336	-504.0203393423692
0.8344	-406.22661770463145
0.8352	-200.01617461369216
0.8360000000000001	59.62161269493169
0.8368	304.4186079221785
0.8376	474.230002842531
0.8384	520.0025435753298
0.8392000000000001	428.7699078378864
0.8400000000000001	262.2391549332049
0.8408	11.818256753139984
0.8416	-240.16472764668546
0.8424	-433.87755928374605
0.8432000000000001	-250.31903056786524
0.8440000000000001	-474.80719998604326
0.8448	-313.275705425822
0.8456	-71.91571626745093
0.8464	186.6285896124593
0.8472000000000001	401.4313651589139
0.8480000000000001	516.5656973287523
0.8488	116.01708066664334
0.8496	369.8748781143566
0.8504	148.51087114052808
0.8512000000000001	-118.00064030973367
0.8520000000000001	-348.1127713288728
0.8528	-480.8997799288984
0.8536	-503.2392393716141
0.8544	-406.3828377161266
0.8552000000000001	-199.85995455827901
0.8560000000000001	59.465392570522056
0.8568	303.94994731163655
0.8576	474.230002842531
0.8584	519.690103006209
0.8592000000000001	428.92612808695674
0.86	262.70781550039175
0.8608	11.662036642594447
0.8616	-240.63338778479775
0.8624	-434.033779290094
0.8632000000000001	-250.94391074276714
0.864	-474.4947599878642
0.8648	-313.43192545589716
0.8656	-71.7594961798936
0.8664000000000001	186.6285896124593
0.8672000000000001	401.4313651589139
0.868	516.7219176120316
0.8688	125.23406909677433
0.8696	368.6251162995624
0.8704000000000001	141.48096436843713
0.8712000000000001	-118.46930053618226
0.872	-348.1127713288728
0.8728	-480.43111993475185
0.8736	-504.6452193185037
0.8744000000000001	-406.5390577275921
0.8752000000000001	-200.01617461369216
0.876	59.62161269493169
0.8768	303.94994731163655
0.8776	474.230002842531
0.8784000000000001	521.8771869953107
0.8792000000000001	430.1758900816544
0.88	263.0202558787832
0.8808	12.13069697436444
0.8816	-240.16472764668546
0.8824000000000001	-433.72133927736957
0.8832000000000001	-321.71158700296877
0.884	-474.18231998957646
0.8848	-313.275705425822
0.8856	-71.7594961798936
0.8864000000000001	186.47236944868465
0.8872	401.2751449201956
0.888	516.7219176120316
0.8888	126.79627054231034
0.8896000000000001	368.9375567529178
0.8904000000000001	141.48096436843713
0.8912	-118.46930053618226
0.892	-347.64411126004035
0.8928	-475.9007399788159
0.8936000000000001	-504.3327793304887
0.8944000000000001	-406.6952777390281
0.8952	-200.3286147244076
0.896	59.777832819387484
0.8968	303.7937271082323
0.8976000000000001	474.3862231090953
0.8984000000000001	521.4085261394705
0.8992	429.70722933319774
0.9	262.8640356895608
0.9008	11.662036642594447
0.9016000000000001	-239.85228755443313
0.9024000000000001	-434.033779290094
0.9032	-251.5687909171074
0.904	-474.18231998957646
0.9048	-313.275705425822
0.9056000000000001	-71.91571626745093
0.9064000000000001	186.94102994016075
0.9072	401.4313651589139
0.908	516.7219176120316
0.9088	174.5996371496853
0.9096000000000001	368.78133652621153
0.9104000000000001	141.3247442190768
0.9112	-117.68820015856876
0.912	-347.64411126004035
0.9128000000000001	-474.80719998604326
0.9136000000000001	-504.6452193185037
0.9144	-406.6952777390281
0.9152	-200.01617461369216
0.916	59.465392570522056
0.9168000000000001	303.7937271082323
0.9176000000000001	474.5424433757204
0.9184	518.9090015845011
0.9192	428.4574673399238
0.92	262.39537512221375
0.9208000000000001	12.443137195766777
0.9216000000000001	-240.32094769275835
0.9224	-433.87755928374605
0.9232	-252.66233122085245
0.924	-474.3385399887339
0.9248000000000001	-312.49460527495285
0.9256000000000001	-71.91571626745093
0.9264	186.6285896124593
0.9272	401.4313651589139
0.928	516.5656973287523
0.9288000000000001	118.04794250968732
0.9296000000000001	368.9375567529178
0.9304	141.01230392050343
0.9312	-117.68820015856876
0.932	-347.80033128301613
0.9328000000000001	-479.8062399421794
0.9336000000000001	-504.48899932450917
0.9344	-406.85149775043453
0.9352	-200.3286147244076
0.936	59.62161269493169
0.9368000000000001	303.94994731163655
0.9376000000000001	474.3862231090953
0.9384	514.8472742167983
0.9392	427.98880659342467
0.9400000000000001	262.39537512221375
0.9408000000000001	11.662036642594447
0.9416	-240.47716773879577
0.9424	-434.033779290094
0.9432	-243.44534860677282
0.9440000000000001	-474.80719998604326
0.9448000000000001	-313.275705425822
0.9456	-71.7594961798936
0.9464	186.31614928496063
0.9472	400.96270444293395
0.9480000000000001	516.7219176120316
0.9488000000000001	112.89267784708258
0.9496	369.0937769796813
0.9504	141.3247442190768
0.9512	-118.15686038525637
0.9520000000000001	-347.64411126004035
0.9528000000000001	-475.1196399841139
0.9536	-504.6452193185037
0.9544	-406.07039769310677
0.9552	-200.17239466906835
0.9560000000000001	59.62161269493169
0.9568000000000001	303.7937271082323
0.9576	474.3862231090953
0.9584	518.9090015845011
0.9592	428.1450268421984
0.9600000000000001	265.0511183435368
0.9608000000000001	11.037156200856776
0.9616	-240.16472764668546
0.9624	-434.033779290094
0.9632000000000001	-243.13290851600877
0.9640000000000001	-474.4947599878642
0.9648	-313.275705425822
0.9656	-71.1346158292494
0.9664	186.7848097762847
0.9672000000000001	401.2751449201956
0.9680000000000001	516.4094770455354
0.9688	184.5977274873398
0.9696	368.9375567529178
0.9704	142.41828526562963
0.9712000000000001	-118.46930053618226
0.9720000000000001	-347.64411126004035
0.9728	-478.55647995574014
0.9736	-504.48899932450917
0.9744	-406.5390577275921
0.9752000000000001	-200.01617461369216
0.9760000000000001	59.777832819387484
0.9768	304.2623877186096
0.9776	474.0737825760278
0.9784	518.5965610162557
0.9792000000000001	428.92612808695674
0.9800000000000001	262.39537512221375
0.9808	11.974476863729977
0.9816	-240.63338778479775
0.9824	-434.3462193027042
0.9832000000000001	-260.6295533821445
0.9840000000000001	-474.6509799869673
0.9848	-313.275705425822
0.9856	-71.91571626745093
0.9864	187.40969043209304
0.9872000000000001	400.96270444293395
0.9880000000000001	516.5656973287523
0.9888	118.36038279395586
0.9896	369.249997206502
0.9904000000000001	141.48096436843713
0.9912000000000001	-118.00064030973367
0.992	-347.17545119092296
0.9928	-474.9634199850921
0.9936	-505.5825392819232
0.9944000000000001	-406.85149775043453
0.9952000000000001	-200.48483477970998
0.996	59.62161269493169
0.9968	304.7310483294808
0.9976	474.6986636424064
0.9984000000000001	520.7836449992267
0.9992000000000001	428.3012470910315
