0	-0.0006254562441366796
0.0008	-0.0009378095420526922
0.0016	-0.001562516137688208
0.0024000000000000002	-0.0003131029461553858
0.0032	-0.0003131029461553858
0.004	-7.49648108477885E-07
0.0048000000000000004	0.0009363102464254869
0.0056	0.0003116036500040442
0.0064	-0.0003131029461553858
0.007200000000000001	-7.49648108477885E-07
0.008	0.0003116036500040442
0.0088	-0.0012501628399032017
0.009600000000000001	-0.0012501628399032017
0.010400000000000001	-0.0009378095420526922
0.0112	-0.0009378095420526922
0.012	-0.0009378095420526922
0.0128	-7.49648108477885E-07
0.013600000000000001	0.0006239569481819585
0.014400000000000001	0.0006239569481819585
0.0152	0.0009363102464254869
0.016	0.0006239569481819585
0.016800000000000002	0.0009363102464254869
0.0176	0.0003116036500040442
0.0184	-7.49648108477885E-07
0.019200000000000002	-0.0006254562441366796
0.02	-0.0006254562441366796
0.020800000000000003	-0.0012501628399032017
0.0216	-0.001562516137688208
0.0224	-0.001562516137688208
0.023200000000000002	-0.0006254562441366796
0.024	-7.49648108477885E-07
0.024800000000000003	0.0012486635447345185
0.0256	0.0009363102464254869
0.0264	0.0006239569481819585
0.027200000000000002	0.0009363102464254869
0.028	-7.49648108477885E-07
0.028800000000000003	-0.0009378095420526922
0.0296	-0.0012501628399032017
0.0304	-0.0012501628399032017
0.031200000000000002	-0.0003131029461553858
0.032	-0.0003131029461553858
0.0328	-0.0006254562441366796
0.033600000000000005	0.0006239569481819585
0.0344	0.0009363102464254869
0.0352	0.0009363102464254869
0.036000000000000004	0.0006239569481819585
0.0368	0.0009363102464254869
0.0376	0.0006239569481819585
0.038400000000000004	-0.0003131029461553858
0.0392	-0.0006254562441366796
0.04	-0.0012501628399032017
0.0408	-0.0018748694354078221
0.041600000000000005	-0.0006254562441366796
0.0424	-0.0003131029461553858
0.0432	-0.0003131029461553858
0.044000000000000004	0.0003116036500040442
0.0448	0.0003116036500040442
0.0456	0.0009363102464254869
0.046400000000000004	0.0006239569481819585
0.0472	0.0006239569481819585
0.048	-0.0003131029461553858
0.0488	-0.0012501628399032017
0.049600000000000005	-0.0009378095420526922
0.0504	-7.49648108477885E-07
0.0512	-0.0009378095420526922
0.052000000000000005	-0.0009378095420526922
0.0528	-7.49648108477885E-07
0.0536	0.0003116036500040442
0.054400000000000004	0.0006239569481819585
0.055200000000000006	0.0009363102464254869
0.056	0.0012486635447345185
0.0568	0.0009363102464254869
0.057600000000000005	0.0003116036500040442
0.0584	-7.49648108477885E-07
0.0592	-0.0003131029461553858
0.060000000000000005	-0.0009378095420526922
0.0608	-0.001562516137688208
0.0616	-0.001562516137688208
0.062400000000000004	-7.49648108477885E-07
0.0632	0.0003116036500040442
0.064	-7.49648108477885E-07
0.0648	0.0003116036500040442
0.0656	0.0009363102464254869
0.0664	0.0006239569481819585
0.06720000000000001	0.0003116036500040442
0.068	-7.49648108477885E-07
0.0688	-7.49648108477885E-07
0.06960000000000001	-0.0006254562441366796
0.0704	-0.0009378095420526922
0.0712	-0.0003131029461553858
0.07200000000000001	-0.0003131029461553858
0.0728	-0.0003131029461553858
0.0736	-7.49648108477885E-07
0.07440000000000001	0.0012486635447345185
0.0752	0.0012486635447345185
0.076	0.0006239569481819585
0.07680000000000001	0.0009363102464254869
0.0776	0.0006239569481819585
0.0784	-0.0003131029461553858
0.0792	-0.0006254562441366796
0.08	-0.0012501628399032017
0.08080000000000001	-7.49648108477885E-07
0.0816	-0.0006254562441366796
0.0824	-0.0006254562441366796
0.08320000000000001	-7.49648108477885E-07
0.084	0.0012486635447345185
0.0848	0.0006239569481819585
0.08560000000000001	0.0006239569481819585
0.0864	0.0009363102464254869
0.0872	-7.49648108477885E-07
0.08800000000000001	-0.0006254562441366796
0.0888	-0.0003131029461553858
0.0896	-0.0009378095420526922
0.09040000000000001	-0.0006254562441366796
0.0912	-0.0006254562441366796
0.092	-7.49648108477885E-07
0.09280000000000001	0.0003116036500040442
0.0936	0.0006239569481819585
0.0944	0.0006239569481819585
0.0952	0.0015610168431091642
0.096	0.0009363102464254869
0.09680000000000001	0.0006239569481819585
0.0976	0.0006239569481819585
0.0984	-7.49648108477885E-07
0.09920000000000001	-7.49648108477885E-07
0.1	-0.0003131029461553858
0.1008	-0.001562516137688208
0.10160000000000001	-0.0006254562441366796
0.1024	-0.0003131029461553858
0.1032	0.0006239569481819585
0.10400000000000001	0.0012486635447345185
0.1048	-7.49648108477885E-07
0.1056	0.0021857234400551873
0.10640000000000001	0.0006239569481819585
0.1072	-7.49648108477885E-07
0.108	0.0006239569481819585
0.10880000000000001	-0.0003131029461553858
0.1096	-0.0006254562441366796
0.11040000000000001	-0.0006254562441366796
0.11120000000000001	-0.0003131029461553858
0.112	-0.0006254562441366796
0.11280000000000001	-7.49648108477885E-07
0.1136	0.0009363102464254869
0.1144	0.0009363102464254869
0.11520000000000001	0.0012486635447345185
0.116	0.0006239569481819585
0.1168	0.0009363102464254869
0.11760000000000001	0.0003116036500040442
0.1184	-7.49648108477885E-07
0.1192	-7.49648108477885E-07
0.12000000000000001	-0.0009378095420526922
0.1208	-0.0009378095420526922
0.1216	-0.0006254562441366796
0.12240000000000001	-0.0003131029461553858
0.1232	-7.49648108477885E-07
0.124	0.0003116036500040442
0.12480000000000001	0.0009363102464254869
0.12560000000000002	0.0009363102464254869
0.1264	-7.49648108477885E-07
0.1272	-7.49648108477885E-07
0.128	-0.0003131029461553858
0.1288	-0.0006254562441366796
0.1296	-7.49648108477885E-07
0.13040000000000002	-0.0006254562441366796
0.1312	-0.0012501628399032017
0.132	-0.0006254562441366796
0.1328	0.0009363102464254869
0.1336	0.0003116036500040442
0.13440000000000002	0.0021857234400551873
0.13520000000000001	0.0009363102464254869
0.136	0.0012486635447345185
0.1368	0.0009363102464254869
0.1376	0.0006239569481819585
0.1384	0.0006239569481819585
0.13920000000000002	-0.0003131029461553858
0.14	-0.0006254562441366796
0.1408	-0.0009378095420526922
0.1416	-0.0009378095420526922
0.1424	-0.0006254562441366796
0.1432	-7.49648108477885E-07
0.14400000000000002	0.0009363102464254869
0.1448	0.0012486635447345185
0.1456	0.0012486635447345185
0.1464	0.0009363102464254869
0.1472	0.0006239569481819585
0.14800000000000002	0.0006239569481819585
0.14880000000000002	-0.0003131029461553858
0.1496	-0.0006254562441366796
0.1504	-0.0006254562441366796
0.1512	-0.0003131029461553858
0.152	-0.0003131029461553858
0.15280000000000002	-7.49648108477885E-07
0.15360000000000001	0.0003116036500040442
0.1544	0.0009363102464254869
0.1552	0.0009363102464254869
0.156	0.0015610168431091642
0.1568	0.0006239569481819585
0.15760000000000002	-7.49648108477885E-07
0.1584	-0.0003131029461553858
0.1592	-0.0006254562441366796
0.16	-0.0009378095420526922
0.1608	-0.0012501628399032017
0.16160000000000002	-0.0006254562441366796
0.16240000000000002	-0.0006254562441366796
0.1632	-0.0003131029461553858
0.164	0.0012486635447345185
0.1648	-7.49648108477885E-07
0.1656	0.0009363102464254869
0.16640000000000002	0.0006239569481819585
0.16720000000000002	-7.49648108477885E-07
0.168	0.0003116036500040442
0.1688	-0.0006254562441366796
0.1696	-0.0006254562441366796
0.1704	-0.0006254562441366796
0.17120000000000002	-0.0003131029461553858
0.17200000000000001	-0.0006254562441366796
0.1728	0.0006239569481819585
0.1736	0.0012486635447345185
0.1744	0.0012486635447345185
0.1752	0.0006239569481819585
0.17600000000000002	0.0009363102464254869
0.1768	0.0015610168431091642
0.1776	-7.49648108477885E-07
0.1784	-7.49648108477885E-07
0.1792	-0.0009378095420526922
0.18000000000000002	-0.001562516137688208
0.18080000000000002	-0.0009378095420526922
0.1816	-0.0003131029461553858
0.1824	-7.49648108477885E-07
0.1832	-0.0003131029461553858
0.184	0.0006239569481819585
0.18480000000000002	-7.49648108477885E-07
0.18560000000000001	0.0006239569481819585
0.1864	0.0015610168431091642
0.1872	0.0006239569481819585
0.188	0.0003116036500040442
0.1888	0.0009363102464254869
0.18960000000000002	-0.0009378095420526922
0.1904	-0.0006254562441366796
0.1912	-0.0012501628399032017
0.192	-7.49648108477885E-07
0.1928	-7.49648108477885E-07
0.19360000000000002	-7.49648108477885E-07
0.19440000000000002	0.0006239569481819585
0.1952	0.0009363102464254869
0.196	0.0009363102464254869
0.1968	0.0006239569481819585
0.1976	0.0003116036500040442
0.19840000000000002	0.0006239569481819585
0.19920000000000002	-0.0006254562441366796
0.2	-0.0009378095420526922
0.2008	-0.001562516137688208
0.2016	-0.0012501628399032017
0.2024	-0.0006254562441366796
0.20320000000000002	-0.0006254562441366796
0.20400000000000001	-7.49648108477885E-07
0.2048	0.0009363102464254869
0.2056	0.0006239569481819585
0.2064	0.0009363102464254869
0.20720000000000002	-0.0003131029461553858
0.20800000000000002	0.0003116036500040442
0.2088	-0.0003131029461553858
0.2096	-0.0009378095420526922
0.2104	-0.0006254562441366796
0.2112	-0.0003131029461553858
0.21200000000000002	-0.0006254562441366796
0.21280000000000002	-7.49648108477885E-07
0.2136	0.0006239569481819585
0.2144	0.0009363102464254869
0.2152	0.0006239569481819585
0.216	0.0009363102464254869
0.21680000000000002	0.0003116036500040442
0.21760000000000002	0.0003116036500040442
0.2184	-7.49648108477885E-07
0.2192	-0.0009378095420526922
0.22	-0.0009378095420526922
0.22080000000000002	-0.0012501628399032017
0.22160000000000002	-7.49648108477885E-07
0.22240000000000001	-0.0006254562441366796
0.2232	-7.49648108477885E-07
0.224	0.0009363102464254869
0.2248	0.0003116036500040442
0.22560000000000002	0.0003116036500040442
0.22640000000000002	0.0009363102464254869
0.2272	0.0003116036500040442
0.228	0.0003116036500040442
0.2288	-7.49648108477885E-07
0.2296	-0.0012501628399032017
0.23040000000000002	-0.0006254562441366796
0.23120000000000002	-0.0003131029461553858
0.232	-7.49648108477885E-07
0.2328	0.0003116036500040442
0.2336	0.0006239569481819585
0.23440000000000003	0.0009363102464254869
0.23520000000000002	0.0012486635447345185
0.23600000000000002	0.0009363102464254869
0.2368	0.0009363102464254869
0.2376	-7.49648108477885E-07
0.2384	-0.0006254562441366796
0.23920000000000002	-0.0009378095420526922
0.24000000000000002	-0.0012501628399032017
0.24080000000000001	-0.0012501628399032017
0.2416	-0.0003131029461553858
0.2424	-0.0006254562441366796
0.2432	-0.0003131029461553858
0.24400000000000002	-7.49648108477885E-07
0.24480000000000002	0.0009363102464254869
0.2456	0.0009363102464254869
0.2464	0.0012486635447345185
0.2472	0.0003116036500040442
0.248	-0.0006254562441366796
0.24880000000000002	-0.0006254562441366796
0.24960000000000002	-0.0009378095420526922
0.2504	-0.0006254562441366796
0.25120000000000003	-0.0006254562441366796
0.252	-0.0006254562441366796
0.2528	-7.49648108477885E-07
0.2536	0.0009363102464254869
0.2544	0.0015610168431091642
0.25520000000000004	0.0003116036500040442
0.256	0.0009363102464254869
0.25680000000000003	0.0006239569481819585
0.2576	-7.49648108477885E-07
0.2584	-0.0006254562441366796
0.2592	-0.0006254562441366796
0.26	-0.0012501628399032017
0.26080000000000003	-0.0009378095420526922
0.2616	-0.001562516137688208
0.2624	-0.0006254562441366796
0.2632	-0.0003131029461553858
0.264	0.0006239569481819585
0.26480000000000004	0.0006239569481819585
0.2656	-7.49648108477885E-07
0.2664	0.0012486635447345185
0.2672	-7.49648108477885E-07
0.268	0.0006239569481819585
0.26880000000000004	-0.0006254562441366796
0.2696	-0.0009378095420526922
0.27040000000000003	-0.0009378095420526922
0.2712	-0.0006254562441366796
0.272	-7.49648108477885E-07
0.2728	0.0006239569481819585
0.2736	0.0009363102464254869
0.27440000000000003	0.0012486635447345185
0.2752	0.0009363102464254869
0.276	0.0015610168431091642
0.2768	0.0006239569481819585
0.2776	-0.0003131029461553858
0.27840000000000004	-0.0006254562441366796
0.2792	-0.0006254562441366796
0.28	-0.0009378095420526922
0.2808	-0.0009378095420526922
0.2816	-7.49648108477885E-07
0.28240000000000004	-0.0003131029461553858
0.2832	-7.49648108477885E-07
0.28400000000000003	0.0003116036500040442
0.2848	-7.49648108477885E-07
0.2856	0.0009363102464254869
0.2864	0.0015610168431091642
0.2872	-7.49648108477885E-07
0.28800000000000003	-7.49648108477885E-07
0.2888	-0.0009378095420526922
0.2896	-0.0012501628399032017
0.2904	-0.0003131029461553858
0.2912	-0.0003131029461553858
0.29200000000000004	-7.49648108477885E-07
0.2928	-7.49648108477885E-07
0.2936	0.0006239569481819585
0.2944	0.0009363102464254869
0.2952	0.0009363102464254869
0.29600000000000004	0.0006239569481819585
0.2968	0.0006239569481819585
0.29760000000000003	-7.49648108477885E-07
0.2984	0.0003116036500040442
0.2992	-0.0003131029461553858
0.3	-0.0012501628399032017
0.3008	-0.0012501628399032017
0.30160000000000003	-0.001562516137688208
0.3024	-0.0003131029461553858
0.3032	0.0006239569481819585
0.304	0.0006239569481819585
0.3048	0.0003116036500040442
0.30560000000000004	0.0003116036500040442
0.3064	0.0003116036500040442
0.30720000000000003	0.0006239569481819585
0.308	0.0003116036500040442
0.3088	-0.0003131029461553858
0.30960000000000004	-0.0009378095420526922
0.3104	-0.0003131029461553858
0.31120000000000003	-0.0003131029461553858
0.312	-0.0006254562441366796
0.3128	0.0009363102464254869
0.3136	0.0006239569481819585
0.3144	0.0012486635447345185
0.31520000000000004	0.0009363102464254869
0.316	0.0009363102464254869
0.3168	0.0003116036500040442
0.3176	-7.49648108477885E-07
0.3184	-0.0003131029461553858
0.31920000000000004	-0.0003131029461553858
0.32	-0.0012501628399032017
0.32080000000000003	-0.0009378095420526922
0.3216	-0.0006254562441366796
0.3224	-0.0009378095420526922
0.32320000000000004	-7.49648108477885E-07
0.324	0.0003116036500040442
0.32480000000000003	0.0012486635447345185
0.3256	0.0009363102464254869
0.3264	0.0009363102464254869
0.3272	0.0006239569481819585
0.328	0.0009363102464254869
0.32880000000000004	-0.0009378095420526922
0.3296	-0.0006254562441366796
0.3304	-0.0003131029461553858
0.3312	-0.0012501628399032017
0.332	-0.0003131029461553858
0.33280000000000004	-0.0003131029461553858
0.3336	0.0006239569481819585
0.33440000000000003	0.0006239569481819585
0.3352	0.0006239569481819585
0.336	0.0018733701415494242
0.33680000000000004	0.0006239569481819585
0.3376	-7.49648108477885E-07
0.33840000000000003	0.0003116036500040442
0.3392	-7.49648108477885E-07
0.34	-0.0009378095420526922
0.3408	-0.0009378095420526922
0.3416	-0.0012501628399032017
0.34240000000000004	-0.0003131029461553858
0.3432	-0.0003131029461553858
0.34400000000000003	0.0003116036500040442
0.3448	0.0009363102464254869
0.3456	0.0009363102464254869
0.34640000000000004	0.0006239569481819585
0.3472	0.0003116036500040442
0.34800000000000003	0.0003116036500040442
0.3488	-0.0012501628399032017
0.3496	-0.0006254562441366796
0.3504	-0.0009378095420526922
0.3512	-0.0012501628399032017
0.35200000000000004	-0.0006254562441366796
0.3528	-7.49648108477885E-07
0.3536	0.0003116036500040442
0.3544	0.0009363102464254869
0.3552	0.0009363102464254869
0.35600000000000004	-7.49648108477885E-07
0.3568	0.0006239569481819585
0.35760000000000003	-0.0003131029461553858
0.3584	-0.0009378095420526922
0.3592	-0.0009378095420526922
0.36000000000000004	-0.001562516137688208
0.3608	-0.0009378095420526922
0.36160000000000003	-0.0009378095420526922
0.3624	-0.0003131029461553858
0.3632	0.0003116036500040442
0.364	0.0006239569481819585
0.3648	0.0003116036500040442
0.36560000000000004	0.0012486635447345185
0.3664	0.0009363102464254869
0.3672	0.0006239569481819585
0.368	-0.0003131029461553858
0.3688	-0.0003131029461553858
0.36960000000000004	-0.0009378095420526922
0.3704	-0.0006254562441366796
0.37120000000000003	-0.0006254562441366796
0.372	-0.0006254562441366796
0.3728	-7.49648108477885E-07
0.37360000000000004	0.0006239569481819585
0.3744	0.0009363102464254869
0.37520000000000003	0.0012486635447345185
0.376	0.0006239569481819585
0.3768	0.0021857234400551873
0.3776	0.0003116036500040442
0.3784	0.0006239569481819585
0.37920000000000004	-0.0003131029461553858
0.38	-0.0009378095420526922
0.3808	-0.0006254562441366796
0.3816	-0.0009378095420526922
0.3824	-7.49648108477885E-07
0.38320000000000004	-7.49648108477885E-07
0.384	-7.49648108477885E-07
0.38480000000000003	0.0003116036500040442
0.3856	0.0009363102464254869
0.3864	0.0009363102464254869
0.38720000000000004	0.0009363102464254869
0.388	-7.49648108477885E-07
0.38880000000000003	-0.0012501628399032017
0.3896	-0.0006254562441366796
0.3904	-0.0012501628399032017
0.3912	-7.49648108477885E-07
0.392	-0.0006254562441366796
0.39280000000000004	-7.49648108477885E-07
0.3936	0.0003116036500040442
0.39440000000000003	0.0009363102464254869
0.3952	0.0012486635447345185
0.396	0.0012486635447345185
0.39680000000000004	-7.49648108477885E-07
0.3976	-7.49648108477885E-07
0.39840000000000003	-7.49648108477885E-07
0.3992	-0.0006254562441366796
0.4	-0.0012501628399032017
0.40080000000000005	-0.0012501628399032017
0.4016	-0.0009378095420526922
0.40240000000000004	-0.0003131029461553858
0.4032	-7.49648108477885E-07
0.404	0.0006239569481819585
0.4048	-7.49648108477885E-07
0.4056	0.0012486635447345185
0.40640000000000004	0.0012486635447345185
0.4072	0.0003116036500040442
0.40800000000000003	-7.49648108477885E-07
0.4088	-0.0003131029461553858
0.4096	-0.0012501628399032017
0.41040000000000004	-0.0006254562441366796
0.4112	-0.0006254562441366796
0.41200000000000003	-0.0009378095420526922
0.4128	0.0003116036500040442
0.4136	0.0006239569481819585
0.41440000000000005	0.0009363102464254869
0.4152	0.0009363102464254869
0.41600000000000004	0.0015610168431091642
0.4168	0.0009363102464254869
0.4176	-7.49648108477885E-07
0.4184	0.0003116036500040442
0.4192	-0.0006254562441366796
0.42000000000000004	-0.0012501628399032017
0.4208	-0.0006254562441366796
0.42160000000000003	-0.0009378095420526922
0.4224	-0.0006254562441366796
0.4232	-7.49648108477885E-07
0.42400000000000004	0.0006239569481819585
0.4248	0.0003116036500040442
0.42560000000000003	0.0009363102464254869
0.4264	0.0006239569481819585
0.4272	-7.49648108477885E-07
0.42800000000000005	0.0009363102464254869
0.4288	-0.0003131029461553858
0.42960000000000004	-0.0009378095420526922
0.4304	-0.0009378095420526922
0.4312	-7.49648108477885E-07
0.432	-0.0003131029461553858
0.4328	-7.49648108477885E-07
0.43360000000000004	0.0015610168431091642
0.4344	0.0006239569481819585
0.43520000000000003	0.0009363102464254869
0.436	0.0012486635447345185
0.4368	0.0003116036500040442
0.43760000000000004	0.0006239569481819585
0.4384	-0.0009378095420526922
0.43920000000000003	-0.0003131029461553858
0.44	-0.0012501628399032017
0.4408	-0.0009378095420526922
0.44160000000000005	-0.0006254562441366796
0.4424	-0.0006254562441366796
0.44320000000000004	-0.0003131029461553858
0.444	0.0006239569481819585
0.44480000000000003	0.0009363102464254869
0.4456	0.0003116036500040442
0.4464	0.0006239569481819585
0.44720000000000004	0.0003116036500040442
0.448	-0.0003131029461553858
0.44880000000000003	-0.0006254562441366796
0.4496	-0.0012501628399032017
0.4504	-0.0012501628399032017
0.45120000000000005	-0.0006254562441366796
0.452	-7.49648108477885E-07
0.45280000000000004	-7.49648108477885E-07
0.4536	0.0009363102464254869
0.4544	0.0009363102464254869
0.45520000000000005	0.0009363102464254869
0.456	0.0012486635447345185
0.45680000000000004	-7.49648108477885E-07
0.4576	-7.49648108477885E-07
0.45840000000000003	-0.0003131029461553858
0.4592	-0.0012501628399032017
0.46	-0.0006254562441366796
0.46080000000000004	-0.0009378095420526922
0.4616	-0.0012501628399032017
0.46240000000000003	-0.0009378095420526922
0.4632	-0.0003131029461553858
0.464	0.0006239569481819585
0.46480000000000005	0.0006239569481819585
0.4656	0.0006239569481819585
0.46640000000000004	0.0009363102464254869
0.4672	0.0009363102464254869
0.468	-0.0003131029461553858
0.46880000000000005	-0.0003131029461553858
0.4696	-0.0006254562441366796
0.47040000000000004	-0.0003131029461553858
0.4712	-0.0006254562441366796
0.47200000000000003	-0.0012501628399032017
0.4728	-0.0006254562441366796
0.4736	0.0009363102464254869
0.47440000000000004	0.0006239569481819585
0.4752	0.0009363102464254869
0.47600000000000003	0.0009363102464254869
0.4768	0.0006239569481819585
0.4776	0.0003116036500040442
0.47840000000000005	-7.49648108477885E-07
0.4792	-0.0009378095420526922
0.48000000000000004	-0.001562516137688208
0.4808	-0.0009378095420526922
0.48160000000000003	-0.0012501628399032017
0.4824	-0.0003131029461553858
0.4832	0.0006239569481819585
0.48400000000000004	0.0006239569481819585
0.4848	0.0006239569481819585
0.48560000000000003	0.0006239569481819585
0.4864	0.0006239569481819585
0.4872	0.0006239569481819585
0.48800000000000004	-0.0003131029461553858
0.4888	0.0006239569481819585
0.48960000000000004	-0.0012501628399032017
0.4904	-0.0003131029461553858
0.4912	-0.0003131029461553858
0.49200000000000005	-0.0009378095420526922
0.4928	-7.49648108477885E-07
0.49360000000000004	0.0003116036500040442
0.4944	-0.0003131029461553858
0.49520000000000003	0.0012486635447345185
0.496	0.0012486635447345185
0.4968	0.0006239569481819585
0.49760000000000004	0.0003116036500040442
0.4984	-0.0006254562441366796
0.49920000000000003	-0.0009378095420526922
0.5	-0.0012501628399032017
0.5008	-0.001562516137688208
0.5016	-0.0009378095420526922
0.5024000000000001	-0.0003131029461553858
0.5032	-0.0006254562441366796
0.504	0.0003116036500040442
0.5048	0.0003116036500040442
0.5056	0.0006239569481819585
0.5064000000000001	0.0012486635447345185
0.5072	-7.49648108477885E-07
0.508	-7.49648108477885E-07
0.5088	-0.0006254562441366796
0.5096	-0.0009378095420526922
0.5104000000000001	-0.0006254562441366796
0.5112	-0.0009378095420526922
0.512	-0.0003131029461553858
0.5128	0.0006239569481819585
0.5136000000000001	0.0006239569481819585
0.5144000000000001	0.0009363102464254869
0.5152	0.0006239569481819585
0.516	0.0012486635447345185
0.5168	0.0006239569481819585
0.5176000000000001	0.0003116036500040442
0.5184	-7.49648108477885E-07
0.5192	-0.0006254562441366796
0.52	-0.0012501628399032017
0.5208	-0.001562516137688208
0.5216000000000001	-0.001562516137688208
0.5224	-0.0003131029461553858
0.5232	-7.49648108477885E-07
0.524	0.0006239569481819585
0.5248	0.0006239569481819585
0.5256000000000001	0.0009363102464254869
0.5264	0.0006239569481819585
0.5272	0.0006239569481819585
0.528	-7.49648108477885E-07
0.5288	-0.0006254562441366796
0.5296000000000001	-0.0012501628399032017
0.5304	-0.0012501628399032017
0.5312	-0.0006254562441366796
0.532	-0.0006254562441366796
0.5328	0.0009363102464254869
0.5336000000000001	0.0006239569481819585
0.5344	0.0009363102464254869
0.5352	0.0012486635447345185
0.536	0.0009363102464254869
0.5368	0.0003116036500040442
0.5376000000000001	0.0015610168431091642
0.5384	0.0003116036500040442
0.5392	-0.0006254562441366796
0.54	-0.0006254562441366796
0.5408000000000001	-0.0012501628399032017
0.5416000000000001	-0.0009378095420526922
0.5424	-0.0009378095420526922
0.5432	-7.49648108477885E-07
0.544	-7.49648108477885E-07
0.5448000000000001	0.0006239569481819585
0.5456	0.0009363102464254869
0.5464	0.0006239569481819585
0.5472	0.0003116036500040442
0.548	-0.0003131029461553858
0.5488000000000001	-7.49648108477885E-07
0.5496	-0.0009378095420526922
0.5504	-0.0009378095420526922
0.5512	-0.001562516137688208
0.552	-0.0003131029461553858
0.5528000000000001	-7.49648108477885E-07
0.5536	0.0006239569481819585
0.5544	0.0009363102464254869
0.5552	0.0006239569481819585
0.556	0.0009363102464254869
0.5568000000000001	0.0009363102464254869
0.5576	-0.0003131029461553858
0.5584	0.0003116036500040442
0.5592	-0.0006254562441366796
0.56	-0.0006254562441366796
0.5608000000000001	-0.0012501628399032017
0.5616	-0.0003131029461553858
0.5624	-7.49648108477885E-07
0.5632	0.0003116036500040442
0.5640000000000001	0.0003116036500040442
0.5648000000000001	0.0003116036500040442
0.5656	0.0009363102464254869
0.5664	0.0006239569481819585
0.5672	0.0006239569481819585
0.5680000000000001	-0.0003131029461553858
0.5688	-0.0006254562441366796
0.5696	-0.0009378095420526922
0.5704	-0.0006254562441366796
0.5712	-0.001562516137688208
0.5720000000000001	-0.0006254562441366796
0.5728	-7.49648108477885E-07
0.5736	0.0006239569481819585
0.5744	0.0006239569481819585
0.5752	0.0009363102464254869
0.5760000000000001	0.0009363102464254869
0.5768	0.0006239569481819585
0.5776	0.0006239569481819585
0.5784	-7.49648108477885E-07
0.5792	-0.0006254562441366796
0.5800000000000001	-0.001562516137688208
0.5808	-0.0009378095420526922
0.5816	-0.0009378095420526922
0.5824	-0.0003131029461553858
0.5832	0.0003116036500040442
0.5840000000000001	0.0009363102464254869
0.5848	0.0006239569481819585
0.5856	0.0003116036500040442
0.5864	0.0012486635447345185
0.5872	-7.49648108477885E-07
0.5880000000000001	-7.49648108477885E-07
0.5888	-0.0006254562441366796
0.5896	-0.0012501628399032017
0.5904	-0.0009378095420526922
0.5912000000000001	-0.001562516137688208
0.5920000000000001	-0.0003131029461553858
0.5928	-0.0003131029461553858
0.5936	0.0009363102464254869
0.5944	0.0006239569481819585
0.5952000000000001	0.0012486635447345185
0.596	0.0009363102464254869
0.5968	0.0006239569481819585
0.5976	0.0006239569481819585
0.5984	-7.49648108477885E-07
0.5992000000000001	-0.0009378095420526922
0.6	-0.0003131029461553858
0.6008	-0.0006254562441366796
0.6016	-0.0009378095420526922
0.6024	-7.49648108477885E-07
0.6032000000000001	0.0003116036500040442
0.604	0.0006239569481819585
0.6048	0.0003116036500040442
0.6056	0.0009363102464254869
0.6064	-7.49648108477885E-07
0.6072000000000001	-0.0003131029461553858
0.608	-7.49648108477885E-07
0.6088	-0.0003131029461553858
0.6096	-0.0006254562441366796
0.6104	-0.0009378095420526922
0.6112000000000001	-0.0009378095420526922
0.612	-7.49648108477885E-07
0.6128	-0.0006254562441366796
0.6136	0.0003116036500040442
0.6144000000000001	0.0009363102464254869
0.6152000000000001	0.0009363102464254869
0.616	0.0012486635447345185
0.6168	-7.49648108477885E-07
0.6176	0.0006239569481819585
0.6184000000000001	-7.49648108477885E-07
0.6192000000000001	-0.0003131029461553858
0.62	-0.0012501628399032017
0.6208	-0.0012501628399032017
0.6216	-0.0006254562441366796
0.6224000000000001	-0.0003131029461553858
0.6232	0.0006239569481819585
0.624	0.0009363102464254869
0.6248	0.0009363102464254869
0.6256	0.0009363102464254869
0.6264000000000001	0.0006239569481819585
0.6272	0.0003116036500040442
0.628	-7.49648108477885E-07
0.6288	-0.0006254562441366796
0.6296	-0.0006254562441366796
0.6304000000000001	-0.0012501628399032017
0.6312	-7.49648108477885E-07
0.632	-7.49648108477885E-07
0.6328	0.0003116036500040442
0.6336	-7.49648108477885E-07
0.6344000000000001	0.0009363102464254869
0.6352	0.0009363102464254869
0.636	0.0006239569481819585
0.6368	0.0006239569481819585
0.6376000000000001	-7.49648108477885E-07
0.6384000000000001	0.0003116036500040442
0.6392	-0.0009378095420526922
0.64	-0.0009378095420526922
0.6408	-7.49648108477885E-07
0.6416000000000001	-0.0009378095420526922
0.6424000000000001	-7.49648108477885E-07
0.6432	0.0006239569481819585
0.644	0.0003116036500040442
0.6448	0.0009363102464254869
0.6456000000000001	0.0009363102464254869
0.6464000000000001	0.0006239569481819585
0.6472	0.0003116036500040442
0.648	-0.0003131029461553858
0.6488	-0.0003131029461553858
0.6496000000000001	-0.0012501628399032017
0.6504	-0.0003131029461553858
0.6512	-0.0006254562441366796
0.652	-0.0003131029461553858
0.6528	0.0006239569481819585
0.6536000000000001	-7.49648108477885E-07
0.6544	0.0006239569481819585
0.6552	0.0006239569481819585
0.656	0.0012486635447345185
0.6568	0.0006239569481819585
0.6576000000000001	0.0006239569481819585
0.6584	-0.0003131029461553858
0.6592	-0.0012501628399032017
0.66	-7.49648108477885E-07
0.6608	-7.49648108477885E-07
0.6616000000000001	-0.0012501628399032017
0.6624	-0.0003131029461553858
0.6632	-7.49648108477885E-07
0.664	0.0006239569481819585
0.6648000000000001	0.0012486635447345185
0.6656000000000001	-7.49648108477885E-07
0.6664	0.0003116036500040442
0.6672	0.0006239569481819585
0.668	-7.49648108477885E-07
0.6688000000000001	-0.0003131029461553858
0.6696000000000001	-0.001562516137688208
0.6704	-0.0009378095420526922
0.6712	-0.0012501628399032017
0.672	-0.0003131029461553858
0.6728000000000001	0.0009363102464254869
0.6736000000000001	0.0006239569481819585
0.6744	0.0006239569481819585
0.6752	0.0012486635447345185
0.676	0.0009363102464254869
0.6768000000000001	0.0006239569481819585
0.6776	-7.49648108477885E-07
0.6784	-7.49648108477885E-07
0.6792	-0.0012501628399032017
0.68	-0.0009378095420526922
0.6808000000000001	-0.0012501628399032017
0.6816	-7.49648108477885E-07
0.6824	-0.0003131029461553858
0.6832	0.0003116036500040442
0.684	0.0009363102464254869
0.6848000000000001	0.0006239569481819585
0.6856	0.0006239569481819585
0.6864	0.0009363102464254869
0.6872	0.0003116036500040442
0.6880000000000001	-0.0003131029461553858
0.6888000000000001	-0.0003131029461553858
0.6896	-7.49648108477885E-07
0.6904	-0.0003131029461553858
0.6912	-0.0009378095420526922
0.6920000000000001	-0.0003131029461553858
0.6928000000000001	-0.0003131029461553858
0.6936	0.0003116036500040442
0.6944	0.0006239569481819585
0.6952	0.0006239569481819585
0.6960000000000001	0.0006239569481819585
0.6968000000000001	-7.49648108477885E-07
0.6976	0.0012486635447345185
0.6984	-0.0006254562441366796
0.6992	-7.49648108477885E-07
0.7000000000000001	-0.0009378095420526922
0.7008	-0.001562516137688208
0.7016	-0.0009378095420526922
0.7024	-0.0009378095420526922
0.7032	-7.49648108477885E-07
0.7040000000000001	-0.0006254562441366796
0.7048	-7.49648108477885E-07
0.7056	0.0009363102464254869
0.7064	0.0006239569481819585
0.7072	0.0003116036500040442
0.7080000000000001	0.0006239569481819585
0.7088	-7.49648108477885E-07
0.7096	-0.0003131029461553858
0.7104	-0.0009378095420526922
0.7112	-0.0012501628399032017
0.7120000000000001	-7.49648108477885E-07
0.7128	0.0006239569481819585
0.7136	0.0006239569481819585
0.7144	0.0006239569481819585
0.7152000000000001	0.0012486635447345185
0.7160000000000001	0.0003116036500040442
0.7168	0.0009363102464254869
0.7176	0.0018733701415494242
0.7184	-7.49648108477885E-07
0.7192000000000001	-0.0006254562441366796
0.7200000000000001	-0.0006254562441366796
0.7208	-0.0012501628399032017
0.7216	-0.0009378095420526922
0.7224	-7.49648108477885E-07
0.7232000000000001	-7.49648108477885E-07
0.7240000000000001	-7.49648108477885E-07
0.7248	0.0006239569481819585
0.7256	0.0006239569481819585
0.7264	0.0009363102464254869
0.7272000000000001	0.0006239569481819585
0.728	-0.0003131029461553858
0.7288	-0.0006254562441366796
0.7296	-0.0003131029461553858
0.7304	-0.0006254562441366796
0.7312000000000001	-0.0009378095420526922
0.732	-0.0009378095420526922
0.7328	0.0009363102464254869
0.7336	0.0006239569481819585
0.7344	0.0006239569481819585
0.7352000000000001	0.0015610168431091642
0.736	0.0012486635447345185
0.7368	0.0006239569481819585
0.7376	-7.49648108477885E-07
0.7384000000000001	-7.49648108477885E-07
0.7392000000000001	-0.0009378095420526922
0.74	-0.0009378095420526922
0.7408	-0.0009378095420526922
0.7416	-0.0006254562441366796
0.7424000000000001	-0.0006254562441366796
0.7432000000000001	-7.49648108477885E-07
0.744	-7.49648108477885E-07
0.7448	0.0006239569481819585
0.7456	0.0009363102464254869
0.7464000000000001	0.0006239569481819585
0.7472000000000001	0.0003116036500040442
0.748	-0.0006254562441366796
0.7488	-0.0003131029461553858
0.7496	-0.001562516137688208
0.7504000000000001	-0.0003131029461553858
0.7512000000000001	-0.0009378095420526922
0.752	-0.0009378095420526922
0.7528	-7.49648108477885E-07
0.7536	-7.49648108477885E-07
0.7544000000000001	0.0009363102464254869
0.7552	0.0006239569481819585
0.756	0.0009363102464254869
0.7568	0.0003116036500040442
0.7576	-7.49648108477885E-07
0.7584000000000001	-0.0003131029461553858
0.7592	-0.0006254562441366796
0.76	-0.0012501628399032017
0.7608	-0.0009378095420526922
0.7616	-0.0006254562441366796
0.7624000000000001	-0.0003131029461553858
0.7632	-7.49648108477885E-07
0.764	0.0003116036500040442
0.7648	0.0015610168431091642
0.7656000000000001	0.0006239569481819585
0.7664000000000001	0.0006239569481819585
0.7672	0.0006239569481819585
0.768	-7.49648108477885E-07
0.7688	-0.0006254562441366796
0.7696000000000001	-0.0009378095420526922
0.7704000000000001	-0.0003131029461553858
0.7712	-0.0009378095420526922
0.772	-0.0009378095420526922
0.7728	-7.49648108477885E-07
0.7736000000000001	0.0006239569481819585
0.7744000000000001	0.0009363102464254869
0.7752	0.0012486635447345185
0.776	0.0009363102464254869
0.7768	-7.49648108477885E-07
0.7776000000000001	-7.49648108477885E-07
0.7784000000000001	-0.0003131029461553858
0.7792	-0.0006254562441366796
0.78	-7.49648108477885E-07
0.7808	-0.0012501628399032017
0.7816000000000001	-0.001562516137688208
0.7824	-0.0006254562441366796
0.7832	0.0006239569481819585
0.784	0.0009363102464254869
0.7848	0.0006239569481819585
0.7856000000000001	0.0009363102464254869
0.7864	0.0006239569481819585
0.7872	0.0003116036500040442
0.788	-0.0003131029461553858
0.7888000000000001	-0.0006254562441366796
0.7896000000000001	-0.0006254562441366796
0.7904	-0.0009378095420526922
0.7912	-0.0003131029461553858
0.792	-0.0009378095420526922
0.7928000000000001	-7.49648108477885E-07
0.7936000000000001	-0.0003131029461553858
0.7944	0.0006239569481819585
0.7952	0.0009363102464254869
0.796	0.0009363102464254869
0.7968000000000001	0.0009363102464254869
0.7976000000000001	0.0003116036500040442
0.7984	-0.0003131029461553858
0.7992	-0.0003131029461553858
0.8	-0.0009378095420526922
0.8008000000000001	-0.0009378095420526922
0.8016000000000001	-0.0012501628399032017
0.8024	-0.0006254562441366796
0.8032	-7.49648108477885E-07
0.804	-0.0003131029461553858
0.8048000000000001	0.0006239569481819585
0.8056000000000001	0.0003116036500040442
0.8064	0.0006239569481819585
0.8072	-7.49648108477885E-07
0.808	-0.0003131029461553858
0.8088000000000001	-0.0006254562441366796
0.8096	-0.0006254562441366796
0.8104	-0.0006254562441366796
0.8112	-0.0006254562441366796
0.812	-0.0006254562441366796
0.8128000000000001	-7.49648108477885E-07
0.8136	0.0009363102464254869
0.8144	0.0003116036500040442
0.8152	0.0012486635447345185
0.8160000000000001	0.0009363102464254869
0.8168000000000001	-7.49648108477885E-07
0.8176	-7.49648108477885E-07
0.8184	0.0003116036500040442
0.8192	-0.0009378095420526922
0.8200000000000001	-0.0009378095420526922
0.8208000000000001	-0.0012501628399032017
0.8216	-0.001562516137688208
0.8224	-0.0006254562441366796
0.8232	-0.0003131029461553858
0.8240000000000001	0.0003116036500040442
0.8248000000000001	0.0006239569481819585
0.8256	-7.49648108477885E-07
0.8264	0.0006239569481819585
0.8272	0.0009363102464254869
0.8280000000000001	-7.49648108477885E-07
0.8288000000000001	-0.0006254562441366796
0.8296	-0.0012501628399032017
0.8304	-7.49648108477885E-07
0.8312	-0.0012501628399032017
0.8320000000000001	-0.0006254562441366796
0.8328	-7.49648108477885E-07
0.8336	0.0003116036500040442
0.8344	0.0006239569481819585
0.8352	0.0006239569481819585
0.8360000000000001	0.0009363102464254869
0.8368	0.0009363102464254869
0.8376	0.0003116036500040442
0.8384	-0.0006254562441366796
0.8392000000000001	-0.0003131029461553858
0.8400000000000001	0.0003116036500040442
0.8408	-0.0006254562441366796
0.8416	-0.0009378095420526922
0.8424	-0.0009378095420526922
0.8432000000000001	-7.49648108477885E-07
0.8440000000000001	0.0006239569481819585
0.8448	0.0012486635447345185
0.8456	0.0006239569481819585
0.8464	0.0009363102464254869
0.8472000000000001	0.0003116036500040442
0.8480000000000001	-0.0003131029461553858
0.8488	-0.0009378095420526922
0.8496	-0.0006254562441366796
0.8504	-0.0006254562441366796
0.8512000000000001	-0.0009378095420526922
0.8520000000000001	-0.0009378095420526922
0.8528	-7.49648108477885E-07
0.8536	0.0009363102464254869
0.8544	0.0015610168431091642
0.8552000000000001	0.0009363102464254869
0.8560000000000001	0.0015610168431091642
0.8568	0.0006239569481819585
0.8576	0.0003116036500040442
0.8584	-7.49648108477885E-07
0.8592000000000001	-7.49648108477885E-07
0.86	-7.49648108477885E-07
0.8608	-0.0003131029461553858
0.8616	-0.0006254562441366796
0.8624	-0.0009378095420526922
0.8632000000000001	-0.0003131029461553858
0.864	-7.49648108477885E-07
0.8648	0.0006239569481819585
0.8656	0.0012486635447345185
0.8664000000000001	0.0009363102464254869
0.8672000000000001	-0.0006254562441366796
0.868	0.0003116036500040442
0.8688	-0.0006254562441366796
0.8696	-0.0009378095420526922
0.8704000000000001	-0.0012501628399032017
0.8712000000000001	-0.0006254562441366796
0.872	0.0003116036500040442
0.8728	0.0006239569481819585
0.8736	0.0006239569481819585
0.8744000000000001	0.0012486635447345185
0.8752000000000001	0.0006239569481819585
0.876	0.0009363102464254869
0.8768	0.0006239569481819585
0.8776	0.0003116036500040442
0.8784000000000001	-0.0003131029461553858
0.8792000000000001	-0.0006254562441366796
0.88	-0.0009378095420526922
0.8808	-0.0018748694354078221
0.8816	0.0003116036500040442
0.8824000000000001	-0.0009378095420526922
0.8832000000000001	-0.0003131029461553858
0.884	-7.49648108477885E-07
0.8848	0.0012486635447345185
0.8856	0.0009363102464254869
0.8864000000000001	0.0009363102464254869
0.8872	0.0009363102464254869
0.888	-0.0006254562441366796
0.8888	-0.0006254562441366796
0.8896000000000001	-0.0012501628399032017
0.8904000000000001	-0.0006254562441366796
0.8912	-0.0009378095420526922
0.892	-0.0006254562441366796
0.8928	-0.0003131029461553858
0.8936000000000001	0.0009363102464254869
0.8944000000000001	0.0009363102464254869
0.8952	0.0015610168431091642
0.896	0.0012486635447345185
0.8968	0.0009363102464254869
0.8976000000000001	0.0006239569481819585
0.8984000000000001	0.0006239569481819585
0.8992	-0.0012501628399032017
0.9	-0.0006254562441366796
0.9008	-0.0006254562441366796
0.9016000000000001	-0.0009378095420526922
0.9024000000000001	-0.0006254562441366796
0.9032	-0.0003131029461553858
0.904	-7.49648108477885E-07
0.9048	0.0003116036500040442
0.9056000000000001	0.0006239569481819585
0.9064000000000001	0.0003116036500040442
0.9072	0.0009363102464254869
0.908	-7.49648108477885E-07
0.9088	-7.49648108477885E-07
0.9096000000000001	-0.0003131029461553858
0.9104000000000001	-0.001562516137688208
0.9112	-0.0009378095420526922
0.912	-0.0003131029461553858
0.9128000000000001	-7.49648108477885E-07
0.9136000000000001	0.0006239569481819585
0.9144	0.0009363102464254869
0.9152	0.0009363102464254869
0.916	0.0006239569481819585
0.9168000000000001	0.0009363102464254869
0.9176000000000001	-7.49648108477885E-07
0.9184	-7.49648108477885E-07
0.9192	-0.0003131029461553858
0.92	-0.0009378095420526922
0.9208000000000001	-0.0009378095420526922
0.9216000000000001	-0.0006254562441366796
0.9224	-7.49648108477885E-07
0.9232	-0.0003131029461553858
0.924	0.0003116036500040442
0.9248000000000001	0.0006239569481819585
0.9256000000000001	0.0003116036500040442
0.9264	0.0009363102464254869
0.9272	0.0003116036500040442
0.928	-7.49648108477885E-07
0.9288000000000001	-0.0006254562441366796
0.9296000000000001	-0.001562516137688208
0.9304	-0.0009378095420526922
0.9312	-0.0012501628399032017
0.932	0.0006239569481819585
0.9328000000000001	-0.0003131029461553858
0.9336000000000001	0.0006239569481819585
0.9344	0.0009363102464254869
0.9352	0.0009363102464254869
0.936	0.0009363102464254869
0.9368000000000001	0.0009363102464254869
0.9376000000000001	-7.49648108477885E-07
0.9384	-7.49648108477885E-07
0.9392	-0.0009378095420526922
0.9400000000000001	-0.0009378095420526922
0.9408000000000001	-0.0012501628399032017
0.9416	-0.0009378095420526922
0.9424	-0.0009378095420526922
0.9432	-7.49648108477885E-07
0.9440000000000001	-7.49648108477885E-07
0.9448000000000001	0.0003116036500040442
0.9456	0.0006239569481819585
0.9464	0.0003116036500040442
0.9472	0.0006239569481819585
0.9480000000000001	-0.0003131029461553858
0.9488000000000001	-0.0012501628399032017
0.9496	-0.0003131029461553858
0.9504	-0.0003131029461553858
0.9512	-0.0009378095420526922
0.9520000000000001	-0.0009378095420526922
0.9528000000000001	0.0006239569481819585
0.9536	0.0006239569481819585
0.9544	0.0009363102464254869
0.9552	0.0012486635447345185
0.9560000000000001	0.0009363102464254869
0.9568000000000001	0.0003116036500040442
0.9576	0.0003116036500040442
0.9584	-0.0006254562441366796
0.9592	-0.0003131029461553858
0.9600000000000001	-0.0003131029461553858
0.9608000000000001	-0.001562516137688208
0.9616	-0.0003131029461553858
0.9624	-0.0009378095420526922
0.9632000000000001	-7.49648108477885E-07
0.9640000000000001	-7.49648108477885E-07
0.9648	-7.49648108477885E-07
0.9656	-7.49648108477885E-07
0.9664	0.0009363102464254869
0.9672000000000001	0.0006239569481819585
0.9680000000000001	0.0009363102464254869
0.9688	-0.0006254562441366796
0.9696	-0.0009378095420526922
0.9704	-0.0006254562441366796
0.9712000000000001	-0.0012501628399032017
0.9720000000000001	-0.0006254562441366796
0.9728	-0.0006254562441366796
0.9736	0.0006239569481819585
0.9744	0.0006239569481819585
0.9752000000000001	0.0009363102464254869
0.9760000000000001	0.0009363102464254869
0.9768	0.0021857234400551873
0.9776	-7.49648108477885E-07
0.9784	-7.49648108477885E-07
0.9792000000000001	-0.0006254562441366796
0.9800000000000001	-0.0006254562441366796
0.9808	-0.0012501628399032017
0.9816	-0.0009378095420526922
0.9824	-0.0003131029461553858
0.9832000000000001	-0.0003131029461553858
0.9840000000000001	-7.49648108477885E-07
0.9848	0.0006239569481819585
0.9856	0.0006239569481819585
0.9864	0.0009363102464254869
0.9872000000000001	0.0009363102464254869
0.9880000000000001	-7.49648108477885E-07
0.9888	-0.0006254562441366796
0.9896	-0.0006254562441366796
0.9904000000000001	-0.001562516137688208
0.9912000000000001	-0.0009378095420526922
0.992	-0.0006254562441366796
0.9928	-0.0003131029461553858
0.9936	0.0006239569481819585
0.9944000000000001	0.0009363102464254869
0.9952000000000001	0.0012486635447345185
0.996	0.0003116036500040442
0.9968	0.0009363102464254869
0.9976	-7.49648108477885E-07
0.9984000000000001	-7.49648108477885E-07
0.9992000000000001	-0.0009378095420526922
