0	-50.49723615470743
0.0008	239.1348938693602
0.0016	281.4705646765183
0.0024000000000000002	586.7249351185105
0.0032	560.3237035144341
0.004	395.5113215669858
0.0048000000000000004	133.53006368506004
0.0056	-157.97665018678921
0.0064	-409.6471289051708
0.007200000000000001	-560.0869861232104
0.008	-569.9288451113915
0.0088	-437.2980702893855
0.009600000000000001	-195.15702456308168
0.010400000000000001	96.81833068217598
0.0112	369.57876325174846
0.012	580.7885633547983
0.0128	594.2235101118022
0.013600000000000001	493.93008174659553
0.014400000000000001	272.87845404810787
0.0152	-12.84819260197604
0.016	-293.1069925986482
0.016800000000000002	-500.25473017331313
0.0176	-584.45730344655
0.0184	-518.6886893196396
0.019200000000000002	-329.3500395599114
0.02	-50.6534562472825
0.020800000000000003	239.2911140496899
0.0216	236.32293063239175
0.0224	589.0682397878376
0.023200000000000002	560.7923644144926
0.024	395.04266086042975
0.024800000000000003	133.21762339293898
0.0256	-158.1328702516827
0.0264	-409.33468888433197
0.027200000000000002	-559.7745461537786
0.028	-569.7726251281891
0.028800000000000003	-437.6105102998884
0.0296	-195.00080450711414
0.0304	96.97455081701726
0.031200000000000002	371.7658464220365
0.032	585.318952323918
0.0328	593.7548491703332
0.033600000000000005	493.61764120018074
0.0344	272.40979347305364
0.0352	-13.316852910528514
0.036000000000000004	-293.7318727337524
0.0368	-500.8796101502829
0.0376	-584.1448634844747
0.038400000000000004	-517.2827093973643
0.0392	-227.33835531160923
0.04	-50.49723615470743
0.0408	239.2911140496899
0.041600000000000005	225.38751820516234
0.0424	588.2871382297732
0.0432	561.2610253151263
0.044000000000000004	395.5113215669858
0.0448	133.21762339293898
0.0456	-158.4453103813548
0.046400000000000004	-409.80334891554617
0.0472	-560.2432061078905
0.048	-570.08506509457
0.0488	-436.8294102734183
0.049600000000000005	-199.84362622492728
0.0504	97.13077095190593
0.0512	371.1409655150969
0.052000000000000005	585.318952323918
0.0528	594.3797304257554
0.0536	493.61764120018074
0.054400000000000004	273.0346742399
0.055200000000000006	-13.004412704870349
0.056	-293.2632126324745
0.0568	-500.25473017331313
0.057600000000000005	-583.6762035411882
0.0584	-518.6886893196396
0.0592	-246.865861088924
0.060000000000000005	-50.6534562472825
0.0608	239.2911140496899
0.0616	217.73272965774458
0.062400000000000004	589.0682397878376
0.0632	561.2610253151263
0.064	395.19888109589044
0.0648	133.9987241236069
0.0656	-158.75775051087362
0.0664	-409.49090889476605
0.06720000000000001	-559.4621061842506
0.068	-570.3975050608566
0.0688	-431.5179300745595
0.06960000000000001	-198.12520561944092
0.0704	97.59943135685641
0.0712	372.0782868758494
0.07200000000000001	580.7885633547983
0.0728	594.2235101118022
0.0736	493.14898038101995
0.07440000000000001	272.7222338563695
0.0752	-13.160632807721173
0.076	-294.04431280110356
0.07680000000000001	-499.94229018467144
0.0776	-584.3010834655239
0.0784	-518.3762493370903
0.0792	-329.66247961228254
0.08	-50.18479596943084
0.08080000000000001	238.978673689083
0.0816	202.7355932710167
0.0824	587.3498163622371
0.08320000000000001	560.7923644144926
0.084	395.35510133140906
0.0848	133.37384353897517
0.08560000000000001	-157.6642100568872
0.0864	-409.33468888433197
0.0872	-560.0869861232104
0.08800000000000001	-570.2412850777251
0.0888	-438.07917031542996
0.0896	-195.15702456308168
0.09040000000000001	97.4432112218255
0.0912	370.9847452885048
0.092	584.5378507736345
0.09280000000000001	593.9110694840911
0.0936	493.14898038101995
0.0944	272.40979347305364
0.0952	-13.160632807721173
0.096	-293.4194326662673
0.09680000000000001	-500.0985101790053
0.0976	-583.9886435034025
0.0984	-519.3135692844326
0.09920000000000001	-329.3500395599114
0.1	-50.6534562472825
0.1008	239.1348938693602
0.10160000000000001	159.61882876876052
0.1024	590.4742225964443
0.1032	561.4172456154654
0.10400000000000001	395.04266086042975
0.1048	133.8425039773759
0.1056	-157.8204301218574
0.10640000000000001	-409.9595689258922
0.1072	-560.3994260925463
0.108	-570.5537250439643
0.10880000000000001	-430.7368300425338
0.1096	-198.59386578501602
0.11040000000000001	97.4432112218255
0.11120000000000001	369.89120370396114
0.112	564.6978719373645
0.11280000000000001	593.7548491703332
0.1136	493.14898038101995
0.1144	272.40979347305364
0.11520000000000001	-13.473073013292383
0.116	-293.4194326662673
0.1168	-500.0985101790053
0.11760000000000001	-583.9886435034025
0.1184	-518.2200293457774
0.1192	-277.95364915736366
0.12000000000000001	-50.6534562472825
0.1208	238.82245350885822
0.1216	219.13871121835288
0.12240000000000001	593.9110694840911
0.1232	560.7923644144926
0.124	395.19888109589044
0.12480000000000001	133.21762339293898
0.12560000000000002	-158.4453103813548
0.1264	-409.6471289051708
0.1272	-560.3994260925463
0.128	-570.2412850777251
0.1288	-453.70117068840005
0.1296	-200.62472649867456
0.13040000000000002	96.97455081701726
0.1312	370.51608460907187
0.132	541.7334882743958
0.1328	593.4424085430126
0.1336	493.7738614733574
0.13440000000000002	273.0346742399
0.13520000000000001	-12.84819260197604
0.136	-293.2632126324745
0.1368	-499.94229018467144
0.1376	-583.5199835600465
0.1384	-516.9702694143558
0.13920000000000002	-239.3672989360024
0.14	-50.028575876729306
0.1408	239.1348938693602
0.1416	279.2834819556519
0.1424	591.4115444717723
0.1432	561.5734659158684
0.14400000000000002	395.19888109589044
0.1448	133.37384353897517
0.1456	-157.97665018678921
0.1464	-408.86602885285333
0.1472	-560.2432061078905
0.14800000000000002	-569.9288451113915
0.14880000000000002	-435.7358702351674
0.1496	-199.2187460052665
0.1504	96.97455081701726
0.1512	366.4543587421783
0.152	569.85314192887
0.15280000000000002	593.5986288566403
0.15360000000000001	493.14898038101995
0.1544	272.56601366468476
0.1552	-13.316852910528514
0.156	-292.6383324969682
0.1568	-500.25473017331313
0.15760000000000002	-583.5199835600465
0.1584	-517.7513693716858
0.1592	-248.89672165804046
0.16	-50.6534562472825
0.1608	238.6662333286859
0.16160000000000002	216.17052792864678
0.16240000000000002	587.1935960512083
0.1632	561.4172456154654
0.164	395.19888109589044
0.1648	133.53006368506004
0.1656	-157.8204301218574
0.16640000000000002	-409.6471289051708
0.16720000000000002	-560.2432061078905
0.168	-570.2412850777251
0.1688	-433.705010160432
0.1696	-197.03166523180755
0.1704	96.97455081701726
0.17120000000000002	366.9230194171593
0.17200000000000001	582.9756476779239
0.1728	593.9110694840911
0.1736	493.305200654012
0.1744	272.87845404810787
0.1752	-12.84819260197604
0.17600000000000002	-292.95077256478834
0.1768	-500.25473017331313
0.1776	-583.832423522307
0.1784	-518.0638093544391
0.1792	-272.0172877221674
0.18000000000000002	-50.34101606209022
0.18080000000000002	239.44733423007202
0.1816	214.6083262047135
0.1824	588.9120194760949
0.1832	561.7296862163354
0.184	395.19888109589044
0.18480000000000002	133.8425039773759
0.18560000000000001	-158.1328702516827
0.1864	-409.33468888433197
0.1872	-560.3994260925463
0.188	-569.9288451113915
0.1888	-434.017450172243
0.18960000000000002	-196.56300506512505
0.1904	97.13077095190593
0.1912	365.5170373937549
0.192	508.1461268695527
0.1928	593.9110694840911
0.19360000000000002	493.61764120018074
0.19440000000000002	272.56601366468476
0.1952	-13.629293116012784
0.196	-293.1069925986482
0.1968	-499.94229018467144
0.1976	-583.9886435034025
0.19840000000000002	-517.4389293888304
0.19920000000000002	-242.49169984293715
0.2	-50.18479596943084
0.2008	239.60355441050666
0.2016	204.61023529346852
0.2024	595.1608319964982
0.20320000000000002	561.4172456154654
0.20400000000000001	394.57400015439595
0.2048	133.37384353897517
0.2056	-158.4453103813548
0.2064	-409.9595689258922
0.20720000000000002	-560.5556460771783
0.20800000000000002	-570.08506509457
0.2088	-449.32701061222514
0.2096	-199.53118611517056
0.2104	96.81833068217598
0.2112	371.7658464220365
0.21200000000000002	517.3631234323328
0.21280000000000002	593.28618822945
0.2136	493.4614209270656
0.2144	273.0346742399
0.2152	-13.316852910528514
0.216	-293.4194326662673
0.21680000000000002	-500.7233901560796
0.21760000000000002	-584.1448634844747
0.2184	-517.2827093973643
0.2192	-269.9864272198361
0.22	-51.278336617161365
0.22080000000000002	238.82245350885822
0.22160000000000002	217.73272965774458
0.22240000000000001	591.7239850974015
0.2232	561.4172456154654
0.224	395.19888109589044
0.2248	133.53006368506004
0.22560000000000002	-158.2890903165379
0.22640000000000002	-410.4282289567542
0.2272	-560.5556460771783
0.228	-570.08506509457
0.2288	-439.4851503605244
0.2296	-199.37496606023694
0.23040000000000002	96.50589041263562
0.23120000000000002	369.57876325174846
0.232	574.2273104613624
0.2328	593.9110694840911
0.2336	493.4614209270656
0.23440000000000003	272.87845404810787
0.23520000000000002	-13.160632807721173
0.23600000000000002	-293.4194326662673
0.2368	-500.25473017331313
0.2376	-583.9886435034025
0.2384	-517.5951493802708
0.23920000000000002	-236.86777820025395
0.24000000000000002	-50.80967633981542
0.24080000000000001	238.978673689083
0.2416	203.36047394434817
0.2424	588.4433585412562
0.2432	561.4172456154654
0.24400000000000002	394.73022038968253
0.24480000000000002	133.37384353897517
0.2456	-158.1328702516827
0.2464	-408.7098088423017
0.2472	-560.5556460771783
0.248	-568.9915252118225
0.24880000000000002	-437.2980702893855
0.24960000000000002	-195.00080450711414
0.2504	97.13077095190593
0.25120000000000003	373.3280486933893
0.252	589.3806804115178
0.2528	593.9110694840911
0.2536	493.61764120018074
0.2544	273.0346742399
0.25520000000000004	-12.84819260197604
0.256	-293.57565270002664
0.25680000000000003	-500.5671701618502
0.2576	-583.6762035411882
0.2584	-518.2200293457774
0.2592	-285.608430935472
0.26	-50.6534562472825
0.26080000000000003	239.2911140496899
0.2616	175.08462429058363
0.2624	587.1935960512083
0.2632	561.5734659158684
0.264	395.19888109589044
0.26480000000000004	133.53006368506004
0.2656	-157.6642100568872
0.2664	-409.80334891554617
0.2672	-560.2432061078905
0.268	-570.5537250439643
0.26880000000000004	-437.7667303050973
0.2696	-194.84458445110963
0.27040000000000003	97.28699108684202
0.2712	366.4543587421783
0.272	573.4462089340038
0.2728	594.3797304257554
0.2736	493.7738614733574
0.27440000000000003	272.87845404810787
0.2752	-12.84819260197604
0.276	-293.1069925986482
0.2768	-499.7860701903114
0.2776	-583.3637635788815
0.27840000000000004	-517.4389293888304
0.2792	-245.14744060272335
0.28	-50.9658964323062
0.2808	239.1348938693602
0.2816	281.4705646765183
0.28240000000000004	589.6931210354577
0.2832	561.4172456154654
0.28400000000000003	395.19888109589044
0.2848	133.21762339293898
0.2856	-157.8204301218574
0.2864	-408.7098088423017
0.2872	-560.3994260925463
0.28800000000000003	-569.4601851617134
0.2888	-441.8284504305896
0.2896	-199.53118611517056
0.2904	97.13077095190593
0.2912	369.42254302572775
0.29200000000000004	554.0748915685485
0.2928	593.7548491703332
0.2936	493.305200654012
0.2944	273.0346742399
0.2952	-13.160632807721173
0.29600000000000004	-293.1069925986482
0.2968	-499.94229018467144
0.29760000000000003	-584.3010834655239
0.2984	-517.7513693716858
0.2992	-209.3730495019412
0.3	-50.9658964323062
0.3008	238.51001314856603
0.30160000000000003	135.5609255885975
0.3024	587.506036673331
0.3032	560.7923644144926
0.304	394.88644062502715
0.3048	133.21762339293898
0.30560000000000004	-158.2890903165379
0.3064	-409.6471289051708
0.30720000000000003	-561.1805260154662
0.308	-570.2412850777251
0.3088	-432.61147011819514
0.30960000000000004	-199.37496606023694
0.3104	97.13077095190593
0.31120000000000003	369.42254302572775
0.312	584.5378507736345
0.3128	593.5986288566403
0.3136	493.305200654012
0.3144	272.40979347305364
0.31520000000000004	-12.691972499038242
0.316	-293.1069925986482
0.3168	-500.0985101790053
0.3176	-583.9886435034025
0.3184	-518.3762493370903
0.31920000000000004	-256.55150374997595
0.32	-50.49723615470743
0.32080000000000003	239.1348938693602
0.3216	190.55042030424735
0.3224	587.0373757402441
0.32320000000000004	561.7296862163354
0.324	395.04266086042975
0.32480000000000003	133.37384353897517
0.3256	-158.1328702516827
0.3264	-409.49090889476605
0.3272	-560.7118660617863
0.328	-569.3039651784401
0.32880000000000004	-429.01840996955826
0.3296	-195.9381248423644
0.3304	96.97455081701726
0.3312	367.3916800926534
0.332	575.1646322963177
0.33280000000000004	593.7548491703332
0.3336	493.61764120018074
0.33440000000000003	273.0346742399
0.3352	-12.84819260197604
0.336	-293.1069925986482
0.33680000000000004	-499.7860701903114
0.3376	-584.1448634844747
0.33840000000000003	-518.3762493370903
0.3392	-236.24289801489715
0.34	-50.6534562472825
0.3408	239.2911140496899
0.3416	129.9370003374184
0.34240000000000004	587.8184772957131
0.3432	561.7296862163354
0.34400000000000003	395.04266086042975
0.3448	133.8425039773759
0.3456	-158.1328702516827
0.34640000000000004	-410.11578893620884
0.3472	-560.3994260925463
0.34800000000000003	-569.3039651784401
0.3488	-428.39352994216193
0.3496	-197.65654545353385
0.3504	96.66211054738211
0.3512	362.23641269041445
0.35200000000000004	582.3507664414517
0.3528	593.7548491703332
0.3536	493.14898038101995
0.3544	273.0346742399
0.3552	-12.84819260197604
0.35600000000000004	-292.6383324969682
0.3568	-500.25473017331313
0.35760000000000003	-583.9886435034025
0.3584	-517.5951493802708
0.3592	-210.46658986928256
0.36000000000000004	-50.34101606209022
0.3608	239.60355441050666
0.36160000000000003	198.83008908122915
0.3624	589.2244600996452
0.3632	561.4172456154654
0.364	395.19888109589044
0.3648	133.8425039773759
0.36560000000000004	-157.6642100568872
0.3664	-409.6471289051708
0.3672	-560.2432061078905
0.368	-569.9288451113915
0.3688	-445.2652905218724
0.36960000000000004	-200.78094655331358
0.3704	96.97455081701726
0.37120000000000003	368.6414418964809
0.372	577.1954962800124
0.3728	593.7548491703332
0.37360000000000004	493.305200654012
0.3744	273.19089443174573
0.37520000000000003	-12.84819260197604
0.376	-292.79455253089503
0.3768	-499.7860701903114
0.3776	-583.5199835600465
0.3784	-516.9702694143558
0.37920000000000004	-259.51968453860854
0.38	-50.6534562472825
0.3808	239.1348938693602
0.3816	266.16098585174166
0.3824	593.28618822945
0.38320000000000004	562.0421268174612
0.384	394.41777991916734
0.38480000000000003	133.21762339293898
0.3856	-157.03932979662318
0.3864	-409.49090889476605
0.38720000000000004	-560.5556460771783
0.388	-569.4601851617134
0.38880000000000003	-466.8236507866647
0.3896	-200.93716660791577
0.3904	96.66211054738211
0.3912	369.57876325174846
0.392	525.0179173528423
0.39280000000000004	593.5986288566403
0.3936	492.9927601080894
0.39440000000000003	273.0346742399
0.3952	-13.160632807721173
0.396	-293.2632126324745
0.39680000000000004	-500.25473017331313
0.3976	-584.1448634844747
0.39840000000000003	-517.1264894058729
0.3992	-253.89576303370526
0.4	-50.9658964323062
0.40080000000000005	238.51001314856603
0.4016	261.9430407557011
0.40240000000000004	593.28618822945
0.4032	560.7923644144926
0.404	394.88644062502715
0.4048	133.37384353897517
0.4056	-158.4453103813548
0.40640000000000004	-409.6471289051708
0.4072	-560.7118660617863
0.40800000000000003	-569.9288451113915
0.4088	-449.01457060594703
0.4096	-200.4685064439987
0.41040000000000004	96.81833068217598
0.4112	367.8603407686609
0.41200000000000003	556.1057554397689
0.4128	593.28618822945
0.4136	493.305200654012
0.41440000000000005	272.87845404810787
0.4152	-13.160632807721173
0.41600000000000004	-293.7318727337524
0.4168	-499.94229018467144
0.4176	-583.832423522307
0.4184	-516.9702694143558
0.4192	-258.11370416661
0.42000000000000004	-51.122116524754844
0.4208	238.51001314856603
0.42160000000000003	316.93255028050686
0.4224	590.7866632212937
0.4232	561.5734659158684
0.42400000000000004	395.04266086042975
0.4248	133.6862838311936
0.42560000000000003	-158.2890903165379
0.4264	-409.33468888433197
0.4272	-560.3994260925463
0.42800000000000005	-569.9288451113915
0.4288	-434.798550201272
0.42960000000000004	-199.53118611517056
0.4304	97.13077095190593
0.4312	368.6414418964809
0.432	560.6361441144091
0.4328	594.3797304257554
0.43360000000000004	493.4614209270656
0.4344	272.87845404810787
0.43520000000000003	-13.160632807721173
0.436	-292.79455253089503
0.4368	-500.0985101790053
0.43760000000000004	-583.832423522307
0.4384	-517.4389293888304
0.43920000000000003	-246.39720095674605
0.44	-50.6534562472825
0.4408	238.51001314856603
0.44160000000000005	267.7231877490419
0.4424	592.3488663494404
0.44320000000000004	561.4172456154654
0.444	394.57400015439595
0.44480000000000003	133.8425039773759
0.4456	-158.1328702516827
0.4464	-409.6471289051708
0.44720000000000004	-560.3994260925463
0.448	-569.4601851617134
0.44880000000000003	-450.1081106274315
0.4496	-200.3122863892861
0.4504	97.28699108684202
0.45120000000000005	372.3907273298911
0.452	534.2349143139081
0.45280000000000004	593.1299679159523
0.4536	493.61764120018074
0.4544	273.5033348155983
0.45520000000000005	-12.84819260197604
0.456	-292.79455253089503
0.45680000000000004	-499.94229018467144
0.4576	-583.9886435034025
0.45840000000000003	-517.1264894058729
0.4592	-288.73283163788517
0.46	-50.49723615470743
0.46080000000000004	238.82245350885822
0.4616	265.84854547292286
0.46240000000000003	593.28618822945
0.4632	561.1048050148511
0.464	395.19888109589044
0.46480000000000005	133.9987241236069
0.4656	-157.8204301218574
0.46640000000000004	-409.80334891554617
0.4672	-560.3994260925463
0.468	-569.9288451113915
0.46880000000000005	-462.6057107762669
0.4696	-199.53118611517056
0.47040000000000004	96.81833068217598
0.4712	372.3907273298911
0.47200000000000003	488.61859249098256
0.4728	593.5986288566403
0.4736	493.7738614733574
0.47440000000000004	273.19089443174573
0.4752	-13.004412704870349
0.47600000000000003	-292.32589242901383
0.4768	-500.4109501675947
0.4776	-584.3010834655239
0.47840000000000005	-517.4389293888304
0.4792	-292.48211246300775
0.48000000000000004	-50.9658964323062
0.4808	238.0413526085211
0.48160000000000003	384.41968498491616
0.4824	592.9737476025199
0.4832	560.94858471464
0.48400000000000004	394.88644062502715
0.4848	133.37384353897517
0.48560000000000003	-157.50798999187873
0.4864	-409.9595689258922
0.4872	-560.7118660617863
0.48800000000000004	-569.6164051449631
0.4888	-446.0463905407199
0.48960000000000004	-200.3122863892861
0.4904	96.34967027793653
0.4912	370.51608460907187
0.49200000000000005	428.63001282829566
0.4928	593.5986288566403
0.49360000000000004	493.305200654012
0.4944	273.0346742399
0.49520000000000003	-12.84819260197604
0.496	-293.1069925986482
0.4968	-500.25473017331313
0.49760000000000004	-583.9886435034025
0.4984	-517.2827093973643
0.49920000000000003	-256.2390636662316
0.5	-51.122116524754844
0.5008	238.51001314856603
0.5016	323.0251384002394
0.5024000000000001	591.099103846403
0.5032	561.4172456154654
0.504	395.04266086042975
0.5048	133.37384353897517
0.5056	-158.2890903165379
0.5064000000000001	-409.6471289051708
0.5072	-560.3994260925463
0.508	-569.6164051449631
0.5088	-438.5478303307164
0.5096	-198.75008584013392
0.5104000000000001	97.13077095190593
0.5112	371.45340596845233
0.512	536.8906592416232
0.5128	593.7548491703332
0.5136000000000001	493.93008174659553
0.5144000000000001	272.7222338563695
0.5152	-13.160632807721173
0.516	-292.95077256478834
0.5168	-500.4109501675947
0.5176000000000001	-583.9886435034025
0.5184	-517.2827093973643
0.5192	-287.01441125322737
0.52	-50.6534562472825
0.5208	238.35379296849862
0.5216000000000001	316.93255028050686
0.5224	591.5677647845544
0.5232	561.7296862163354
0.524	395.19888109589044
0.5248	133.37384353897517
0.5256000000000001	-157.97665018678921
0.5264	-409.49090889476605
0.5272	-560.5556460771783
0.528	-569.9288451113915
0.5288	-444.3279704983281
0.5296000000000001	-199.9998462797504
0.5304	97.28699108684202
0.5312	367.704120543268
0.532	560.0112629147146
0.5328	593.9110694840911
0.5336000000000001	493.4614209270656
0.5344	273.0346742399
0.5352	-13.160632807721173
0.536	-293.1069925986482
0.5368	-500.0985101790053
0.5376000000000001	-583.832423522307
0.5384	-517.5951493802708
0.5392	-289.67015184598097
0.54	-50.6534562472825
0.5408000000000001	238.51001314856603
0.5416000000000001	309.74642081134175
0.5424	590.7866632212937
0.5432	561.2610253151263
0.544	395.19888109589044
0.5448000000000001	133.6862838311936
0.5456	-157.8204301218574
0.5464	-410.11578893620884
0.5472	-560.3994260925463
0.548	-569.6164051449631
0.5488000000000001	-452.45141066886475
0.5496	-201.0933866624812
0.5504	97.59943135685641
0.5512	372.54694755699774
0.552	566.4162952601059
0.5528000000000001	593.9110694840911
0.5536	494.2425222932565
0.5544	273.3471146236452
0.5552	-13.004412704870349
0.556	-292.95077256478834
0.5568000000000001	-500.5671701618502
0.5576	-583.832423522307
0.5584	-516.9702694143558
0.5592	-299.0433538605389
0.56	-50.49723615470743
0.5608000000000001	238.6662333286859
0.5616	321.6191565189813
0.5624	593.1299679159523
0.5632	561.4172456154654
0.5640000000000001	394.73022038968253
0.5648000000000001	133.37384353897517
0.5656	-157.8204301218574
0.5664	-409.49090889476605
0.5672	-560.5556460771783
0.5680000000000001	-569.6164051449631
0.5688	-443.07821046536037
0.5696	-200.3122863892861
0.5704	96.81833068217598
0.5712	370.82852506197
0.5720000000000001	566.728735865074
0.5728	593.5986288566403
0.5736	494.2425222932565
0.5744	273.19089443174573
0.5752	-13.316852910528514
0.5760000000000001	-293.1069925986482
0.5768	-500.5671701618502
0.5776	-583.832423522307
0.5784	-518.6886893196396
0.5792	-329.0375995074116
0.5800000000000001	-50.9658964323062
0.5808	238.6662333286859
0.5816	323.8062394473234
0.5824	592.6613069758502
0.5832	560.7923644144926
0.5840000000000001	394.73022038968253
0.5848	133.6862838311936
0.5856	-158.1328702516827
0.5864	-409.49090889476605
0.5872	-560.2432061078905
0.5880000000000001	-569.4601851617134
0.5888	-438.39161032564925
0.5896	-196.71922512072283
0.5904	96.66211054738211
0.5912000000000001	371.1409655150969
0.5920000000000001	587.8184772957131
0.5928	593.5986288566403
0.5936	493.7738614733574
0.5944	272.87845404810787
0.5952000000000001	-12.84819260197604
0.596	-293.2632126324745
0.5968	-500.0985101790053
0.5976	-584.1448634844747
0.5984	-518.5324693283777
0.5992000000000001	-329.1938195336776
0.6	-50.49723615470743
0.6008	238.82245350885822
0.6016	238.19757278848365
0.6024	589.2244600996452
0.6032000000000001	561.1048050148511
0.604	395.04266086042975
0.6048	133.8425039773759
0.6056	-158.1328702516827
0.6064	-409.6471289051708
0.6072000000000001	-559.9307661385067
0.608	-570.08506509457
0.6088	-438.07917031542996
0.6096	-195.00080450711414
0.6104	97.13077095190593
0.6112000000000001	371.7658464220365
0.612	583.2880882965482
0.6128	593.1299679159523
0.6136	494.3987425666793
0.6144000000000001	273.0346742399
0.6152000000000001	-13.160632807721173
0.616	-293.1069925986482
0.6168	-500.0985101790053
0.6176	-584.3010834655239
0.6184000000000001	-517.9075893630752
0.6192000000000001	-291.38857222434575
0.62	-50.6534562472825
0.6208	238.51001314856603
0.6216	255.22557271991923
0.6224000000000001	590.6304429088365
0.6232	560.94858471464
0.624	394.88644062502715
0.6248	133.53006368506004
0.6256	-158.1328702516827
0.6264000000000001	-409.6471289051708
0.6272	-560.7118660617863
0.628	-569.4601851617134
0.6288	-439.64137036539336
0.6296	-199.06252595025916
0.6304000000000001	96.81833068217598
0.6312	372.7031677841616
0.632	540.4837259375466
0.6328	593.28618822945
0.6336	493.93008174659553
0.6344000000000001	273.0346742399
0.6352	-13.160632807721173
0.636	-292.79455253089503
0.6368	-499.7860701903114
0.6376000000000001	-584.1448634844747
0.6384000000000001	-517.4389293888304
0.6392	-298.8871338279486
0.64	-50.6534562472825
0.6408	239.1348938693602
0.6416000000000001	300.21698843373275
0.6424000000000001	590.4742225964443
0.6432	560.4799238143896
0.644	395.19888109589044
0.6448	133.06140324695144
0.6456000000000001	-158.1328702516827
0.6464000000000001	-409.0222488633756
0.6472	-560.5556460771783
0.648	-569.9288451113915
0.6488	-436.9856302787691
0.6496000000000001	-199.37496606023694
0.6504	97.13077095190593
0.6512	370.9847452885048
0.652	587.3498163622371
0.6528	593.9110694840911
0.6536000000000001	493.93008174659553
0.6544	273.19089443174573
0.6552	-13.473073013292383
0.656	-292.32589242901383
0.6568	-500.0985101790053
0.6576000000000001	-584.3010834655239
0.6584	-517.4389293888304
0.6592	-262.8003053956789
0.66	-50.34101606209022
0.6608	239.2911140496899
0.6616000000000001	278.8148213739839
0.6624	587.6622569844895
0.6632	561.4172456154654
0.664	395.5113215669858
0.6648000000000001	133.6862838311936
0.6656000000000001	-158.1328702516827
0.6664	-409.49090889476605
0.6672	-559.9307661385067
0.668	-569.7726251281891
0.6688000000000001	-434.32989018394005
0.6696000000000001	-198.2814256746695
0.6704	96.81833068217598
0.6712	371.1409655150969
0.672	587.0373757402441
0.6728000000000001	593.9110694840911
0.6736000000000001	493.93008174659553
0.6744	273.5033348155983
0.6752	-13.004412704870349
0.676	-292.6383324969682
0.6768000000000001	-499.7860701903114
0.6776	-584.3010834655239
0.6784	-518.3762493370903
0.6792	-241.71059961752954
0.68	-51.122116524754844
0.6808000000000001	238.35379296849862
0.6816	282.8765464312316
0.6824	586.7249351185105
0.6832	560.94858471464
0.684	394.88644062502715
0.6848000000000001	133.37384353897517
0.6856	-158.1328702516827
0.6864	-409.17846887386844
0.6872	-559.9307661385067
0.6880000000000001	-569.6164051449631
0.6888000000000001	-435.7358702351674
0.6896	-199.9998462797504
0.6904	96.66211054738211
0.6912	370.82852506197
0.6920000000000001	583.75674922497
0.6928000000000001	593.28618822945
0.6936	494.2425222932565
0.6944	273.3471146236452
0.6952	-13.160632807721173
0.6960000000000001	-292.79455253089503
0.6968000000000001	-500.25473017331313
0.6976	-584.45730344655
0.6984	-518.0638093544391
0.6992	-268.8928869469472
0.7000000000000001	-50.6534562472825
0.7008	238.978673689083
0.7016	299.435887428207
0.7024	590.318002284117
0.7032	561.1048050148511
0.7040000000000001	395.04266086042975
0.7048	133.8425039773759
0.7056	-158.1328702516827
0.7064	-409.6471289051708
0.7072	-559.9307661385067
0.7080000000000001	-569.6164051449631
0.7088	-453.5449506860554
0.7096	-201.56204682595674
0.7104	96.81833068217598
0.7112	372.7031677841616
0.7120000000000001	575.1646322963177
0.7128	594.2235101118022
0.7136	494.08630201989524
0.7144	273.0346742399
0.7152000000000001	-12.84819260197604
0.7160000000000001	-293.1069925986482
0.7168	-500.25473017331313
0.7176	-584.3010834655239
0.7184	-516.9702694143558
0.7192000000000001	-272.4859478372672
0.7200000000000001	-50.80967633981542
0.7208	238.978673689083
0.7216	353.48808027059346
0.7224	593.7548491703332
0.7232000000000001	561.2610253151263
0.7240000000000001	394.88644062502715
0.7248	133.9987241236069
0.7256	-157.97665018678921
0.7264	-409.33468888433197
0.7272000000000001	-560.0869861232104
0.728	-570.3975050608566
0.7288	-459.94997075945014
0.7296	-200.78094655331358
0.7304	96.97455081701726
0.7312000000000001	371.45340596845233
0.732	548.6071811994863
0.7328	593.4424085430126
0.7336	493.61764120018074
0.7344	272.7222338563695
0.7352000000000001	-12.84819260197604
0.736	-292.95077256478834
0.7368	-500.5671701618502
0.7376	-584.45730344655
0.7384000000000001	-517.4389293888304
0.7392000000000001	-294.3567528683207
0.74	-50.80967633981542
0.7408	239.1348938693602
0.7416	304.5911540899392
0.7424000000000001	591.7239850974015
0.7432000000000001	560.94858471464
0.744	395.19888109589044
0.7448	133.6862838311936
0.7456	-158.1328702516827
0.7464000000000001	-409.33468888433197
0.7472000000000001	-559.7745461537786
0.748	-569.9288451113915
0.7488	-446.0463905407199
0.7496	-199.84362622492728
0.7504000000000001	96.81833068217598
0.7512000000000001	373.015608238661
0.752	587.9746976070016
0.7528	594.2235101118022
0.7536	493.7738614733574
0.7544000000000001	273.19089443174573
0.7552	-13.160632807721173
0.756	-292.95077256478834
0.7568	-500.5671701618502
0.7576	-584.9259633894894
0.7584000000000001	-517.7513693716858
0.7592	-299.3557939256195
0.76	-50.80967633981542
0.7608	238.6662333286859
0.7616	146.18389568017113
0.7624000000000001	587.1935960512083
0.7632	560.7923644144926
0.764	395.04266086042975
0.7648	134.15494426988664
0.7656000000000001	-157.8204301218574
0.7664000000000001	-409.0222488633756
0.7672	-560.0869861232104
0.768	-569.6164051449631
0.7688	-438.07917031542996
0.7696000000000001	-194.84458445110963
0.7704000000000001	96.81833068217598
0.7712	373.17182846599655
0.772	589.6931210354577
0.7728	594.067289797914
0.7736000000000001	494.08630201989524
0.7744000000000001	273.0346742399
0.7752	-13.160632807721173
0.776	-292.6383324969682
0.7768	-500.0985101790053
0.7776000000000001	-584.1448634844747
0.7784000000000001	-517.2827093973643
0.7792	-299.9806740553811
0.78	-50.9658964323062
0.7808	239.1348938693602
0.7816000000000001	280.06458292617646
0.7824	588.5995788528041
0.7832	561.2610253151263
0.784	395.5113215669858
0.7848	133.6862838311936
0.7856000000000001	-157.50798999187873
0.7864	-409.0222488633756
0.7872	-559.9307661385067
0.788	-569.7726251281891
0.7888000000000001	-438.07917031542996
0.7896000000000001	-197.50032539815766
0.7904	96.81833068217598
0.7912	370.6723048354924
0.792	585.9438335653109
0.7928000000000001	593.7548491703332
0.7936000000000001	494.2425222932565
0.7944	273.3471146236452
0.7952	-12.84819260197604
0.796	-292.6383324969682
0.7968000000000001	-500.0985101790053
0.7976000000000001	-583.9886435034025
0.7984	-517.1264894058729
0.7992	-269.3615470641058
0.8	-50.6534562472825
0.8008000000000001	238.35379296849862
0.8016000000000001	292.8746390356235
0.8024	591.255324159055
0.8032	561.1048050148511
0.804	395.19888109589044
0.8048000000000001	133.8425039773759
0.8056000000000001	-157.35176992683193
0.8064	-409.80334891554617
0.8072	-560.5556460771783
0.808	-569.4601851617134
0.8088000000000001	-448.3896905930551
0.8096	-198.4376457298612
0.8104	96.81833068217598
0.8112	371.9220666489144
0.812	548.7634014946649
0.8128000000000001	594.2235101118022
0.8136	493.93008174659553
0.8144	273.0346742399
0.8152	-13.160632807721173
0.8160000000000001	-292.48211246300775
0.8168000000000001	-500.5671701618502
0.8176	-584.3010834655239
0.8184	-518.6886893196396
0.8192	-302.16775450535755
0.8200000000000001	-50.9658964323062
0.8208000000000001	238.51001314856603
0.8216	223.04421557538288
0.8224	593.7548491703332
0.8232	561.1048050148511
0.8240000000000001	394.73022038968253
0.8248000000000001	133.9987241236069
0.8256	-158.1328702516827
0.8264	-409.33468888433197
0.8272	-560.0869861232104
0.8280000000000001	-570.2412850777251
0.8288000000000001	-441.9846704350347
0.8296	-199.06252595025916
0.8304	96.50589041263562
0.8312	372.54694755699774
0.8320000000000001	587.9746976070016
0.8328	594.067289797914
0.8336	493.305200654012
0.8344	272.87845404810787
0.8352	-13.004412704870349
0.8360000000000001	-293.4194326662673
0.8368	-499.94229018467144
0.8376	-584.45730344655
0.8384	-517.7513693716858
0.8392000000000001	-273.7357081426937
0.8400000000000001	-51.122116524754844
0.8408	238.51001314856603
0.8416	345.83328954871877
0.8424	589.3806804115178
0.8432000000000001	561.2610253151263
0.8440000000000001	395.35510133140906
0.8448	133.53006368506004
0.8456	-157.97665018678921
0.8464	-409.33468888433197
0.8472000000000001	-560.0869861232104
0.8480000000000001	-569.6164051449631
0.8488	-436.20453025173117
0.8496	-198.75008584013392
0.8504	96.97455081701726
0.8512000000000001	372.7031677841616
0.8520000000000001	590.1617819718547
0.8528	594.2235101118022
0.8536	494.08630201989524
0.8544	273.0346742399
0.8552000000000001	-13.004412704870349
0.8560000000000001	-292.95077256478834
0.8568	-500.0985101790053
0.8576	-584.3010834655239
0.8584	-518.3762493370903
0.8592000000000001	-252.80222273583948
0.86	-51.278336617161365
0.8608	238.978673689083
0.8616	280.8456838980491
0.8624	589.6931210354577
0.8632000000000001	561.2610253151263
0.864	395.5113215669858
0.8648	133.53006368506004
0.8656	-158.4453103813548
0.8664000000000001	-409.17846887386844
0.8672000000000001	-560.2432061078905
0.868	-570.08506509457
0.8688	-434.4861101897459
0.8696	-199.06252595025916
0.8704000000000001	96.81833068217598
0.8712000000000001	372.0782868758494
0.872	588.4433585412562
0.8728	594.2235101118022
0.8736	494.5549628401636
0.8744000000000001	272.7222338563695
0.8752000000000001	-12.691972499038242
0.876	-292.6383324969682
0.8768	-499.7860701903114
0.8776	-583.832423522307
0.8784000000000001	-518.0638093544391
0.8792000000000001	-296.8562734012427
0.88	-50.80967633981542
0.8808	238.978673689083
0.8816	275.065536738083
0.8824000000000001	592.0364257232909
0.8832000000000001	561.5734659158684
0.884	395.35510133140906
0.8848	133.9987241236069
0.8856	-158.1328702516827
0.8864000000000001	-409.49090889476605
0.8872	-560.0869861232104
0.888	-569.6164051449631
0.8888	-450.42055063331844
0.8896000000000001	-199.68740617006733
0.8904000000000001	97.13077095190593
0.8912	373.015608238661
0.892	582.5069867504727
0.8928	594.2235101118022
0.8936000000000001	493.14898038101995
0.8944000000000001	273.3471146236452
0.8952	-12.84819260197604
0.896	-292.32589242901383
0.8968	-500.5671701618502
0.8976000000000001	-584.3010834655239
0.8984000000000001	-516.8140494228132
0.8992	-282.1715901472094
0.9	-50.80967633981542
0.9008	238.35379296849862
0.9016000000000001	345.2084086794364
0.9024000000000001	593.28618822945
0.9032	561.1048050148511
0.904	395.19888109589044
0.9048	133.6862838311936
0.9056000000000001	-158.2890903165379
0.9064000000000001	-409.0222488633756
0.9072	-560.5556460771783
0.908	-569.9288451113915
0.9088	-442.1408904394515
0.9096000000000001	-199.9998462797504
0.9104000000000001	96.97455081701726
0.9112	369.26632279976417
0.912	573.133768323511
0.9128000000000001	593.7548491703332
0.9136000000000001	493.93008174659553
0.9144	272.7222338563695
0.9152	-13.316852910528514
0.916	-292.32589242901383
0.9168000000000001	-500.5671701618502
0.9176000000000001	-584.3010834655239
0.9184	-517.5951493802708
0.9192	-272.95460795205884
0.92	-51.278336617161365
0.9208000000000001	238.51001314856603
0.9216000000000001	341.6153436985138
0.9224	590.7866632212937
0.9232	561.1048050148511
0.924	395.04266086042975
0.9248000000000001	133.21762339293898
0.9256000000000001	-157.8204301218574
0.9264	-409.6471289051708
0.9272	-560.0869861232104
0.928	-570.5537250439643
0.9288000000000001	-441.2035704125271
0.9296000000000001	-199.84362622492728
0.9304	96.50589041263562
0.9312	372.7031677841616
0.932	588.2871382297732
0.9328000000000001	593.9110694840911
0.9336000000000001	493.305200654012
0.9344	272.7222338563695
0.9352	-12.691972499038242
0.936	-292.95077256478834
0.9368000000000001	-500.7233901560796
0.9376000000000001	-583.6762035411882
0.9384	-519.0011293020871
0.9392	-329.97491966452463
0.9400000000000001	-51.278336617161365
0.9408000000000001	238.6662333286859
0.9416	181.64587102387756
0.9424	587.506036673331
0.9432	560.4799238143896
0.9440000000000001	395.19888109589044
0.9448000000000001	134.3111644162151
0.9456	-158.1328702516827
0.9464	-409.17846887386844
0.9472	-559.7745461537786
0.9480000000000001	-570.2412850777251
0.9488000000000001	-434.32989018394005
0.9496	-199.06252595025916
0.9504	96.66211054738211
0.9512	372.0782868758494
0.9520000000000001	588.4433585412562
0.9528000000000001	594.2235101118022
0.9536	493.7738614733574
0.9544	273.3471146236452
0.9552	-12.535752396056942
0.9560000000000001	-292.32589242901383
0.9568000000000001	-500.4109501675947
0.9576	-583.832423522307
0.9584	-517.9075893630752
0.9592	-280.9218298565033
0.9600000000000001	-51.122116524754844
0.9608000000000001	238.82245350885822
0.9616	330.3674882976527
0.9624	591.4115444717723
0.9632000000000001	561.1048050148511
0.9640000000000001	395.5113215669858
0.9648	133.9987241236069
0.9656	-157.6642100568872
0.9664	-408.86602885285333
0.9672000000000001	-559.9307661385067
0.9680000000000001	-569.7726251281891
0.9688	-444.3279704983281
0.9696	-198.59386578501602
0.9704	97.13077095190593
0.9712000000000001	371.6096261952158
0.9720000000000001	579.8512415059087
0.9728	593.7548491703332
0.9736	493.61764120018074
0.9744	273.0346742399
0.9752000000000001	-12.535752396056942
0.9760000000000001	-292.95077256478834
0.9768	-499.7860701903114
0.9776	-583.5199835600465
0.9784	-517.2827093973643
0.9792000000000001	-271.7048476452629
0.9800000000000001	-50.9658964323062
0.9808	238.35379296849862
0.9816	276.1590780870197
0.9824	590.7866632212937
0.9832000000000001	561.2610253151263
0.9840000000000001	395.5113215669858
0.9848	134.3111644162151
0.9856	-157.8204301218574
0.9864	-409.0222488633756
0.9872000000000001	-560.5556460771783
0.9880000000000001	-569.7726251281891
0.9888	-451.9827506610798
0.9896	-199.9998462797504
0.9904000000000001	96.50589041263562
0.9912000000000001	371.9220666489144
0.992	521.4248508000356
0.9928	593.9110694840911
0.9936	493.4614209270656
0.9944000000000001	273.0346742399
0.9952000000000001	-13.160632807721173
0.996	-292.79455253089503
0.9968	-500.0985101790053
0.9976	-584.1448634844747
0.9984000000000001	-517.1264894058729
0.9992000000000001	-291.54479225854107
