0	-169.58918531905172
0.0008	-423.9154017430501
0.0016	-572.7930575447748
0.0024000000000000002	-579.5105168113171
0.0032	-444.0677826104358
0.004	-197.7087960825272
0.0048000000000000004	98.01584345300431
0.0056	370.6200591766576
0.0064	551.0544622955433
0.007200000000000001	594.639927940716
0.008	491.5345333284821
0.0088	266.8898400744821
0.009600000000000001	-23.05474852872619
0.010400000000000001	-306.1255066273687
0.0112	-517.3349618836342
0.012	-593.882755096819
0.0128	-528.7390212477046
0.013600000000000001	-330.49583122522506
0.014400000000000001	-50.54948570158369
0.0152	241.4259496036638
0.016	476.38116702678974
0.016800000000000002	594.7961482567556
0.0176	560.8963411968289
0.0184	391.2411297884018
0.019200000000000002	125.6668083775852
0.02	-169.901625445363
0.020800000000000003	-423.44674171717884
0.0216	-573.5741574617339
0.0224	-579.5105168113171
0.023200000000000002	-444.22400261530476
0.024	-197.7087960825272
0.024800000000000003	98.32828372624957
0.0256	369.5265175813005
0.0264	551.366902891689
0.027200000000000002	594.1712669929891
0.028	499.34554711216254
0.028800000000000003	267.514720840041
0.0296	-23.367188731347543
0.0304	-305.5006264989371
0.031200000000000002	-516.7100819145426
0.032	-594.0389750771072
0.0328	-528.8952412380527
0.033600000000000005	-330.80827127901637
0.0344	-50.08082541993069
0.0352	241.26972942107295
0.036000000000000004	476.537387295001
0.0368	594.1712669929891
0.0376	559.4903584811055
0.038400000000000004	402.64520715110456
0.0392	125.5105882325218
0.04	-170.05784550846153
0.0408	-423.75918173445535
0.041600000000000005	-573.2617174950213
0.0424	-579.5105168113171
0.0432	-443.5991225956593
0.044000000000000004	-197.7087960825272
0.0448	98.32828372624957
0.0456	370.6200591766576
0.046400000000000004	551.366902891689
0.0472	594.3274873088328
0.048	508.0938827336099
0.0488	269.0769227576937
0.049600000000000005	-22.898528427350577
0.0504	-305.18818643452187
0.0512	-517.0225218991396
0.052000000000000005	-593.4140951558161
0.0528	-529.0514612283755
0.0536	-331.1207113326783
0.054400000000000004	-50.23704551385734
0.055200000000000006	242.05083033455438
0.056	476.0687264905506
0.0568	594.1712669929891
0.057600000000000005	559.1779178783161
0.0584	397.48993926376556
0.0592	125.5105882325218
0.060000000000000005	-169.58918531905172
0.0608	-423.1343016997862
0.0616	-572.6368375613118
0.062400000000000004	-579.354296828869
0.0632	-443.75534260061306
0.064	-197.39635596959204
0.0648	98.32828372624957
0.0656	370.30761872055484
0.0664	550.898241997566
0.06720000000000001	594.3274873088328
0.068	507.93766245294796
0.0688	268.29582179819647
0.06960000000000001	-23.05474852872619
0.0704	-305.81306656321937
0.0712	-516.7100819145426
0.07200000000000001	-594.0389750771072
0.0728	-529.3639012089453
0.0736	-330.6520512521369
0.07440000000000001	-50.39326560774167
0.0752	241.8946101517527
0.076	476.2249467586396
0.07680000000000001	593.7026060458496
0.0776	559.3341381796788
0.0784	387.80428461655913
0.0792	125.6668083775852
0.08	-169.901625445363
0.08080000000000001	-423.75918173445535
0.0816	-572.6368375613118
0.0824	-579.5105168113171
0.08320000000000001	-443.5991225956593
0.084	-197.7087960825272
0.0848	98.48450386294363
0.08560000000000001	369.9951782646813
0.0864	551.6793434880898
0.0872	594.1712669929891
0.08800000000000001	491.8469738768673
0.0888	266.8898400744821
0.0896	-23.05474852872619
0.09040000000000001	-305.81306656321937
0.0912	-517.1787418913998
0.092	-594.663854998031
0.09280000000000001	-528.7390212477046
0.0936	-331.1207113326783
0.0944	-50.39326560774167
0.0952	241.4259496036638
0.096	476.2249467586396
0.09680000000000001	594.0150466772106
0.0976	559.3341381796788
0.0984	370.93249963298956
0.09920000000000001	125.35436808750697
0.1	-169.901625445363
0.1008	-423.75918173445535
0.10160000000000001	-572.6368375613118
0.1024	-579.5105168113171
0.1032	-444.0677826104358
0.10400000000000001	-197.7087960825272
0.1048	98.32828372624957
0.1056	370.6200591766576
0.10640000000000001	551.366902891689
0.1072	594.3274873088328
0.108	501.8450715555854
0.10880000000000001	268.9207025656869
0.1096	-23.05474852872619
0.11040000000000001	-305.81306656321937
0.11120000000000001	-516.866301906854
0.112	-594.3514150376151
0.11280000000000001	-529.3639012089453
0.1136	-331.1207113326783
0.1144	-50.39326560774167
0.11520000000000001	241.4259496036638
0.116	476.2249467586396
0.1168	593.546385730267
0.11760000000000001	558.3968163724625
0.1184	376.55642788621486
0.1192	125.5105882325218
0.12000000000000001	-169.901625445363
0.1208	-423.44674171717884
0.1216	-572.6368375613118
0.12240000000000001	-579.5105168113171
0.1232	-443.9115626055386
0.124	-197.7087960825272
0.12480000000000001	98.48450386294363
0.12560000000000002	370.4638389485776
0.1264	551.2106825935842
0.1272	594.4837076247419
0.128	511.84316948817354
0.1288	270.6391246807156
0.1296	-23.21096863005851
0.13040000000000002	-305.3444064667461
0.1312	-516.7100819145426
0.132	-594.3514150376151
0.1328	-529.3639012089453
0.1336	-331.43315138621085
0.13440000000000002	-49.92460532596169
0.13520000000000001	241.73838996900366
0.136	476.69360756327336
0.1368	594.0150466772106
0.1376	558.8654772757826
0.1384	378.11863019199563
0.13920000000000002	125.97924866785777
0.14	-170.05784550846153
0.1408	-422.97808169104627
0.1416	-572.6368375613118
0.1424	-579.6667367937417
0.1432	-444.3802226201454
0.14400000000000002	-197.7087960825272
0.1448	98.32828372624957
0.1456	370.6200591766576
0.1464	551.5231231898575
0.1472	594.3274873088328
0.14800000000000002	504.5008162941082
0.14880000000000002	270.95156506596476
0.1496	-22.742308325931667
0.1504	-305.18818643452187
0.1512	-516.7100819145426
0.152	-594.5076350178344
0.15280000000000002	-528.7390212477046
0.15360000000000001	-330.49583122522506
0.1544	-50.39326560774167
0.1552	242.05083033455438
0.156	476.69360756327336
0.1568	593.7026060458496
0.15760000000000002	558.7092569746118
0.1584	348.90544802068206
0.1592	125.5105882325218
0.16	-169.7454053822264
0.1608	-423.44674171717884
0.16160000000000002	-572.4806175778252
0.16240000000000002	-580.1353967408746
0.1632	-444.3802226201454
0.164	-197.55257602607816
0.1648	98.48450386294363
0.1656	370.4638389485776
0.16640000000000002	551.0544622955433
0.16720000000000002	593.7026060458496
0.168	495.9087010283219
0.1688	271.5764458371083
0.1696	-22.898528427350577
0.1704	-305.81306656321937
0.17120000000000002	-516.5538619222054
0.17200000000000001	-594.3514150376151
0.1728	-528.5828012573313
0.1736	-331.2769313594607
0.1744	-50.39326560774167
0.1752	241.26972942107295
0.17600000000000002	476.537387295001
0.1768	593.3901654147496
0.1776	559.3341381796788
0.1784	356.2477984324629
0.1792	125.6668083775852
0.18000000000000002	-170.52650569752885
0.18080000000000002	-423.75918173445535
0.1816	-572.949277528214
0.1824	-579.9791767585206
0.1832	-444.22400261530476
0.184	-198.02123619531406
0.18480000000000002	98.6407239996853
0.18560000000000001	370.15139849258935
0.1864	551.2106825935842
0.1872	595.1085888890304
0.188	495.7524807524944
0.1888	270.17046410324485
0.18960000000000002	-23.21096863005851
0.1904	-305.6568465310948
0.1912	-517.1787418913998
0.192	-594.663854998031
0.1928	-528.5828012573313
0.19360000000000002	-331.43315138621085
0.19440000000000002	-50.23704551385734
0.1952	241.58216978630736
0.196	476.8498278316067
0.1968	594.0150466772106
0.1976	559.0216975770173
0.19840000000000002	356.2477984324629
0.19920000000000002	125.8230285226972
0.2	-169.7454053822264
0.2008	-423.29052170849707
0.2016	-572.4806175778252
0.2024	-579.5105168113171
0.20320000000000002	-444.22400261530476
0.20400000000000001	-197.86501613893915
0.2048	98.48450386294363
0.2056	370.30761872055484
0.2064	551.5231231898575
0.20720000000000002	594.9523685728603
0.20800000000000002	503.0948337832455
0.2088	270.95156506596476
0.2096	-23.21096863005851
0.2104	-306.1255066273687
0.2112	-517.0225218991396
0.21200000000000002	-594.1951950573725
0.21280000000000002	-528.8952412380527
0.2136	-331.1207113326783
0.2144	-50.705705795383395
0.2152	241.73838996900366
0.216	476.8498278316067
0.21680000000000002	593.7026060458496
0.21760000000000002	558.5530366735052
0.2184	353.12339398661646
0.2192	125.5105882325218
0.22	-169.7454053822264
0.22080000000000002	-422.6656416734793
0.22160000000000002	-572.6368375613118
0.22240000000000001	-579.8229567761429
0.2232	-444.0677826104358
0.224	-197.55257602607816
0.2248	98.17206358960313
0.22560000000000002	369.8389580368304
0.22640000000000002	551.366902891689
0.2272	594.639927940716
0.228	504.0321554565955
0.2288	270.6391246807156
0.2296	-22.742308325931667
0.23040000000000002	-305.5006264989371
0.23120000000000002	-516.7100819145426
0.232	-594.5076350178344
0.2328	-528.8952412380527
0.2336	-331.43315138621085
0.23440000000000003	-50.705705795383395
0.23520000000000002	241.4259496036638
0.23600000000000002	476.537387295001
0.2368	593.3901654147496
0.2376	559.1779178783161
0.2384	356.2477984324629
0.23920000000000002	126.2916889583247
0.24000000000000002	-169.7454053822264
0.24080000000000001	-423.6029617258316
0.2416	-572.1681776107807
0.2424	-579.9791767585206
0.2432	-443.9115626055386
0.24400000000000002	-197.86501613893915
0.24480000000000002	98.17206358960313
0.2456	370.4638389485776
0.2464	551.5231231898575
0.2472	594.639927940716
0.248	490.7534319585974
0.24880000000000002	269.70180352625783
0.24960000000000002	-22.42986812296394
0.2504	-305.5006264989371
0.25120000000000003	-516.866301906854
0.252	-593.4140951558161
0.2528	-529.0514612283755
0.2536	-331.7455914396143
0.2544	-49.92460532596169
0.25520000000000004	241.11350923853482
0.256	476.38116702678974
0.25680000000000003	593.3901654147496
0.2576	558.7092569746118
0.2584	330.47146242954943
0.2592	125.6668083775852
0.26	-169.58918531905172
0.26080000000000003	-423.1343016997862
0.2616	-572.6368375613118
0.2624	-579.9791767585206
0.2632	-444.22400261530476
0.264	-197.55257602607816
0.26480000000000004	98.32828372624957
0.2656	369.9951782646813
0.2664	551.2106825935842
0.2672	594.639927940716
0.268	490.7534319585974
0.26880000000000004	269.70180352625783
0.2696	-23.05474852872619
0.27040000000000003	-305.5006264989371
0.2712	-517.4911818758427
0.272	-594.3514150376151
0.2728	-529.2076812186731
0.2736	-330.9644913058635
0.27440000000000003	-50.08082541993069
0.2752	240.9572890560493
0.276	476.38116702678974
0.2768	593.7026060458496
0.2776	558.7092569746118
0.27840000000000004	322.8166720318727
0.2792	125.97924866785777
0.28	-169.43296525583898
0.2808	-423.44674171717884
0.2816	-572.7930575447748
0.28240000000000004	-579.9791767585206
0.2832	-444.0677826104358
0.28400000000000003	-197.7087960825272
0.2848	98.01584345300431
0.2856	369.68273780903684
0.2864	551.2106825935842
0.2872	594.9523685728603
0.28800000000000003	495.4400402010249
0.2888	270.6391246807156
0.2896	-23.05474852872619
0.2904	-305.3444064667461
0.2912	-517.1787418913998
0.29200000000000004	-593.882755096819
0.2928	-528.2703612765085
0.2936	-330.9644913058635
0.2944	-50.54948570158369
0.2952	241.73838996900366
0.29600000000000004	476.2249467586396
0.2968	593.0777247839104
0.29760000000000003	559.0216975770173
0.2984	357.34133999387416
0.2992	125.6668083775852
0.3	-169.43296525583898
0.3008	-423.44674171717884
0.30160000000000003	-572.7930575447748
0.3024	-579.9791767585206
0.3032	-444.5364426249577
0.304	-197.55257602607816
0.3048	98.48450386294363
0.30560000000000004	370.15139849258935
0.3064	551.5231231898575
0.30720000000000003	594.639927940716
0.308	496.3773618561748
0.3088	270.7953448733133
0.30960000000000004	-22.742308325931667
0.3104	-305.6568465310948
0.31120000000000003	-517.1787418913998
0.312	-594.0389750771072
0.3128	-529.2076812186731
0.3136	-331.1207113326783
0.3144	-50.54948570158369
0.31520000000000004	241.4259496036638
0.316	476.2249467586396
0.3168	593.3901654147496
0.3176	559.0216975770173
0.3184	322.5042316103181
0.31920000000000004	125.35436808750697
0.32	-169.901625445363
0.32080000000000003	-422.97808169104627
0.3216	-572.3243975943149
0.3224	-580.1353967408746
0.32320000000000004	-444.3802226201454
0.324	-197.55257602607816
0.32480000000000003	98.17206358960313
0.3256	370.15139849258935
0.3264	552.3042246816565
0.3272	594.9523685728603
0.328	497.47090378999434
0.32880000000000004	271.264005451429
0.3296	-23.05474852872619
0.3304	-305.5006264989371
0.3312	-516.866301906854
0.332	-593.4140951558161
0.33280000000000004	-528.7390212477046
0.3336	-331.1207113326783
0.33440000000000003	-50.23704551385734
0.3352	241.11350923853482
0.336	476.69360756327336
0.33680000000000004	593.3901654147496
0.3376	559.4903584811055
0.33840000000000003	329.6903613624264
0.3392	125.97924866785777
0.34	-169.7454053822264
0.3408	-423.1343016997862
0.3416	-572.7930575447748
0.34240000000000004	-579.5105168113171
0.3432	-444.5364426249577
0.34400000000000003	-197.55257602607816
0.3448	98.17206358960313
0.3456	370.30761872055484
0.34640000000000004	551.366902891689
0.3472	595.1085888890304
0.34800000000000003	489.34744949668413
0.3488	270.6391246807156
0.3496	-23.21096863005851
0.3504	-305.9692865953106
0.3512	-517.3349618836342
0.35200000000000004	-594.0389750771072
0.3528	-528.8952412380527
0.3536	-331.7455914396143
0.3544	-50.39326560774167
0.3552	240.80106887361654
0.35600000000000004	476.38116702678974
0.3568	593.0777247839104
0.35760000000000003	559.3341381796788
0.3584	285.01138262541616
0.3592	125.97924866785777
0.36000000000000004	-169.43296525583898
0.3608	-423.1343016997862
0.36160000000000003	-572.4806175778252
0.3624	-580.2916167232054
0.3632	-444.0677826104358
0.364	-198.1774562516519
0.3648	98.17206358960313
0.36560000000000004	370.15139849258935
0.3664	551.366902891689
0.3672	594.9523685728603
0.368	495.2838199253828
0.3688	272.66998718868024
0.36960000000000004	-22.58608822446946
0.3704	-305.9692865953106
0.37120000000000003	-517.3349618836342
0.372	-593.7265351165075
0.3728	-528.7390212477046
0.37360000000000004	-331.1207113326783
0.3744	-50.705705795383395
0.37520000000000003	241.11350923853482
0.376	475.91250622252244
0.3768	593.7026060458496
0.3776	558.8654772757826
0.3784	328.5968198707998
0.37920000000000004	125.6668083775852
0.38	-169.43296525583898
0.3808	-422.97808169104627
0.3816	-572.6368375613118
0.3824	-580.1353967408746
0.38320000000000004	-444.3802226201454
0.384	-198.02123619531406
0.38480000000000003	98.32828372624957
0.3856	370.30761872055484
0.3864	551.5231231898575
0.38720000000000004	594.9523685728603
0.388	494.97137937428363
0.38880000000000003	270.7953448733133
0.3896	-23.05474852872619
0.3904	-305.5006264989371
0.3912	-517.0225218991396
0.392	-593.4140951558161
0.39280000000000004	-528.5828012573313
0.3936	-331.2769313594607
0.39440000000000003	-49.92460532596169
0.3952	241.26972942107295
0.396	476.2249467586396
0.39680000000000004	593.3901654147496
0.3976	559.3341381796788
0.39840000000000003	330.94012307049377
0.3992	125.6668083775852
0.4	-169.901625445363
0.40080000000000005	-422.5094216646523
0.4016	-572.6368375613118
0.40240000000000004	-579.8229567761429
0.4032	-444.0677826104358
0.404	-197.08391585650853
0.4048	98.95316427331153
0.4056	369.9951782646813
0.40640000000000004	551.6793434880898
0.4072	595.5772498379326
0.40800000000000003	494.1902779976163
0.4088	271.7326660300286
0.4096	-22.898528427350577
0.41040000000000004	-305.5006264989371
0.4112	-517.6474018680257
0.41200000000000003	-593.882755096819
0.4128	-529.0514612283755
0.4136	-331.43315138621085
0.41440000000000005	-51.018145982855884
0.4152	241.26972942107295
0.41600000000000004	476.0687264905506
0.4168	593.7026060458496
0.4176	559.1779178783161
0.4184	330.002801789108
0.4192	126.13546881306692
0.42000000000000004	-169.58918531905172
0.4208	-422.97808169104627
0.42160000000000003	-572.7930575447748
0.4224	-580.4478367055127
0.4232	-444.0677826104358
0.42400000000000004	-197.08391585650853
0.4248	97.85962331645305
0.42560000000000003	370.30761872055484
0.4264	551.2106825935842
0.4272	594.9523685728603
0.42800000000000005	489.9723305902522
0.4288	271.264005451429
0.42960000000000004	-22.58608822446946
0.4304	-304.87574636997374
0.4312	-517.1787418913998
0.432	-593.2578751754359
0.4328	-528.7390212477046
0.43360000000000004	-331.43315138621085
0.4344	-50.39326560774167
0.43520000000000003	241.4259496036638
0.436	476.0687264905506
0.4368	593.2339450992974
0.43760000000000004	559.3341381796788
0.4384	335.0018486464329
0.43920000000000003	125.6668083775852
0.44	-169.901625445363
0.4408	-423.1343016997862
0.44160000000000005	-572.7930575447748
0.4424	-580.6040566877966
0.44320000000000004	-444.3802226201454
0.444	-197.7087960825272
0.44480000000000003	98.32828372624957
0.4456	369.68273780903684
0.4464	551.8355637863859
0.44720000000000004	595.1085888890304
0.448	499.03310655784924
0.44880000000000003	271.5764458371083
0.4496	-23.05474852872619
0.4504	-305.5006264989371
0.45120000000000005	-517.1787418913998
0.452	-593.7265351165075
0.45280000000000004	-528.7390212477046
0.4536	-331.43315138621085
0.4544	-50.39326560774167
0.45520000000000005	241.8946101517527
0.456	476.0687264905506
0.45680000000000004	593.0777247839104
0.4576	559.9590193857701
0.45840000000000003	331.8774443538917
0.4592	125.97924866785777
0.46	-169.58918531905172
0.46080000000000004	-422.6656416734793
0.4616	-572.3243975943149
0.46240000000000003	-580.2916167232054
0.4632	-444.3802226201454
0.464	-198.02123619531406
0.46480000000000005	98.48450386294363
0.4656	370.15139849258935
0.46640000000000004	551.8355637863859
0.4672	594.9523685728603
0.468	506.2192393697688
0.46880000000000005	272.2013266091123
0.4696	-22.742308325931667
0.47040000000000004	-305.81306656321937
0.4712	-516.866301906854
0.47200000000000003	-593.7265351165075
0.4728	-529.2076812186731
0.4736	-330.6520512521369
0.47440000000000004	-50.86192588914079
0.4752	241.73838996900366
0.47600000000000003	475.60006568664966
0.4768	593.7026060458496
0.4776	559.8027990841513
0.47840000000000005	384.5236597059518
0.4792	125.6668083775852
0.48000000000000004	-169.7454053822264
0.4808	-423.1343016997862
0.48160000000000003	-573.2617174950213
0.4824	-579.8229567761429
0.4832	-444.3802226201454
0.48400000000000004	-197.7087960825272
0.4848	98.6407239996853
0.48560000000000003	369.8389580368304
0.4864	551.5231231898575
0.4872	594.639927940716
0.48800000000000004	503.40727434078065
0.4888	268.9207025656869
0.48960000000000004	-23.21096863005851
0.4904	-305.81306656321937
0.4912	-516.3976419298426
0.49200000000000005	-593.5703151361733
0.4928	-529.2076812186731
0.49360000000000004	-330.80827127901637
0.4944	-50.705705795383395
0.49520000000000003	241.73838996900366
0.496	475.60006568664966
0.4968	593.546385730267
0.49760000000000004	559.8027990841513
0.4984	397.95859997817143
0.49920000000000003	126.2916889583247
0.5	-169.7454053822264
0.5008	-422.97808169104627
0.5016	-572.4806175778252
0.5024000000000001	-579.8229567761429
0.5032	-444.5364426249577
0.504	-198.02123619531406
0.5048	98.17206358960313
0.5056	370.30761872055484
0.5064000000000001	551.8355637863859
0.5072	594.4837076247419
0.508	507.7814421723481
0.5088	268.29582179819647
0.5096	-22.742308325931667
0.5104000000000001	-306.1255066273687
0.5112	-516.3976419298426
0.512	-593.882755096819
0.5128	-528.7390212477046
0.5136000000000001	-330.0271711442956
0.5144000000000001	-51.018145982855884
0.5152	241.73838996900366
0.516	475.60006568664966
0.5168	592.9215044685888
0.5176000000000001	560.8963411968289
0.5184	391.5535702599615
0.5192	125.97924866785777
0.52	-169.58918531905172
0.5208	-422.5094216646523
0.5216000000000001	-572.0119576272228
0.5224	-579.6667367937417
0.5232	-444.22400261530476
0.524	-197.55257602607816
0.5248	98.48450386294363
0.5256000000000001	370.6200591766576
0.5264	551.9917840847456
0.5272	594.639927940716
0.528	491.06587250636653
0.5288	266.8898400744821
0.5296000000000001	-22.898528427350577
0.5304	-305.5006264989371
0.5312	-516.0852019450396
0.532	-593.7265351165075
0.5328	-529.2076812186731
0.5336000000000001	-330.49583122522506
0.5344	-50.705705795383395
0.5352	241.8946101517527
0.536	475.60006568664966
0.5368	593.2339450992974
0.5376000000000001	559.9590193857701
0.5384	392.1784512037774
0.5392	125.8230285226972
0.54	-169.58918531905172
0.5408000000000001	-423.29052170849707
0.5416000000000001	-572.6368375613118
0.5424	-580.2916167232054
0.5432	-444.5364426249577
0.544	-197.7087960825272
0.5448000000000001	98.48450386294363
0.5456	369.3702973536215
0.5464	551.5231231898575
0.5472	594.4837076247419
0.548	491.06587250636653
0.5488000000000001	266.8898400744821
0.5496	-23.05474852872619
0.5504	-305.9692865953106
0.5512	-516.3976419298426
0.552	-594.1951950573725
0.5528000000000001	-529.0514612283755
0.5536	-330.9644913058635
0.5544	-51.018145982855884
0.5552	241.26972942107295
0.556	475.91250622252244
0.5568000000000001	593.7026060458496
0.5576	560.2714599892001
0.5584	391.5535702599615
0.5592	125.97924866785777
0.56	-169.901625445363
0.5608000000000001	-423.29052170849707
0.5616	-573.1054975116296
0.5624	-580.2916167232054
0.5632	-444.22400261530476
0.5640000000000001	-197.7087960825272
0.5648000000000001	97.54718304349339
0.5656	370.15139849258935
0.5664	551.8355637863859
0.5672	594.4837076247419
0.5680000000000001	491.8469738768673
0.5688	266.8898400744821
0.5696	-23.05474852872619
0.5704	-306.1255066273687
0.5712	-516.0852019450396
0.5720000000000001	-594.0389750771072
0.5728	-529.2076812186731
0.5736	-330.80827127901637
0.5744	-50.705705795383395
0.5752	241.8946101517527
0.5760000000000001	475.60006568664966
0.5768	593.3901654147496
0.5776	560.4276802910111
0.5784	392.1784512037774
0.5792	125.97924866785777
0.5800000000000001	-169.58918531905172
0.5808	-422.6656416734793
0.5816	-572.6368375613118
0.5824	-579.9791767585206
0.5832	-444.3802226201454
0.5840000000000001	-197.55257602607816
0.5848	98.17206358960313
0.5856	369.9951782646813
0.5864	552.1480043831692
0.5872	594.639927940716
0.5880000000000001	506.8441204900545
0.5888	269.0769227576937
0.5896	-23.367188731347543
0.5904	-306.1255066273687
0.5912000000000001	-516.0852019450396
0.5920000000000001	-593.882755096819
0.5928	-529.0514612283755
0.5936	-331.1207113326783
0.5944	-50.54948570158369
0.5952000000000001	241.26972942107295
0.596	476.2249467586396
0.5968	593.2339450992974
0.5976	559.3341381796788
0.5984	386.8669632109243
0.5992000000000001	125.8230285226972
0.6	-169.12052512929927
0.6008	-423.1343016997862
0.6016	-572.6368375613118
0.6024	-580.916496652294
0.6032000000000001	-443.5991225956593
0.604	-197.7087960825272
0.6048	98.32828372624957
0.6056	370.30761872055484
0.6064	551.5231231898575
0.6072000000000001	594.9523685728603
0.608	496.2211415801621
0.6088	267.98338141477336
0.6096	-22.742308325931667
0.6104	-306.2817266593936
0.6112000000000001	-516.7100819145426
0.612	-593.882755096819
0.6128	-528.5828012573313
0.6136	-331.1207113326783
0.6144000000000001	-49.768385231950376
0.6152000000000001	241.4259496036638
0.616	475.91250622252244
0.6168	593.0777247839104
0.6176	559.9590193857701
0.6184000000000001	371.4011603179175
0.6192000000000001	125.6668083775852
0.62	-169.43296525583898
0.6208	-423.1343016997862
0.6216	-572.4806175778252
0.6224000000000001	-580.4478367055127
0.6232	-444.0677826104358
0.624	-198.02123619531406
0.6248	98.17206358960313
0.6256	370.6200591766576
0.6264000000000001	551.8355637863859
0.6272	594.639927940716
0.628	501.68885127740697
0.6288	270.7953448733133
0.6296	-22.42986812296394
0.6304000000000001	-306.1255066273687
0.6312	-516.2414219374539
0.632	-594.1951950573725
0.6328	-529.0514612283755
0.6336	-331.43315138621085
0.6344000000000001	-50.39326560774167
0.6352	241.58216978630736
0.636	475.91250622252244
0.6368	593.2339450992974
0.6376000000000001	558.7092569746118
0.6384000000000001	349.061668240907
0.6392	126.2916889583247
0.64	-169.58918531905172
0.6408	-422.82186168227736
0.6416000000000001	-572.6368375613118
0.6424000000000001	-580.4478367055127
0.6432	-443.9115626055386
0.644	-197.7087960825272
0.6448	98.48450386294363
0.6456000000000001	369.68273780903684
0.6464000000000001	552.4604449802076
0.6472	594.7961482567556
0.648	503.2510540619822
0.6488	271.5764458371083
0.6496000000000001	-22.742308325931667
0.6504	-305.81306656321937
0.6512	-516.7100819145426
0.652	-593.882755096819
0.6528	-529.0514612283755
0.6536000000000001	-331.43315138621085
0.6544	-50.705705795383395
0.6552	241.73838996900366
0.656	476.2249467586396
0.6568	593.3901654147496
0.6576000000000001	559.6465787825963
0.6584	374.525564897298
0.6592	125.8230285226972
0.66	-169.58918531905172
0.6608	-422.97808169104627
0.6616000000000001	-573.1054975116296
0.6624	-580.1353967408746
0.6632	-444.0677826104358
0.664	-197.7087960825272
0.6648000000000001	98.48450386294363
0.6656000000000001	370.15139849258935
0.6664	551.6793434880898
0.6672	594.7961482567556
0.668	501.2201904432431
0.6688000000000001	270.17046410324485
0.6696000000000001	-22.742308325931667
0.6704	-305.81306656321937
0.6712	-516.3976419298426
0.672	-593.7265351165075
0.6728000000000001	-529.5201211991924
0.6736000000000001	-331.2769313594607
0.6744	-50.86192588914079
0.6752	241.4259496036638
0.676	475.44384541880476
0.6768000000000001	593.0777247839104
0.6776	559.3341381796788
0.6784	373.2758030627908
0.6792	125.35436808750697
0.68	-169.58918531905172
0.6808000000000001	-423.1343016997862
0.6816	-572.7930575447748
0.6824	-580.4478367055127
0.6832	-444.0677826104358
0.684	-198.02123619531406
0.6848000000000001	98.32828372624957
0.6856	370.6200591766576
0.6864	551.366902891689
0.6872	594.4837076247419
0.6880000000000001	501.8450715555854
0.6888000000000001	271.7326660300286
0.6896	-23.05474852872619
0.6904	-305.6568465310948
0.6912	-516.3976419298426
0.6920000000000001	-594.1951950573725
0.6928000000000001	-528.8952412380527
0.6936	-330.9644913058635
0.6944	-50.705705795383395
0.6952	240.9572890560493
0.6960000000000001	475.91250622252244
0.6968000000000001	593.0777247839104
0.6976	559.6465787825963
0.6984	374.2131244383266
0.6992	125.6668083775852
0.7000000000000001	-169.43296525583898
0.7008	-422.97808169104627
0.7016	-573.1054975116296
0.7024	-580.1353967408746
0.7032	-444.0677826104358
0.7040000000000001	-197.55257602607816
0.7048	98.17206358960313
0.7056	370.93249963298956
0.7064	551.8355637863859
0.7072	594.4837076247419
0.7080000000000001	499.9704282215321
0.7088	270.6391246807156
0.7096	-23.21096863005851
0.7104	-305.81306656321937
0.7112	-516.3976419298426
0.7120000000000001	-593.882755096819
0.7128	-529.0514612283755
0.7136	-331.7455914396143
0.7144	-50.705705795383395
0.7152000000000001	241.4259496036638
0.7160000000000001	476.2249467586396
0.7168	592.7652841533322
0.7176	559.6465787825963
0.7184	371.7136007748228
0.7192000000000001	125.97924866785777
0.7200000000000001	-169.43296525583898
0.7208	-423.1343016997862
0.7216	-573.2617174950213
0.7224	-580.1353967408746
0.7232000000000001	-444.22400261530476
0.7240000000000001	-197.86501613893915
0.7248	98.32828372624957
0.7256	370.93249963298956
0.7264	551.8355637863859
0.7272000000000001	594.3274873088328
0.728	501.8450715555854
0.7288	270.95156506596476
0.7296	-23.05474852872619
0.7304	-305.81306656321937
0.7312000000000001	-516.3976419298426
0.732	-594.1951950573725
0.7328	-529.0514612283755
0.7336	-331.43315138621085
0.7344	-50.54948570158369
0.7352000000000001	241.58216978630736
0.736	475.60006568664966
0.7368	593.7026060458496
0.7376	559.3341381796788
0.7384000000000001	373.5882435210731
0.7392000000000001	126.13546881306692
0.74	-169.7454053822264
0.7408	-422.97808169104627
0.7416	-573.5741574617339
0.7424000000000001	-580.1353967408746
0.7432000000000001	-443.9115626055386
0.744	-198.02123619531406
0.7448	98.17206358960313
0.7456	370.4638389485776
0.7464000000000001	551.5231231898575
0.7472000000000001	594.3274873088328
0.748	501.8450715555854
0.7488	271.10778525867
0.7496	-23.05474852872619
0.7504000000000001	-305.3444064667461
0.7512000000000001	-516.3976419298426
0.752	-593.882755096819
0.7528	-528.4265812669325
0.7536	-331.2769313594607
0.7544000000000001	-50.86192588914079
0.7552	241.58216978630736
0.756	475.91250622252244
0.7568	593.2339450992974
0.7576	559.3341381796788
0.7584000000000001	373.1195828337358
0.7592	125.97924866785777
0.76	-169.27674519258818
0.7608	-422.6656416734793
0.7616	-572.949277528214
0.7624000000000001	-579.5105168113171
0.7632	-444.5364426249577
0.764	-197.86501613893915
0.7648	98.01584345300431
0.7656000000000001	370.6200591766576
0.7664000000000001	551.8355637863859
0.7672	594.7961482567556
0.768	501.2201904432431
0.7688	271.4202256442417
0.7696000000000001	-22.898528427350577
0.7704000000000001	-305.5006264989371
0.7712	-516.5538619222054
0.772	-593.5703151361733
0.7728	-529.2076812186731
0.7736000000000001	-331.5893714129287
0.7744000000000001	-50.86192588914079
0.7752	241.4259496036638
0.776	475.7562859545556
0.7768	593.3901654147496
0.7776000000000001	559.6465787825963
0.7784000000000001	351.24875132999495
0.7792	125.6668083775852
0.78	-169.58918531905172
0.7808	-423.29052170849707
0.7816000000000001	-573.5741574617339
0.7824	-580.2916167232054
0.7832	-444.0677826104358
0.784	-197.86501613893915
0.7848	98.17206358960313
0.7856000000000001	369.9951782646813
0.7864	551.6793434880898
0.7872	594.7961482567556
0.788	500.7515296096369
0.7888000000000001	271.264005451429
0.7896000000000001	-23.05474852872619
0.7904	-305.81306656321937
0.7912	-516.7100819145426
0.792	-593.4140951558161
0.7928000000000001	-529.0514612283755
0.7936000000000001	-331.7455914396143
0.7944	-51.17436607652867
0.7952	241.26972942107295
0.796	476.537387295001
0.7968000000000001	593.8588263614974
0.7976000000000001	559.9590193857701
0.7984	349.8427693428797
0.7992	126.2916889583247
0.8	-169.7454053822264
0.8008000000000001	-423.1343016997862
0.8016000000000001	-572.7930575447748
0.8024	-580.1353967408746
0.8032	-444.0677826104358
0.804	-197.86501613893915
0.8048000000000001	98.17206358960313
0.8056000000000001	370.30761872055484
0.8064	552.1480043831692
0.8072	594.9523685728603
0.808	493.56539689739304
0.8088000000000001	271.8888862230027
0.8096	-23.05474852872619
0.8104	-305.3444064667461
0.8112	-516.866301906854
0.812	-593.5703151361733
0.8128000000000001	-529.0514612283755
0.8136	-331.2769313594607
0.8144	-50.86192588914079
0.8152	241.26972942107295
0.8160000000000001	475.7562859545556
0.8168000000000001	593.2339450992974
0.8176	559.6465787825963
0.8184	353.4358344301801
0.8192	125.97924866785777
0.8200000000000001	-169.12052512929927
0.8208000000000001	-423.29052170849707
0.8216	-572.949277528214
0.8224	-580.2916167232054
0.8232	-444.5364426249577
0.8240000000000001	-197.86501613893915
0.8248000000000001	98.17206358960313
0.8256	370.30761872055484
0.8264	551.8355637863859
0.8272	594.4837076247419
0.8280000000000001	504.8132568527603
0.8288000000000001	271.10778525867
0.8296	-22.42986812296394
0.8304	-305.5006264989371
0.8312	-516.7100819145426
0.8320000000000001	-594.1951950573725
0.8328	-529.0514612283755
0.8336	-331.43315138621085
0.8344	-50.86192588914079
0.8352	241.26972942107295
0.8360000000000001	475.91250622252244
0.8368	593.3901654147496
0.8376	559.6465787825963
0.8384	349.68654912237207
0.8392000000000001	125.97924866785777
0.8400000000000001	-169.58918531905172
0.8408	-423.44674171717884
0.8416	-572.6368375613118
0.8424	-580.1353967408746
0.8432000000000001	-444.0677826104358
0.8440000000000001	-197.86501613893915
0.8448	98.01584345300431
0.8456	370.6200591766576
0.8464	551.366902891689
0.8472000000000001	594.3274873088328
0.8480000000000001	503.5634946196413
0.8488	271.4202256442417
0.8496	-22.58608822446946
0.8504	-305.3444064667461
0.8512000000000001	-516.5538619222054
0.8520000000000001	-594.0389750771072
0.8528	-529.2076812186731
0.8536	-331.43315138621085
0.8544	-51.018145982855884
0.8552000000000001	241.11350923853482
0.8560000000000001	475.91250622252244
0.8568	593.7026060458496
0.8576	559.1779178783161
0.8584	350.7800906671138
0.8592000000000001	125.6668083775852
0.86	-169.27674519258818
0.8608	-423.6029617258316
0.8616	-573.2617174950213
0.8624	-579.9791767585206
0.8632000000000001	-444.0677826104358
0.864	-197.7087960825272
0.8648	98.32828372624957
0.8656	370.6200591766576
0.8664000000000001	551.2106825935842
0.8672000000000001	594.639927940716
0.868	494.34649827282635
0.8688	271.5764458371083
0.8696	-23.21096863005851
0.8704000000000001	-305.5006264989371
0.8712000000000001	-516.7100819145426
0.872	-593.7265351165075
0.8728	-529.2076812186731
0.8736	-331.43315138621085
0.8744000000000001	-50.39326560774167
0.8752000000000001	241.58216978630736
0.876	475.91250622252244
0.8768	594.1712669929891
0.8776	559.8027990841513
0.8784000000000001	353.27961420836994
0.8792000000000001	125.97924866785777
0.88	-169.43296525583898
0.8808	-423.29052170849707
0.8816	-573.2617174950213
0.8824000000000001	-579.9791767585206
0.8832000000000001	-443.5991225956593
0.884	-197.86501613893915
0.8848	98.17206358960313
0.8856	370.6200591766576
0.8864000000000001	551.6793434880898
0.8872	594.639927940716
0.888	493.72161717235633
0.8888	271.10778525867
0.8896000000000001	-22.742308325931667
0.8904000000000001	-305.18818643452187
0.8912	-516.2414219374539
0.892	-593.882755096819
0.8928	-529.0514612283755
0.8936000000000001	-331.43315138621085
0.8944000000000001	-50.86192588914079
0.8952	241.26972942107295
0.896	475.28762515102096
0.8968	593.7026060458496
0.8976000000000001	559.4903584811055
0.8984000000000001	325.47241562407186
0.8992	125.6668083775852
0.9	-169.58918531905172
0.9008	-422.97808169104627
0.9016000000000001	-572.949277528214
0.9024000000000001	-579.9791767585206
0.9032	-443.9115626055386
0.904	-198.02123619531406
0.9048	98.17206358960313
0.9056000000000001	370.15139849258935
0.9064000000000001	551.8355637863859
0.9072	594.3274873088328
0.908	494.5027185480981
0.9088	271.8888862230027
0.9096000000000001	-23.05474852872619
0.9104000000000001	-305.3444064667461
0.9112	-516.2414219374539
0.912	-593.7265351165075
0.9128000000000001	-529.2076812186731
0.9136000000000001	-331.1207113326783
0.9144	-50.54948570158369
0.9152	241.26972942107295
0.916	475.91250622252244
0.9168000000000001	593.7026060458496
0.9176000000000001	559.6465787825963
0.9184	323.4415528756492
0.9192	125.6668083775852
0.92	-169.27674519258818
0.9208000000000001	-423.1343016997862
0.9216000000000001	-572.949277528214
0.9224	-579.8229567761429
0.9232	-444.22400261530476
0.924	-197.55257602607816
0.9248000000000001	98.17206358960313
0.9256000000000001	369.9951782646813
0.9264	551.8355637863859
0.9272	594.639927940716
0.928	495.9087010283219
0.9288000000000001	271.7326660300286
0.9296000000000001	-22.742308325931667
0.9304	-305.5006264989371
0.9312	-516.3976419298426
0.932	-593.882755096819
0.9328000000000001	-529.3639012089453
0.9336000000000001	-330.9644913058635
0.9344	-50.705705795383395
0.9352	241.26972942107295
0.936	476.0687264905506
0.9368000000000001	593.3901654147496
0.9376000000000001	559.3341381796788
0.9384	356.872679324357
0.9392	125.6668083775852
0.9400000000000001	-169.12052512929927
0.9408000000000001	-423.6029617258316
0.9416	-573.2617174950213
0.9424	-580.2916167232054
0.9432	-444.22400261530476
0.9440000000000001	-198.02123619531406
0.9448000000000001	98.17206358960313
0.9456	369.9951782646813
0.9464	551.2106825935842
0.9472	594.639927940716
0.9480000000000001	494.8151590988267
0.9488000000000001	270.95156506596476
0.9496	-22.58608822446946
0.9504	-305.6568465310948
0.9512	-516.3976419298426
0.9520000000000001	-593.7265351165075
0.9528000000000001	-529.3639012089453
0.9536	-331.2769313594607
0.9544	-50.54948570158369
0.9552	241.58216978630736
0.9560000000000001	475.60006568664966
0.9568000000000001	594.0150466772106
0.9576	559.3341381796788
0.9584	326.87839753233953
0.9592	125.6668083775852
0.9600000000000001	-170.05784550846153
0.9608000000000001	-423.75918173445535
0.9616	-572.7930575447748
0.9624	-580.1353967408746
0.9632000000000001	-444.0677826104358
0.9640000000000001	-198.1774562516519
0.9648	98.32828372624957
0.9656	370.30761872055484
0.9664	551.366902891689
0.9672000000000001	595.4210295215665
0.9680000000000001	496.06492130421105
0.9688	271.8888862230027
0.9696	-22.742308325931667
0.9704	-305.6568465310948
0.9712000000000001	-517.0225218991396
0.9720000000000001	-594.3514150376151
0.9728	-529.5201211991924
0.9736	-331.7455914396143
0.9744	-50.705705795383395
0.9752000000000001	241.26972942107295
0.9760000000000001	475.7562859545556
0.9768	593.8588263614974
0.9776	559.8027990841513
0.9784	332.3461049963456
0.9792000000000001	126.13546881306692
0.9800000000000001	-169.27674519258818
0.9808	-423.44674171717884
0.9816	-572.7930575447748
0.9824	-579.8229567761429
0.9832000000000001	-444.0677826104358
0.9840000000000001	-198.02123619531406
0.9848	98.01584345300431
0.9856	370.6200591766576
0.9864	551.6793434880898
0.9872000000000001	594.4837076247419
0.9880000000000001	497.47090378999434
0.9888	271.5764458371083
0.9896	-22.742308325931667
0.9904000000000001	-305.18818643452187
0.9912000000000001	-516.5538619222054
0.992	-593.5703151361733
0.9928	-529.5201211991924
0.9936	-331.1207113326783
0.9944000000000001	-50.705705795383395
0.9952000000000001	240.9572890560493
0.996	475.60006568664966
0.9968	593.8588263614974
0.9976	559.9590193857701
0.9984000000000001	329.3779209359682
0.9992000000000001	125.97924866785777
