0	505.792316961194
0.0008	285.9904418330377
0.0016	-4.422818594837606
0.0024000000000000002	-292.4926265068697
0.0032	-510.41954520242194
0.004	-601.8082371349948
0.0048000000000000004	-544.7879431510966
0.0056	-354.3557578279217
0.0064	-72.37856095270314
0.007200000000000001	225.37700899081437
0.008	468.14323125577715
0.0088	594.9941071857703
0.009600000000000001	572.8108229038115
0.010400000000000001	409.71685625436965
0.0112	145.23606468298297
0.012	-153.45678123951004
0.0128	-414.3442440818805
0.013600000000000001	-575.7195002793616
0.014400000000000001	-590.8728385315897
0.0152	-462.92866595650025
0.016	-220.00652648795938
0.016800000000000002	79.31116509163931
0.0176	358.63283993243425
0.0184	549.6902181354228
0.019200000000000002	603.5862246902458
0.02	505.47987640117526
0.020800000000000003	286.4591024276914
0.0216	-3.9541582743451524
0.0224	-292.6488465419734
0.023200000000000002	-510.5757651958961
0.024	-601.6520171557343
0.024800000000000003	-544.6317231631747
0.0256	-354.3557578279217
0.0264	-72.53478104084174
0.027200000000000002	225.53322916831897
0.028	468.6118920518175
0.028800000000000003	595.7752087689072
0.0296	572.967043211088
0.0304	409.873076497302
0.031200000000000002	145.54850498598347
0.032	-152.98812103732158
0.0328	-414.18802407135826
0.033600000000000005	-576.1881602286138
0.0344	-591.3414984740435
0.0352	-463.24110595972
0.036000000000000004	-219.8503064365738
0.0368	79.31116509163931
0.0376	358.63283993243425
0.038400000000000004	549.0653369449152
0.0392	603.4300043702134
0.04	506.10475752146095
0.0408	286.3028822294191
0.041600000000000005	-4.110378381219961
0.0424	-292.02396640135623
0.0432	-510.41954520242194
0.044000000000000004	-601.6520171557343
0.0448	-544.7879431510966
0.0456	-354.1995378057041
0.046400000000000004	-72.06612077630123
0.0472	224.9083484586134
0.048	468.29945152106313
0.0488	595.4627681354565
0.049600000000000005	572.967043211088
0.0504	409.873076497302
0.0512	145.23606468298297
0.052000000000000005	-153.14434110475645
0.0528	-414.50046409237336
0.0536	-576.3443802116507
0.054400000000000004	-591.8101584162898
0.055200000000000006	-462.92866595650025
0.056	-219.8503064365738
0.0568	78.68628456746458
0.057600000000000005	358.63283993243425
0.0584	549.2215572424466
0.0592	603.8986653305074
0.060000000000000005	506.26097780168783
0.0608	286.3028822294191
0.0616	-3.797938167426347
0.062400000000000004	-292.9612866120797
0.0632	-510.26332520892197
0.064	-601.8082371349948
0.0648	-544.7879431510966
0.0656	-354.3557578279217
0.0664	-72.22234086452298
0.06720000000000001	225.22078881336188
0.068	468.92433258281517
0.0688	595.3065478188291
0.06960000000000001	572.967043211088
0.0704	409.873076497302
0.0712	145.54850498598347
0.07200000000000001	-153.45678123951004
0.0728	-414.0318040608066
0.0736	-576.500600194664
0.07440000000000001	-591.4977184548154
0.0752	-463.3973259612884
0.076	-220.00652648795938
0.07680000000000001	78.99872482945804
0.0776	358.945280380542
0.0784	549.3777775400416
0.0792	603.1175637303455
0.08	506.10475752146095
0.08080000000000001	285.9904418330377
0.0816	-4.110378381219961
0.0824	-292.02396640135623
0.08320000000000001	-510.7319851893443
0.084	-601.9644571142326
0.0848	-544.7879431510966
0.08560000000000001	-354.3557578279217
0.0864	-72.53478104084174
0.0872	225.0645686359616
0.08800000000000001	469.0805528484054
0.0888	594.9941071857703
0.0896	572.3421619823691
0.09040000000000001	409.71685625436965
0.0912	145.23606468298297
0.092	-152.98812103732158
0.09280000000000001	-414.18802407135826
0.0936	-576.1881602286138
0.0944	-591.6539384355642
0.0952	-463.5535459628292
0.096	-220.00652648795938
0.09680000000000001	79.1549449605252
0.0976	358.32039948455423
0.0984	548.9091166474476
0.09920000000000001	603.2737840502466
0.1	505.792316961194
0.1008	286.1466620312013
0.10160000000000001	-4.266598488050777
0.1024	-292.4926265068697
0.1032	-510.10710521539585
0.10400000000000001	-601.8082371349948
0.1048	-544.7879431510966
0.1056	-353.57465771651835
0.10640000000000001	-73.31588148091154
0.1072	225.22078881336188
0.108	469.23677311405623
0.10880000000000001	595.3065478188291
0.1096	572.8108229038115
0.11040000000000001	410.18551698334295
0.11120000000000001	146.4858258961687
0.112	-153.14434110475645
0.11280000000000001	-414.3442440818805
0.1136	-576.0319402455533
0.1144	-591.1852784932487
0.11520000000000001	-463.5535459628292
0.116	-219.8503064365738
0.1168	78.99872482945804
0.11760000000000001	358.32039948455423
0.1184	549.0653369449152
0.1192	603.2737840502466
0.12000000000000001	506.10475752146095
0.1208	286.1466620312013
0.1216	-4.422818594837606
0.12240000000000001	-292.3364064717323
0.1232	-510.7319851893443
0.124	-601.9644571142326
0.12480000000000001	-544.7879431510966
0.12560000000000002	-353.7308777388621
0.1264	-72.53478104084174
0.1272	225.22078881336188
0.128	469.0805528484054
0.1288	595.150327502267
0.1296	572.6546025965995
0.13040000000000002	410.0292967402931
0.1312	145.54850498598347
0.132	-153.30056117215256
0.1328	-414.3442440818805
0.1336	-576.1881602286138
0.13440000000000002	-591.8101584162898
0.13520000000000001	-463.24110595972
0.136	-220.16274653930864
0.1368	79.1549449605252
0.1376	358.63283993243425
0.1384	549.2215572424466
0.13920000000000002	602.96134341051
0.14	506.26097780168783
0.1408	286.1466620312013
0.1416	-4.110378381219961
0.1424	-292.80506657704336
0.1432	-510.5757651958961
0.14400000000000002	-602.1206770934477
0.1448	-544.6317231631747
0.1456	-353.7308777388621
0.1464	-72.6910011289388
0.1472	225.0645686359616
0.14800000000000002	469.23677311405623
0.14880000000000002	595.150327502267
0.1496	572.3421619823691
0.1504	410.0292967402931
0.1512	145.39228483445854
0.152	-153.14434110475645
0.15280000000000002	-414.0318040608066
0.15360000000000001	-575.7195002793616
0.1544	-591.1852784932487
0.1552	-463.3973259612884
0.156	-220.00652648795938
0.1568	78.99872482945804
0.15760000000000002	358.945280380542
0.1584	549.846438433209
0.1592	603.4300043702134
0.16	506.573418362328
0.1608	286.7715428243988
0.16160000000000002	-4.422818594837606
0.16240000000000002	-292.3364064717323
0.1632	-510.26332520892197
0.164	-602.1206770934477
0.1648	-544.6317231631747
0.1656	-354.3557578279217
0.16640000000000002	-73.00344130500825
0.16720000000000002	224.9083484586134
0.168	469.0805528484054
0.1688	595.150327502267
0.1696	572.8108229038115
0.1704	410.18551698334295
0.17120000000000002	145.23606468298297
0.17200000000000001	-153.30056117215256
0.1728	-414.0318040608066
0.1736	-576.3443802116507
0.1744	-591.1852784932487
0.1752	-463.084885958124
0.17600000000000002	-220.00652648795938
0.1768	79.1549449605252
0.1776	358.16417926069954
0.1784	549.3777775400416
0.1792	602.96134341051
0.18000000000000002	506.10475752146095
0.18080000000000002	286.7715428243988
0.1816	-3.797938167426347
0.1824	-292.18018643656114
0.1832	-510.26332520892197
0.184	-602.2768970726402
0.18480000000000002	-544.7879431510966
0.18560000000000001	-354.04331778345494
0.1864	-72.84722121699428
0.1872	224.9083484586134
0.188	469.39299337976803
0.1888	594.3692259204369
0.18960000000000002	572.0297213683968
0.1904	410.18551698334295
0.1912	145.23606468298297
0.192	-153.45678123951004
0.1928	-413.7193640396151
0.19360000000000002	-576.6568201776536
0.19440000000000002	-591.1852784932487
0.1952	-463.5535459628292
0.196	-219.8503064365738
0.1968	79.1549449605252
0.1976	358.32039948455423
0.19840000000000002	550.0026587310589
0.19920000000000002	602.8051230907402
0.2	506.10475752146095
0.2008	286.4591024276914
0.2016	-3.797938167426347
0.2024	-292.18018643656114
0.20320000000000002	-510.41954520242194
0.20400000000000001	-602.5893370309569
0.2048	-544.4755031752283
0.2056	-354.04331778345494
0.2064	-72.53478104084174
0.20720000000000002	224.59590810407354
0.20800000000000002	469.39299337976803
0.2088	594.9941071857703
0.2096	572.3421619823691
0.2104	410.18551698334295
0.2112	145.54850498598347
0.21200000000000002	-153.45678123951004
0.21280000000000002	-413.7193640396151
0.2136	-576.3443802116507
0.2144	-591.6539384355642
0.2152	-463.70976596434235
0.216	-220.16274653930864
0.21680000000000002	78.84250469843784
0.21760000000000002	358.32039948455423
0.2184	549.3777775400416
0.2192	603.2737840502466
0.22	505.9485372412964
0.22080000000000002	285.9904418330377
0.22160000000000002	-4.422818594837606
0.22240000000000001	-292.4926265068697
0.2232	-510.26332520892197
0.224	-602.2768970726402
0.2248	-544.7879431510966
0.22560000000000002	-354.3557578279217
0.22640000000000002	-72.6910011289388
0.2272	224.9083484586134
0.228	469.23677311405623
0.2288	594.9941071857703
0.2296	572.3421619823691
0.23040000000000002	409.560636011496
0.23120000000000002	145.23606468298297
0.232	-153.45678123951004
0.2328	-414.0318040608066
0.2336	-576.1881602286138
0.23440000000000003	-591.3414984740435
0.23520000000000002	-463.70976596434235
0.23600000000000002	-219.8503064365738
0.2368	78.99872482945804
0.2376	358.47661970846576
0.2384	549.3777775400416
0.23920000000000002	603.4300043702134
0.24000000000000002	506.10475752146095
0.24080000000000001	286.1466620312013
0.2416	-4.266598488050777
0.2424	-292.4926265068697
0.2432	-510.26332520892197
0.24400000000000002	-601.8082371349948
0.24480000000000002	-544.319283187257
0.2456	-353.8870977611743
0.2464	-72.53478104084174
0.2472	225.53322916831897
0.248	469.39299337976803
0.24880000000000002	595.150327502267
0.24960000000000002	572.3421619823691
0.2504	409.873076497302
0.25120000000000003	145.70472513755766
0.252	-152.83190096984805
0.2528	-413.7193640396151
0.2536	-576.3443802116507
0.2544	-591.4977184548154
0.25520000000000004	-464.178425968716
0.256	-220.00652648795938
0.25680000000000003	78.99872482945804
0.2576	358.32039948455423
0.2584	549.0653369449152
0.2592	603.2737840502466
0.26	505.792316961194
0.26080000000000003	286.1466620312013
0.2616	-4.422818594837606
0.2624	-292.02396640135623
0.2632	-510.41954520242194
0.264	-602.7455570100814
0.26480000000000004	-544.319283187257
0.2656	-353.8870977611743
0.2664	-72.6910011289388
0.2672	225.22078881336188
0.268	468.92433258281517
0.26880000000000004	594.681666552973
0.2696	572.3421619823691
0.27040000000000003	410.18551698334295
0.2712	145.23606468298297
0.272	-153.30056117215256
0.2728	-414.0318040608066
0.2736	-576.1881602286138
0.27440000000000003	-591.4977184548154
0.2752	-462.92866595650025
0.276	-220.4751866418983
0.2768	78.53006443653824
0.2776	358.32039948455423
0.27840000000000004	549.0653369449152
0.2792	603.5862246902458
0.28	506.26097780168783
0.2808	286.7715428243988
0.2816	-4.110378381219961
0.28240000000000004	-292.3364064717323
0.2832	-510.10710521539585
0.28400000000000003	-602.1206770934477
0.2848	-544.319283187257
0.2856	-354.04331778345494
0.2864	-72.06612077630123
0.2872	225.37700899081437
0.28800000000000003	469.54921364554065
0.2888	595.150327502267
0.2896	572.3421619823691
0.2904	410.18551698334295
0.2912	145.86094528918122
0.29200000000000004	-153.6130013068288
0.2928	-413.7193640396151
0.2936	-576.1881602286138
0.2944	-591.6539384355642
0.2952	-463.3973259612884
0.29600000000000004	-220.3189665906216
0.2968	79.31116509163931
0.29760000000000003	358.63283993243425
0.2984	549.5339978377003
0.2992	603.4300043702134
0.3	506.4171980819768
0.3008	285.9904418330377
0.30160000000000003	-4.266598488050777
0.3024	-292.4926265068697
0.3032	-510.26332520892197
0.304	-602.2768970726402
0.3048	-544.163063199261
0.30560000000000004	-354.04331778345494
0.3064	-72.37856095270314
0.30720000000000003	224.9083484586134
0.308	468.92433258281517
0.3088	594.681666552973
0.30960000000000004	572.1859416753508
0.3104	410.18551698334295
0.31120000000000003	145.54850498598347
0.312	-153.45678123951004
0.3128	-413.7193640396151
0.3136	-576.9692601435621
0.3144	-591.8101584162898
0.31520000000000004	-463.8659859658278
0.316	-220.3189665906216
0.3168	79.1549449605252
0.3176	358.32039948455423
0.3184	549.0653369449152
0.31920000000000004	603.7424450103437
0.32	507.04207920375455
0.32080000000000003	286.1466620312013
0.3216	-4.422818594837606
0.3224	-292.4926265068697
0.32320000000000004	-510.88820518276634
0.324	-601.8082371349948
0.32480000000000003	-544.4755031752283
0.3256	-354.3557578279217
0.3264	-72.6910011289388
0.3272	224.9083484586134
0.328	469.39299337976803
0.32880000000000004	594.681666552973
0.3296	572.3421619823691
0.3304	409.873076497302
0.3312	145.07984453155672
0.332	-153.14434110475645
0.33280000000000004	-414.18802407135826
0.3336	-576.3443802116507
0.33440000000000003	-591.6539384355642
0.3352	-463.70976596434235
0.336	-219.8503064365738
0.33680000000000004	78.99872482945804
0.3376	357.85173881316075
0.33840000000000003	549.2215572424466
0.3392	604.367326291392
0.34	506.4171980819768
0.3408	286.1466620312013
0.3416	-4.110378381219961
0.34240000000000004	-293.1175066470822
0.3432	-510.7319851893443
0.34400000000000003	-602.2768970726402
0.3448	-544.319283187257
0.3456	-354.3557578279217
0.34640000000000004	-72.53478104084174
0.3472	224.75212828131745
0.34800000000000003	469.39299337976803
0.3488	594.5254462366723
0.3496	572.3421619823691
0.3504	410.3417372264515
0.3512	145.54850498598347
0.35200000000000004	-153.45678123951004
0.3528	-414.3442440818805
0.3536	-576.500600194664
0.3544	-591.8101584162898
0.3552	-463.8659859658278
0.35600000000000004	-220.00652648795938
0.3568	79.31116509163931
0.35760000000000003	358.16417926069954
0.3584	549.3777775400416
0.3592	603.7424450103437
0.36000000000000004	506.72963864274135
0.3608	285.9904418330377
0.36160000000000003	-3.9541582743451524
0.3624	-292.18018643656114
0.3632	-510.5757651958961
0.364	-601.8082371349948
0.3648	-544.319283187257
0.36560000000000004	-354.1995378057041
0.3664	-72.6910011289388
0.3672	225.37700899081437
0.368	469.39299337976803
0.3688	594.2130056042668
0.36960000000000004	572.6546025965995
0.3704	410.0292967402931
0.37120000000000003	146.0171654408541
0.372	-153.14434110475645
0.3728	-413.5631440289752
0.37360000000000004	-576.1881602286138
0.3744	-591.8101584162898
0.37520000000000003	-463.70976596434235
0.376	-220.16274653930864
0.3768	78.68628456746458
0.3776	358.47661970846576
0.3784	548.9091166474476
0.37920000000000004	603.7424450103437
0.38	505.9485372412964
0.3808	286.1466620312013
0.3816	-4.110378381219961
0.3824	-292.18018643656114
0.38320000000000004	-510.5757651958961
0.384	-601.8082371349948
0.38480000000000003	-544.319283187257
0.3856	-353.57465771651835
0.3864	-72.37856095270314
0.38720000000000004	225.0645686359616
0.388	469.0805528484054
0.38880000000000003	595.150327502267
0.3896	572.967043211088
0.3904	410.4979574696188
0.3912	145.54850498598347
0.392	-153.45678123951004
0.39280000000000004	-413.7193640396151
0.3936	-576.500600194664
0.39440000000000003	-591.8101584162898
0.3952	-463.70976596434235
0.396	-220.3189665906216
0.39680000000000004	78.53006443653824
0.3976	358.63283993243425
0.39840000000000003	549.0653369449152
0.3992	604.0548856507365
0.4	505.792316961194
0.40080000000000005	286.1466620312013
0.4016	-3.9541582743451524
0.40240000000000004	-292.4926265068697
0.4032	-509.95088522184375
0.404	-601.4957971764509
0.4048	-544.6317231631747
0.4056	-353.7308777388621
0.40640000000000004	-72.53478104084174
0.4072	225.22078881336188
0.40800000000000003	468.92433258281517
0.4088	594.3692259204369
0.4096	572.6546025965995
0.41040000000000004	409.71685625436965
0.4112	145.54850498598347
0.41200000000000003	-153.76922137410895
0.4128	-414.18802407135826
0.4136	-576.8130401606196
0.41440000000000005	-591.8101584162898
0.4152	-464.3346459701187
0.41600000000000004	-220.00652648795938
0.4168	78.99872482945804
0.4176	358.63283993243425
0.4184	549.2215572424466
0.4192	603.7424450103437
0.42000000000000004	506.10475752146095
0.4208	286.4591024276914
0.42160000000000003	-3.9541582743451524
0.4224	-291.86774636611756
0.4232	-510.88820518276634
0.42400000000000004	-601.8082371349948
0.4248	-544.9441631389935
0.42560000000000003	-354.3557578279217
0.4264	-72.6910011289388
0.4272	224.9083484586134
0.42800000000000005	468.92433258281517
0.4288	594.8378868693391
0.42960000000000004	572.1859416753508
0.4304	409.873076497302
0.4312	145.54850498598347
0.432	-153.76922137410895
0.4328	-414.0318040608066
0.43360000000000004	-576.500600194664
0.4344	-591.4977184548154
0.43520000000000003	-464.3346459701187
0.436	-220.3189665906216
0.4368	78.68628456746458
0.43760000000000004	358.47661970846576
0.4384	549.0653369449152
0.43920000000000003	604.0548856507365
0.44	505.9485372412964
0.4408	285.9904418330377
0.44160000000000005	-3.797938167426347
0.4424	-292.4926265068697
0.44320000000000004	-511.0444251761627
0.444	-602.1206770934477
0.44480000000000003	-544.4755031752283
0.4456	-354.3557578279217
0.4464	-72.84722121699428
0.44720000000000004	225.84566952348476
0.448	468.92433258281517
0.44880000000000003	594.8378868693391
0.4496	572.3421619823691
0.4504	410.18551698334295
0.45120000000000005	145.23606468298297
0.452	-153.14434110475645
0.45280000000000004	-413.8755840502256
0.4536	-575.8757202624693
0.4544	-591.6539384355642
0.45520000000000005	-463.70976596434235
0.456	-219.8503064365738
0.45680000000000004	78.99872482945804
0.4576	358.47661970846576
0.45840000000000003	549.5339978377003
0.4592	603.8986653305074
0.46	505.792316961194
0.46080000000000004	286.3028822294191
0.4616	-3.485497953456721
0.46240000000000003	-291.86774636611756
0.4632	-510.5757651958961
0.464	-601.8082371349948
0.46480000000000005	-544.4755031752283
0.4656	-354.3557578279217
0.46640000000000004	-73.00344130500825
0.4672	225.22078881336188
0.468	468.6118920518175
0.46880000000000005	595.150327502267
0.4696	572.3421619823691
0.47040000000000004	410.18551698334295
0.4712	145.70472513755766
0.47200000000000003	-153.45678123951004
0.4728	-413.7193640396151
0.4736	-576.3443802116507
0.47440000000000004	-591.8101584162898
0.4752	-464.178425968716
0.47600000000000003	-219.6940863851519
0.4768	79.46738522280042
0.4776	358.47661970846576
0.47840000000000005	549.6902181354228
0.4792	603.8986653305074
0.48000000000000004	505.9485372412964
0.4808	286.1466620312013
0.48160000000000003	-3.9541582743451524
0.4824	-292.9612866120797
0.4832	-510.5757651958961
0.48400000000000004	-602.1206770934477
0.4848	-544.6317231631747
0.48560000000000003	-354.3557578279217
0.4864	-72.84722121699428
0.4872	224.9083484586134
0.48800000000000004	468.4556717864099
0.4888	594.3692259204369
0.48960000000000004	572.0297213683968
0.4904	410.18551698334295
0.4912	145.23606468298297
0.49200000000000005	-153.45678123951004
0.4928	-414.18802407135826
0.49360000000000004	-576.6568201776536
0.4944	-591.9663783969925
0.49520000000000003	-463.8659859658278
0.496	-219.6940863851519
0.4968	78.68628456746458
0.49760000000000004	358.63283993243425
0.4984	549.846438433209
0.49920000000000003	603.7424450103437
0.5	506.10475752146095
0.5008	285.9904418330377
0.5016	-3.641718060463539
0.5024000000000001	-292.4926265068697
0.5032	-510.7319851893443
0.504	-601.8082371349948
0.5048	-543.6944032351245
0.5056	-353.8870977611743
0.5064000000000001	-72.6910011289388
0.5072	225.37700899081437
0.508	468.92433258281517
0.5088	595.3065478188291
0.5096	572.6546025965995
0.5104000000000001	410.18551698334295
0.5112	145.54850498598347
0.512	-153.14434110475645
0.5128	-413.2507040076073
0.5136000000000001	-576.500600194664
0.5144000000000001	-592.4350383389618
0.5152	-464.02220596728574
0.516	-220.3189665906216
0.5168	78.99872482945804
0.5176000000000001	358.63283993243425
0.5184	549.5339978377003
0.5192	603.7424450103437
0.52	505.792316961194
0.5208	285.9904418330377
0.5216000000000001	-3.9541582743451524
0.5224	-292.6488465419734
0.5232	-510.5757651958961
0.524	-601.4957971764509
0.5248	-544.9441631389935
0.5256000000000001	-354.04331778345494
0.5264	-72.6910011289388
0.5272	224.9083484586134
0.528	468.76811231728595
0.5288	594.8378868693391
0.5296000000000001	572.967043211088
0.5304	410.3417372264515
0.5312	145.39228483445854
0.532	-153.76922137410895
0.5328	-413.4069240183059
0.5336000000000001	-576.1881602286138
0.5344	-591.9663783969925
0.5352	-463.8659859658278
0.536	-220.00652648795938
0.5368	78.53006443653824
0.5376000000000001	358.16417926069954
0.5384	549.6902181354228
0.5392	603.8986653305074
0.54	505.792316961194
0.5408000000000001	286.4591024276914
0.5416000000000001	-3.797938167426347
0.5424	-292.3364064717323
0.5432	-510.5757651958961
0.544	-601.1833572178163
0.5448000000000001	-544.4755031752283
0.5456	-354.3557578279217
0.5464	-72.37856095270314
0.5472	225.0645686359616
0.548	469.54921364554065
0.5488000000000001	594.9941071857703
0.5496	572.1859416753508
0.5504	410.18551698334295
0.5512	145.23606468298297
0.552	-152.83190096984805
0.5528000000000001	-413.7193640396151
0.5536	-576.8130401606196
0.5544	-591.6539384355642
0.5552	-463.8659859658278
0.556	-220.00652648795938
0.5568000000000001	78.68628456746458
0.5576	358.32039948455423
0.5584	549.5339978377003
0.5592	603.5862246902458
0.56	505.9485372412964
0.5608000000000001	285.8342216349285
0.5616	-4.110378381219961
0.5624	-292.4926265068697
0.5632	-510.5757651958961
0.5640000000000001	-601.8082371349948
0.5648000000000001	-544.319283187257
0.5656	-354.1995378057041
0.5664	-72.53478104084174
0.5672	224.9083484586134
0.5680000000000001	469.39299337976803
0.5688	594.5254462366723
0.5696	572.3421619823691
0.5704	410.3417372264515
0.5712	145.54850498598347
0.5720000000000001	-152.98812103732158
0.5728	-414.0318040608066
0.5736	-576.9692601435621
0.5744	-591.8101584162898
0.5752	-464.3346459701187
0.5760000000000001	-220.3189665906216
0.5768	78.37384430565885
0.5776	358.47661970846576
0.5784	549.3777775400416
0.5792	603.8986653305074
0.5800000000000001	505.792316961194
0.5808	286.3028822294191
0.5816	-3.797938167426347
0.5824	-292.6488465419734
0.5832	-510.10710521539585
0.5840000000000001	-601.4957971764509
0.5848	-544.7879431510966
0.5856	-354.6681978722623
0.5864	-72.84722121699428
0.5872	225.0645686359616
0.5880000000000001	468.6118920518175
0.5888	594.681666552973
0.5896	572.6546025965995
0.5904	410.65417771284496
0.5912000000000001	145.23606468298297
0.5920000000000001	-153.30056117215256
0.5928	-413.7193640396151
0.5936	-576.6568201776536
0.5944	-591.9663783969925
0.5952000000000001	-464.178425968716
0.596	-220.16274653930864
0.5968	78.84250469843784
0.5976	358.32039948455423
0.5984	549.2215572424466
0.5992000000000001	603.5862246902458
0.6	505.16743584140534
0.6008	286.3028822294191
0.6016	-4.422818594837606
0.6024	-292.18018643656114
0.6032000000000001	-510.26332520892197
0.604	-601.8082371349948
0.6048	-544.7879431510966
0.6056	-354.3557578279217
0.6064	-73.00344130500825
0.6072000000000001	224.75212828131745
0.608	468.6118920518175
0.6088	594.3692259204369
0.6096	572.3421619823691
0.6104	410.18551698334295
0.6112000000000001	145.70472513755766
0.612	-153.30056117215256
0.6128	-413.7193640396151
0.6136	-576.3443802116507
0.6144000000000001	-591.3414984740435
0.6152000000000001	-463.084885958124
0.616	-220.00652648795938
0.6168	78.68628456746458
0.6176	358.47661970846576
0.6184000000000001	549.6902181354228
0.6192000000000001	603.4300043702134
0.62	505.792316961194
0.6208	286.1466620312013
0.6216	-3.9541582743451524
0.6224000000000001	-292.80506657704336
0.6232	-510.26332520892197
0.624	-601.4957971764509
0.6248	-544.4755031752283
0.6256	-354.1995378057041
0.6264000000000001	-73.15966139298065
0.6272	224.9083484586134
0.628	469.23677311405623
0.6288	594.056785288162
0.6296	572.6546025965995
0.6304000000000001	410.3417372264515
0.6312	145.70472513755766
0.632	-153.14434110475645
0.6328	-413.7193640396151
0.6336	-576.3443802116507
0.6344000000000001	-591.8101584162898
0.6352	-463.70976596434235
0.636	-220.16274653930864
0.6368	78.99872482945804
0.6376000000000001	359.1015006046812
0.6384000000000001	550.3150993269497
0.6392	603.2737840502466
0.64	505.792316961194
0.6408	285.9904418330377
0.6416000000000001	-3.9541582743451524
0.6424000000000001	-292.18018643656114
0.6432	-510.7319851893443
0.644	-601.3395771971449
0.6448	-544.4755031752283
0.6456000000000001	-354.04331778345494
0.6464000000000001	-72.84722121699428
0.6472	225.37700899081437
0.648	469.23677311405623
0.6488	594.8378868693391
0.6496000000000001	572.6546025965995
0.6504	410.65417771284496
0.6512	145.39228483445854
0.652	-153.45678123951004
0.6528	-413.7193640396151
0.6536000000000001	-576.500600194664
0.6544	-592.5912583195721
0.6552	-463.3973259612884
0.656	-220.3189665906216
0.6568	78.99872482945804
0.6576000000000001	358.32039948455423
0.6584	549.846438433209
0.6592	603.4300043702134
0.66	505.792316961194
0.6608	286.1466620312013
0.6616000000000001	-4.110378381219961
0.6624	-292.9612866120797
0.6632	-510.5757651958961
0.664	-601.9644571142326
0.6648000000000001	-544.4755031752283
0.6656000000000001	-354.51197785010777
0.6664	-72.6910011289388
0.6672	225.0645686359616
0.668	469.39299337976803
0.6688000000000001	594.8378868693391
0.6696000000000001	572.3421619823691
0.6704	410.4979574696188
0.6712	145.54850498598347
0.672	-153.45678123951004
0.6728000000000001	-413.5631440289752
0.6736000000000001	-576.500600194664
0.6744	-592.2788183583284
0.6752	-463.8659859658278
0.676	-220.00652648795938
0.6768000000000001	78.68628456746458
0.6776	358.32039948455423
0.6784	549.846438433209
0.6792	603.5862246902458
0.68	505.792316961194
0.6808000000000001	285.9904418330377
0.6816	-3.9541582743451524
0.6824	-292.6488465419734
0.6832	-510.5757651958961
0.684	-601.4957971764509
0.6848000000000001	-544.6317231631747
0.6856	-354.04331778345494
0.6864	-72.84722121699428
0.6872	224.4396879268818
0.6880000000000001	468.6118920518175
0.6888000000000001	594.5254462366723
0.6896	572.967043211088
0.6904	410.4979574696188
0.6912	145.54850498598347
0.6920000000000001	-152.98812103732158
0.6928000000000001	-414.3442440818805
0.6936	-576.3443802116507
0.6944	-592.1225983776718
0.6952	-463.3973259612884
0.6960000000000001	-220.4751866418983
0.6968000000000001	78.68628456746458
0.6976	358.47661970846576
0.6984	549.3777775400416
0.6992	603.1175637303455
0.7000000000000001	505.47987640117526
0.7008	286.1466620312013
0.7016	-3.797938167426347
0.7024	-292.4926265068697
0.7032	-510.41954520242194
0.7040000000000001	-602.43311705181
0.7048	-544.0068432112404
0.7056	-354.1995378057041
0.7064	-72.84722121699428
0.7072	224.9083484586134
0.7080000000000001	468.92433258281517
0.7088	594.3692259204369
0.7096	572.8108229038115
0.7104	410.4979574696188
0.7112	145.39228483445854
0.7120000000000001	-153.45678123951004
0.7128	-413.5631440289752
0.7136	-576.9692601435621
0.7144	-592.7474783001595
0.7152000000000001	-463.24110595972
0.7160000000000001	-220.3189665906216
0.7168	78.53006443653824
0.7176	358.32039948455423
0.7184	549.2215572424466
0.7192000000000001	603.2737840502466
0.7200000000000001	505.9485372412964
0.7208	286.1466620312013
0.7216	-3.9541582743451524
0.7224	-292.3364064717323
0.7232000000000001	-509.95088522184375
0.7240000000000001	-601.6520171557343
0.7248	-544.319283187257
0.7256	-354.3557578279217
0.7264	-72.37856095270314
0.7272000000000001	224.59590810407354
0.728	468.76811231728595
0.7288	595.150327502267
0.7296	572.967043211088
0.7304	410.4979574696188
0.7312000000000001	145.23606468298297
0.732	-152.98812103732158
0.7328	-413.8755840502256
0.7336	-576.1881602286138
0.7344	-592.1225983776718
0.7352000000000001	-463.70976596434235
0.736	-219.8503064365738
0.7368	78.99872482945804
0.7376	358.47661970846576
0.7384000000000001	549.6902181354228
0.7392000000000001	603.2737840502466
0.74	506.26097780168783
0.7408	286.4591024276914
0.7416	-4.110378381219961
0.7424000000000001	-292.18018643656114
0.7432000000000001	-510.26332520892197
0.744	-601.4957971764509
0.7448	-544.319283187257
0.7456	-354.1995378057041
0.7464000000000001	-72.6910011289388
0.7472000000000001	224.59590810407354
0.748	468.92433258281517
0.7488	594.681666552973
0.7496	572.6546025965995
0.7504000000000001	410.18551698334295
0.7512000000000001	145.39228483445854
0.752	-152.36324076719526
0.7528	-413.7193640396151
0.7536	-577.1254801264809
0.7544000000000001	-591.8101584162898
0.7552	-463.3973259612884
0.756	-220.00652648795938
0.7568	78.53006443653824
0.7576	358.7890601564597
0.7584000000000001	550.0026587310589
0.7592	603.7424450103437
0.76	505.792316961194
0.7608	286.1466620312013
0.7616	-4.110378381219961
0.7624000000000001	-292.3364064717323
0.7632	-510.26332520892197
0.764	-601.1833572178163
0.7648	-544.4755031752283
0.7656000000000001	-354.6681978722623
0.7664000000000001	-72.84722121699428
0.7672	224.9083484586134
0.768	468.29945152106313
0.7688	594.681666552973
0.7696000000000001	572.967043211088
0.7704000000000001	410.3417372264515
0.7712	145.39228483445854
0.772	-153.45678123951004
0.7728	-413.8755840502256
0.7736000000000001	-576.8130401606196
0.7744000000000001	-591.8101584162898
0.7752	-463.24110595972
0.776	-220.16274653930864
0.7768	78.99872482945804
0.7776000000000001	358.63283993243425
0.7784000000000001	549.6902181354228
0.7792	603.1175637303455
0.78	506.10475752146095
0.7808	286.1466620312013
0.7816000000000001	-4.110378381219961
0.7824	-292.80506657704336
0.7832	-510.26332520892197
0.784	-601.4957971764509
0.7848	-544.4755031752283
0.7856000000000001	-354.04331778345494
0.7864	-72.84722121699428
0.7872	224.75212828131745
0.788	468.6118920518175
0.7888000000000001	594.3692259204369
0.7896000000000001	572.967043211088
0.7904	410.18551698334295
0.7912	145.07984453155672
0.792	-152.51946083478492
0.7928000000000001	-414.0318040608066
0.7936000000000001	-577.1254801264809
0.7944	-592.1225983776718
0.7952	-463.084885958124
0.796	-219.8503064365738
0.7968000000000001	78.37384430565885
0.7976000000000001	358.32039948455423
0.7984	548.7528963500436
0.7992	602.96134341051
0.8	504.8549952818837
0.8008000000000001	285.67800143687356
0.8016000000000001	-3.797938167426347
0.8024	-292.6488465419734
0.8032	-510.10710521539585
0.804	-601.4957971764509
0.8048000000000001	-544.6317231631747
0.8056000000000001	-354.3557578279217
0.8064	-73.00344130500825
0.8072	224.4396879268818
0.808	468.92433258281517
0.8088000000000001	594.3692259204369
0.8096	572.3421619823691
0.8104	410.18551698334295
0.8112	145.39228483445854
0.812	-153.45678123951004
0.8128000000000001	-414.0318040608066
0.8136	-576.500600194664
0.8144	-591.8101584162898
0.8152	-463.8659859658278
0.8160000000000001	-220.3189665906216
0.8168000000000001	78.84250469843784
0.8176	358.32039948455423
0.8184	549.3777775400416
0.8192	603.2737840502466
0.8200000000000001	505.32365612125926
0.8208000000000001	286.1466620312013
0.8216	-3.485497953456721
0.8224	-292.4926265068697
0.8232	-510.41954520242194
0.8240000000000001	-601.9644571142326
0.8248000000000001	-544.9441631389935
0.8256	-354.6681978722623
0.8264	-72.6910011289388
0.8272	225.37700899081437
0.8280000000000001	468.92433258281517
0.8288000000000001	594.9941071857703
0.8296	572.967043211088
0.8304	410.65417771284496
0.8312	145.54850498598347
0.8320000000000001	-153.45678123951004
0.8328	-413.7193640396151
0.8336	-577.1254801264809
0.8344	-591.4977184548154
0.8352	-463.24110595972
0.8360000000000001	-220.3189665906216
0.8368	78.53006443653824
0.8376	358.7890601564597
0.8384	549.2215572424466
0.8392000000000001	603.2737840502466
0.8400000000000001	506.26097780168783
0.8408	286.4591024276914
0.8416	-3.797938167426347
0.8424	-291.86774636611756
0.8432000000000001	-510.5757651958961
0.8440000000000001	-601.6520171557343
0.8448	-544.4755031752283
0.8456	-354.3557578279217
0.8464	-73.00344130500825
0.8472000000000001	224.9083484586134
0.8480000000000001	469.0805528484054
0.8488	594.8378868693391
0.8496	572.8108229038115
0.8504	409.873076497302
0.8512000000000001	145.70472513755766
0.8520000000000001	-153.30056117215256
0.8528	-414.0318040608066
0.8536	-576.9692601435621
0.8544	-592.2788183583284
0.8552000000000001	-463.70976596434235
0.8560000000000001	-220.4751866418983
0.8568	78.06140404404083
0.8576	358.7890601564597
0.8584	548.5966760527034
0.8592000000000001	603.1175637303455
0.86	506.10475752146095
0.8608	286.3028822294191
0.8616	-3.797938167426347
0.8624	-292.80506657704336
0.8632000000000001	-510.7319851893443
0.864	-601.3395771971449
0.8648	-545.2566031147134
0.8656	-354.3557578279217
0.8664000000000001	-73.15966139298065
0.8672000000000001	224.9083484586134
0.868	467.987010990552
0.8688	594.681666552973
0.8696	573.4357041333049
0.8704000000000001	409.873076497302
0.8712000000000001	145.39228483445854
0.872	-153.6130013068288
0.8728	-414.0318040608066
0.8736	-576.6568201776536
0.8744000000000001	-591.8101584162898
0.8752000000000001	-463.3973259612884
0.876	-220.3189665906216
0.8768	78.99872482945804
0.8776	358.16417926069954
0.8784000000000001	549.6902181354228
0.8792000000000001	603.4300043702134
0.88	505.9485372412964
0.8808	286.1466620312013
0.8816	-3.797938167426347
0.8824000000000001	-292.4926265068697
0.8832000000000001	-510.26332520892197
0.884	-602.1206770934477
0.8848	-545.2566031147134
0.8856	-355.136857938537
0.8864000000000001	-72.37856095270314
0.8872	225.0645686359616
0.888	468.76811231728595
0.8888	594.5254462366723
0.8896000000000001	573.2794838258347
0.8904000000000001	410.18551698334295
0.8912	145.39228483445854
0.892	-153.45678123951004
0.8928	-413.7193640396151
0.8936000000000001	-577.2817001093761
0.8944000000000001	-591.6539384355642
0.8952	-463.70976596434235
0.896	-220.9438467955106
0.8968	78.84250469843784
0.8976000000000001	358.32039948455423
0.8984000000000001	549.2215572424466
0.8992	602.96134341051
0.9	506.4171980819768
0.9008	286.1466620312013
0.9016000000000001	-3.9541582743451524
0.9024000000000001	-292.02396640135623
0.9032	-509.95088522184375
0.904	-601.3395771971449
0.9048	-545.1003831268658
0.9056000000000001	-354.04331778345494
0.9064000000000001	-72.53478104084174
0.9072	224.9083484586134
0.908	469.0805528484054
0.9088	595.150327502267
0.9096000000000001	573.1232635184292
0.9104000000000001	410.18551698334295
0.9112	145.54850498598347
0.912	-152.98812103732158
0.9128000000000001	-413.4069240183059
0.9136000000000001	-577.2817001093761
0.9144	-591.8101584162898
0.9152	-463.8659859658278
0.916	-220.16274653930864
0.9168000000000001	78.99872482945804
0.9176000000000001	358.945280380542
0.9184	549.5339978377003
0.9192	603.2737840502466
0.92	506.10475752146095
0.9208000000000001	286.4591024276914
0.9216000000000001	-3.797938167426347
0.9224	-291.86774636611756
0.9232	-510.5757651958961
0.924	-601.8082371349948
0.9248000000000001	-544.7879431510966
0.9256000000000001	-353.8870977611743
0.9264	-73.00344130500825
0.9272	224.9083484586134
0.928	468.92433258281517
0.9288000000000001	594.8378868693391
0.9296000000000001	573.2794838258347
0.9304	409.873076497302
0.9312	145.23606468298297
0.932	-153.45678123951004
0.9328000000000001	-413.8755840502256
0.9336000000000001	-576.8130401606196
0.9344	-592.1225983776718
0.9352	-463.70976596434235
0.936	-220.78762674434276
0.9368000000000001	78.99872482945804
0.9376000000000001	358.32039948455423
0.9384	548.9091166474476
0.9392	603.4300043702134
0.9400000000000001	505.792316961194
0.9408000000000001	287.0839832213236
0.9416	-3.797938167426347
0.9424	-292.3364064717323
0.9432	-510.5757651958961
0.9440000000000001	-601.9644571142326
0.9448000000000001	-545.7252630781076
0.9456	-354.82441789438536
0.9464	-73.15966139298065
0.9472	225.22078881336188
0.9480000000000001	468.4556717864099
0.9488000000000001	594.681666552973
0.9496	572.6546025965995
0.9504	409.873076497302
0.9512	145.70472513755766
0.9520000000000001	-152.98812103732158
0.9528000000000001	-414.0318040608066
0.9536	-577.4379200922476
0.9544	-591.9663783969925
0.9552	-463.24110595972
0.9560000000000001	-220.63140669313864
0.9568000000000001	78.53006443653824
0.9576	358.47661970846576
0.9584	549.2215572424466
0.9592	602.96134341051
0.9600000000000001	506.26097780168783
0.9608000000000001	286.61532262601787
0.9616	-4.422818594837606
0.9624	-292.80506657704336
0.9632000000000001	-510.41954520242194
0.9640000000000001	-601.8082371349948
0.9648	-545.1003831268658
0.9656	-354.82441789438536
0.9664	-72.84722121699428
0.9672000000000001	224.9083484586134
0.9680000000000001	468.76811231728595
0.9688	595.150327502267
0.9696	572.8108229038115
0.9704	410.18551698334295
0.9712000000000001	145.39228483445854
0.9720000000000001	-153.45678123951004
0.9728	-414.18802407135826
0.9736	-576.1881602286138
0.9744	-591.6539384355642
0.9752000000000001	-464.02220596728574
0.9760000000000001	-220.4751866418983
0.9768	78.53006443653824
0.9776	358.63283993243425
0.9784	549.5339978377003
0.9792000000000001	603.2737840502466
0.9800000000000001	506.72963864274135
0.9808	285.9904418330377
0.9816	-3.9541582743451524
0.9824	-292.4926265068697
0.9832000000000001	-510.5757651958961
0.9840000000000001	-601.4957971764509
0.9848	-544.7879431510966
0.9856	-353.8870977611743
0.9864	-72.6910011289388
0.9872000000000001	224.75212828131745
0.9880000000000001	468.6118920518175
0.9888	595.150327502267
0.9896	572.6546025965995
0.9904000000000001	410.8103979561298
0.9912000000000001	145.54850498598347
0.992	-152.98812103732158
0.9928	-413.5631440289752
0.9936	-577.1254801264809
0.9944000000000001	-591.6539384355642
0.9952000000000001	-463.3973259612884
0.996	-220.3189665906216
0.9968	78.37384430565885
0.9976	358.7890601564597
0.9984000000000001	548.4404557554267
0.9992000000000001	603.5862246902458
