0	-34.062989285188756
0.0008	-338.84834780567746
0.0016	-22.034040615158617
0.0024000000000000002	-424.7693619278126
0.0032	-615.8264215206684
0.004	-121.54624456297661
0.0048000000000000004	-134.20007146112465
0.0056	186.51985424484928
0.0064	441.31504026458924
0.007200000000000001	575.1958365421003
0.008	484.58805799568233
0.0088	-48.435239298473014
0.009600000000000001	123.25068587838315
0.010400000000000001	-190.1268587730463
0.0112	-447.8899241095568
0.012	-657.2247163928379
0.0128	-660.1928959637568
0.013600000000000001	-525.6874867675322
0.014400000000000001	-289.7952552384959
0.0152	22.644913940013623
0.016	293.68690983155386
0.016800000000000002	524.1117932104197
0.0176	592.8487338856218
0.0184	419.1317622516218
0.019200000000000002	265.4110515636873
0.02	-34.062989285188756
0.020800000000000003	-338.37968770157903
0.0216	-206.21752569518821
0.0224	-269.0179888733547
0.023200000000000002	-617.5448413403276
0.024	-221.0584317186906
0.024800000000000003	-133.8876312940459
0.0256	195.26818436539656
0.0264	442.8772429880549
0.027200000000000002	575.3520568688554
0.028	489.11844641092773
0.028800000000000003	1.8676374052645528
0.0296	123.40690603691714
0.0304	-190.1268587730463
0.031200000000000002	-444.4530838269334
0.032	-667.379014891807
0.0328	-665.3481551994809
0.033600000000000005	-532.4049466732409
0.0344	-287.295734506151
0.0352	24.519555472145512
0.036000000000000004	257.60004131240953
0.0368	524.1117932104197
0.0376	594.0984965616569
0.038400000000000004	-32.65700828547385
0.0392	264.78617073851944
0.04	-33.90676917428739
0.0408	-338.06724763201186
0.041600000000000005	-134.5125116280397
0.0424	-263.55028709262143
0.0432	-618.7946012073672
0.044000000000000004	-423.98826184250674
0.0448	-134.04385137760573
0.0456	201.0483311427335
0.046400000000000004	442.2523618979312
0.0472	575.3520568688554
0.048	491.3055304924525
0.0488	144.80906823209762
0.049600000000000005	123.25068587838315
0.0504	-190.1268587730463
0.0512	-451.4829843896247
0.052000000000000005	-659.2555761001239
0.0528	-660.3491159409512
0.0536	-524.750166776731
0.054400000000000004	-287.295734506151
0.055200000000000006	24.519555472145512
0.056	339.92809639351384
0.0568	523.9555729050767
0.057600000000000005	594.0984965616569
0.0584	482.4009739521107
0.0592	269.62899715667254
0.060000000000000005	-34.062989285188756
0.0608	-338.5359077363122
0.0616	-238.71129843918067
0.062400000000000004	-373.84163473334297
0.0632	-617.8572813072298
0.064	-424.3007018767209
0.0648	-133.5751911268033
0.0656	189.80047802076274
0.0664	438.03441456529833
0.06720000000000001	575.0396162154113
0.068	489.74332757581453
0.0688	96.53703950119613
0.06960000000000001	123.56312619550125
0.0704	-190.75173904953857
0.0712	-447.8899241095568
0.07200000000000001	-663.0048555498639
0.0728	-666.2854750579393
0.0736	-537.24776657455
0.07440000000000001	-286.9832944139697
0.0752	24.519555472145512
0.076	256.03783927864106
0.07680000000000001	523.9555729050767
0.0776	594.879598236352
0.0784	488.80600582886314
0.0792	264.94239094472874
0.08	-33.90676917428739
0.08080000000000001	-337.9110275971778
0.0816	-92.48930769035941
0.0824	-179.8163341207042
0.08320000000000001	-618.3259412574051
0.084	-424.7693619278126
0.0848	-133.73141121044506
0.08560000000000001	183.5516708484418
0.0864	438.5030753778263
0.0872	575.5082771956768
0.08800000000000001	492.3990725378593
0.0888	23.42601457758731
0.0896	123.56312619550125
0.09040000000000001	-190.43929891137032
0.0912	-450.8581043420453
0.092	-655.6625166154373
0.09280000000000001	-655.350076659689
0.0936	-528.1870067382541
0.0944	-289.17037505626
0.0952	24.207115216324624
0.096	317.7448238385045
0.09680000000000001	523.9555729050767
0.0976	595.0358185714916
0.0984	510.20818628632355
0.09920000000000001	262.7553080628151
0.1	-34.062989285188756
0.1008	-338.84834780567746
0.10160000000000001	-130.29456936085722
0.1024	-170.2869096685857
0.1032	-618.0135012906453
0.10400000000000001	-424.14448185962914
0.1048	-134.04385137760573
0.1056	177.61530411217132
0.10640000000000001	437.409533482786
0.1072	575.1958365421003
0.108	498.3354436956182
0.10880000000000001	48.88989600379527
0.1096	123.56312619550125
0.11040000000000001	-190.28307884222778
0.11120000000000001	-445.859063944297
0.112	-658.9431361454017
0.11280000000000001	-660.6615558952733
0.1136	-537.4039865709402
0.1144	-287.295734506151
0.11520000000000001	22.8011340674353
0.116	303.21634314138964
0.1168	524.1117932104197
0.11760000000000001	595.1920389066981
0.1184	491.1493102005044
0.1192	269.1603365332405
0.12000000000000001	-34.062989285188756
0.1208	-338.6921277710116
0.1216	-183.8780559737969
0.12240000000000001	-265.11248760593287
0.1232	-617.7010613237906
0.124	-423.98826184250674
0.12480000000000001	-133.5751911268033
0.12560000000000002	206.82847799244837
0.1264	441.1588199925807
0.1272	575.3520568688554
0.128	497.24190163336596
0.1288	28.737498943983397
0.1296	123.56312619550125
0.13040000000000002	-190.28307884222778
0.1312	-446.6401640084546
0.132	-657.0684964151983
0.1328	-659.2555761001239
0.1336	-521.62576680036
0.13440000000000002	-287.13951446007815
0.13520000000000001	23.894674960689997
0.136	321.0254485801447
0.1368	524.2680135158271
0.1376	594.7233779012793
0.1384	531.9228085597567
0.13920000000000002	265.4110515636873
0.14	-33.43810884131624
0.1408	-339.1607878749081
0.1416	-80.77280047373317
0.1424	-172.9426509241143
0.1432	-349.15887001949403
0.14400000000000002	-424.3007018767209
0.1448	-133.5751911268033
0.1456	210.57776247433992
0.1464	441.1588199925807
0.1472	575.3520568688554
0.14800000000000002	409.13366551966885
0.14880000000000002	30.1434801088282
0.1496	123.87556651281976
0.1504	-189.65819856526832
0.1512	-445.3904039054446
0.152	-649.7261574408698
0.15280000000000002	-659.5680160547571
0.15360000000000001	-521.7819867994359
0.1544	-287.9206146900879
0.1552	23.894674960689997
0.156	292.12470766958666
0.1568	524.1117932104197
0.15760000000000002	594.879598236352
0.1584	482.55719424052836
0.1592	265.87971218314226
0.16	-33.90676917428739
0.1608	-338.5359077363122
0.16160000000000002	-49.52878004505742
0.16240000000000002	-244.3352204800368
0.1632	-463.51192521352954
0.164	-425.08180196172077
0.1648	-133.8876312940459
0.1656	203.86029446596916
0.16640000000000002	442.40858217036987
0.16720000000000002	574.727175562232
0.168	419.1317622516218
0.1688	86.53895000011839
0.1696	123.40690603691714
0.1704	-189.8144186345666
0.17120000000000002	-449.29590422102
0.17200000000000001	-657.5371563480501
0.1728	-664.5670553168267
0.1736	-527.8745667422911
0.1744	-288.2330547818436
0.1752	24.363335344211762
0.17600000000000002	318.52592496518355
0.1768	524.1117932104197
0.1776	593.7860558922472
0.1784	476.93326389707363
0.1792	266.03593238973764
0.18000000000000002	-33.750549063341516
0.18080000000000002	-338.2234676668123
0.1816	-183.4093957613315
0.1824	-258.55124542558536
0.1832	-391.3382775836193
0.184	-424.6131419108126
0.18480000000000002	-133.8876312940459
0.18560000000000001	187.6133955009193
0.1864	441.62748080879084
0.1872	574.8833958887885
0.188	422.256167531221
0.1888	13.896586878478317
0.18960000000000002	123.56312619550125
0.1904	-190.1268587730463
0.1912	-444.92174386632337
0.192	-661.911315711675
0.1928	-662.5361956193444
0.19360000000000002	-537.7164265636409
0.19440000000000002	-287.45195455218845
0.1952	23.58223470524166
0.196	287.2818810031226
0.1968	523.9555729050767
0.1976	595.3482592419715
0.19840000000000002	558.4802619606137
0.19920000000000002	262.7553080628151
0.2	-33.90676917428739
0.2008	-338.5359077363122
0.2016	-89.98978617091339
0.2024	-182.15963519303284
0.20320000000000002	-197.15676184774384
0.20400000000000001	-424.925581944782
0.2048	-133.73141121044506
0.2056	181.3645883578967
0.2064	438.1906348360797
0.20720000000000002	575.0396162154113
0.20800000000000002	414.1327138546919
0.2088	29.83103984964646
0.2096	124.03178667155417
0.2104	-190.28307884222778
0.2112	-447.8899241095568
0.21200000000000002	-654.1003168358002
0.21280000000000002	-650.1948173768855
0.2136	-518.8138068123458
0.2144	-287.60817459819043
0.2152	24.363335344211762
0.216	317.90104406372626
0.21680000000000002	523.6431322945839
0.21760000000000002	594.879598236352
0.2184	529.7357242456804
0.2192	263.0677484738559
0.22	-33.594328952351134
0.22080000000000002	-338.2234676668123
0.22160000000000002	-49.841220257971635
0.22240000000000001	-170.91178996503402
0.2232	-274.4856906098254
0.224	-424.925581944782
0.2248	-133.8876312940459
0.22560000000000002	191.36267982694625
0.22640000000000002	441.4712605366593
0.2272	575.1958365421003
0.228	483.96317683911764
0.2288	-0.4756644085009185
0.2296	123.56312619550125
0.23040000000000002	-190.59551898047386
0.23120000000000002	-445.2341838924341
0.232	-653.3192169451412
0.2328	-655.6625166154373
0.2336	-516.9391668154354
0.23440000000000003	-287.295734506151
0.23520000000000002	22.957354194903502
0.23600000000000002	193.86220272776723
0.2368	524.1117932104197
0.2376	595.1920389066981
0.2384	554.5747539893101
0.23920000000000002	258.5373625353047
0.24000000000000002	-33.594328952351134
0.24080000000000001	-338.06724763201186
0.2416	-64.68213016975436
0.2424	-109.04863748349368
0.2432	-379.4655556934518
0.24400000000000002	-424.45692189378207
0.24480000000000002	-134.04385137760573
0.2456	176.99042340746644
0.2464	440.2214983618184
0.2472	574.727175562232
0.248	408.04012370461686
0.24880000000000002	50.608317494877255
0.24960000000000002	123.71934635413545
0.2504	-189.97063870382595
0.25120000000000003	-449.6083442454626
0.252	-633.3230595512341
0.2528	-645.0395580695127
0.2536	-517.2516068151933
0.2544	-287.295734506151
0.25520000000000004	23.58223470524166
0.256	294.4680109146435
0.25680000000000003	524.4242338212987
0.2576	594.5671575662733
0.2584	559.1051432398244
0.2592	267.2856940444875
0.26	-33.594328952351134
0.26080000000000003	-338.2234676668123
0.2616	-45.46705726115948
0.2624	-273.704590364459
0.2632	-196.06322137461632
0.264	-213.4036486547784
0.26480000000000004	-133.8876312940459
0.2656	178.8650655240791
0.2664	441.62748080879084
0.2672	574.8833958887885
0.268	413.195392287165
0.26880000000000004	9.67864352564333
0.2696	123.71934635413545
0.27040000000000003	-190.59551898047386
0.2712	-447.1088240465913
0.272	-634.10415945648
0.2728	-646.2893179038699
0.2736	-511.78390680362827
0.27440000000000003	-284.6399937180814
0.2752	22.644913940013623
0.276	164.33658931575468
0.2768	524.7366744324353
0.2776	595.0358185714916
0.27840000000000004	536.2969772259383
0.2792	261.9742070361767
0.28	-33.90676917428739
0.2808	-338.6921277710116
0.2816	-22.34648084371271
0.28240000000000004	-256.20794463130517
0.2832	-254.33330398995452
0.28400000000000003	-424.7693619278126
0.2848	-133.41897104312062
0.2856	187.6133955009193
0.2864	441.00259972063344
0.2872	574.727175562232
0.28800000000000003	487.08758263201935
0.2888	66.23033131478022
0.2896	124.50044714805831
0.2904	-190.1268587730463
0.2912	-447.4212640718668
0.29200000000000004	-637.6972190131729
0.2928	-656.9122764375363
0.2936	-518.0327068141104
0.2944	-287.7643946441569
0.2952	22.8011340674353
0.29600000000000004	206.51603762033847
0.2968	524.1117932104197
0.29760000000000003	595.1920389066981
0.2984	543.4831115735927
0.2992	266.5045930098549
0.3	-33.750549063341516
0.3008	-337.9110275971778
0.30160000000000003	-22.658921072087136
0.3024	-167.1625081768214
0.3032	-323.6950042855912
0.304	-379.9342157715736
0.3048	-134.20007146112465
0.30560000000000004	193.08110181981482
0.3064	436.7846524012543
0.30720000000000003	574.8833958887885
0.308	396.94848546127673
0.3088	10.147303896520548
0.30960000000000004	124.34422698917346
0.3104	-190.1268587730463
0.31120000000000003	-446.32772398288097
0.312	-636.1350192074146
0.3128	-645.508218007567
0.3136	-507.0973067669225
0.3144	-285.57731399739623
0.31520000000000004	22.644913940013623
0.316	173.86601989641792
0.3168	523.7993525997981
0.3176	595.0358185714916
0.3184	567.0723796419132
0.31920000000000004	263.380188885117
0.32	-33.125668619112886
0.32080000000000003	-338.2234676668123
0.3216	-26.564423911626694
0.3224	-173.2550910710715
0.32320000000000004	-186.69001724119232
0.324	-425.3942419955066
0.32480000000000003	-134.04385137760573
0.3256	183.8641112050695
0.3264	439.5966172758714
0.3272	575.3520568688554
0.328	470.37201193238104
0.32880000000000004	44.82817250223056
0.3296	123.87556651281976
0.3304	-189.65819856526832
0.3312	-449.76456425763934
0.332	-638.4783189151891
0.33280000000000004	-645.508218007567
0.3336	-506.62864676188536
0.33440000000000003	-287.295734506151
0.3352	23.894674960689997
0.336	317.43238338823215
0.33680000000000004	524.4242338212987
0.3376	594.0984965616569
0.33840000000000003	535.5158756746832
0.3392	263.69262929659845
0.34	-33.750549063341516
0.3408	-338.2234676668123
0.3416	-0.4756644085009185
0.34240000000000004	-172.00533048229323
0.3432	-152.94648118782482
0.34400000000000003	-269.79908912412634
0.3448	-134.04385137760573
0.3456	194.33086327316994
0.34640000000000004	443.03346326073944
0.3472	574.4147349093173
0.34800000000000003	409.4461060387976
0.3488	21.082712668354347
0.3496	123.56312619550125
0.3504	-189.97063870382595
0.3512	-446.79638402119656
0.35200000000000004	-623.3249807127029
0.3528	-646.2893179038699
0.3536	-507.25352676854624
0.3544	-285.8897540902168
0.3552	23.113574322418245
0.35600000000000004	67.94875286421498
0.3568	524.8928947381
0.35760000000000003	595.3482592419715
0.3584	538.796502200846
0.3592	269.3165567409959
0.36000000000000004	-33.594328952351134
0.3608	-337.9110275971778
0.36160000000000003	6.241800818532653
0.3624	-181.06609469371222
0.3632	-218.4026906660265
0.364	-228.86943475148132
0.3648	-134.04385137760573
0.36560000000000004	195.42440454761862
0.3664	440.69015917692326
0.3672	574.727175562232
0.368	406.0092603416356
0.3688	71.07315569629465
0.36960000000000004	124.18800683033872
0.3704	-189.97063870382595
0.37120000000000003	-448.51480415939335
0.372	-621.6065609026698
0.3728	-645.0395580695127
0.37360000000000004	-502.56692670778205
0.3744	-276.9852113889634
0.37520000000000003	23.269794449979486
0.376	164.18036914390308
0.3768	524.4242338212987
0.3776	595.3482592419715
0.3784	498.8041045803924
0.37920000000000004	267.1294738374505
0.38	-33.28188873023682
0.3808	-337.75480756230996
0.3816	-34.6878697283493
0.3824	-181.2223147651615
0.38320000000000004	-267.4557883691008
0.384	-288.7017149192112
0.38480000000000003	-134.04385137760573
0.3856	194.64330363703488
0.3864	438.34685510692236
0.38720000000000004	574.5709552357416
0.388	472.2466553396041
0.38880000000000003	13.896586878478317
0.3896	124.03178667155417
0.3904	-190.28307884222778
0.3912	-448.9834641964585
0.392	-646.2893179038699
0.39280000000000004	-656.4436165044167
0.3936	-503.03558671498257
0.39440000000000003	-276.0478910978633
0.3952	22.957354194903502
0.396	120.59494319096602
0.39680000000000004	524.2680135158271
0.3976	595.504479577312
0.39840000000000003	557.074279086226
0.3992	264.0050697083003
0.4	-33.125668619112886
0.40080000000000005	-338.5359077363122
0.4016	-95.92614976187163
0.40240000000000004	-186.37757710099623
0.4032	-186.5337971711138
0.404	-391.18205755994563
0.4048	-134.35629154460264
0.4056	171.52271727675816
0.40640000000000004	435.2224497017125
0.4072	574.5709552357416
0.40800000000000003	391.48077657921556
0.4088	-15.31657565770579
0.4096	124.18800683033872
0.41040000000000004	-190.43929891137032
0.4112	-448.9834641964585
0.41200000000000003	-643.0086983355762
0.4128	-637.8534389936223
0.4136	-511.6276868028042
0.41440000000000005	-286.51463427543155
0.4152	22.332473685309807
0.41600000000000004	199.01746875327387
0.4168	524.2680135158271
0.4176	595.8169202481934
0.4184	570.6654470949716
0.4192	262.4428676519946
0.42000000000000004	-33.750549063341516
0.4208	-337.5985875274085
0.42160000000000003	4.367159351300998
0.4224	-184.65915632712262
0.4232	-133.41897104312062
0.42400000000000004	-424.925581944782
0.4248	-134.04385137760573
0.42560000000000003	191.98756055089
0.4264	440.8463794487476
0.4272	574.2585145829593
0.42800000000000005	393.19919936283554
0.4288	60.76262642342033
0.42960000000000004	123.87556651281976
0.4304	-190.1268587730463
0.4312	-446.1715039700495
0.432	-623.9498606429182
0.4328	-644.2584581723004
0.43360000000000004	-507.56596677171063
0.4344	-285.26487390443356
0.43520000000000003	23.58223470524166
0.436	139.18514230789464
0.4368	524.5804541268349
0.43760000000000004	596.4418015907594
0.4384	569.571904822955
0.43920000000000003	264.78617073851944
0.44	-33.43810884131624
0.4408	-338.2234676668123
0.44160000000000005	10.147303896520548
0.4424	-254.80196415078666
0.44320000000000004	-149.04097920956337
0.444	-194.18858055912432
0.44480000000000003	-133.8876312940459
0.4456	197.14282655553865
0.4464	442.72102271543173
0.44720000000000004	574.8833958887885
0.448	370.23482275748944
0.44880000000000003	36.54850546335814
0.4496	124.18800683033872
0.4504	-189.8144186345666
0.45120000000000005	-448.2023641345346
0.452	-629.2613400346053
0.45280000000000004	-645.0395580695127
0.4536	-504.754006739245
0.4544	-289.32659510187204
0.45520000000000005	23.113574322418245
0.456	67.32387230011074
0.45680000000000004	524.5804541268349
0.4576	595.6606999127192
0.45840000000000003	568.478362554172
0.4592	260.2557847824146
0.46	-33.28188873023682
0.46080000000000004	-337.1299274225019
0.4616	11.240844763513515
0.46240000000000003	-129.201028768186
0.4632	-187.00245738123215
0.464	-110.29839820344154
0.46480000000000005	-133.8876312940459
0.4656	197.45526692130028
0.46640000000000004	437.409533482786
0.4672	574.4147349093173
0.468	479.74522905862875
0.46880000000000005	22.48869381263846
0.4696	124.34422698917346
0.47040000000000004	-190.1268587730463
0.4712	-449.6083442454626
0.47200000000000003	-630.3548799060127
0.4728	-654.7251967479237
0.4736	-513.3461068103583
0.47440000000000004	-284.9524338113286
0.4752	22.332473685309807
0.47600000000000003	132.3114551563492
0.4768	525.0491150438294
0.4776	595.6606999127192
0.47840000000000005	572.852531648713
0.4792	262.91152826830796
0.48000000000000004	-33.125668619112886
0.4808	-337.4423674924733
0.48160000000000003	9.67864352564333
0.4824	-187.31489752111582
0.4832	-193.25126014928384
0.48400000000000004	-113.73524016951811
0.4848	-134.5125116280397
0.48560000000000003	181.98946906843702
0.4864	437.7219740239196
0.4872	574.727175562232
0.48800000000000004	466.46650486287524
0.4888	-4.068727169646152
0.48960000000000004	124.50044714805831
0.4904	-190.1268587730463
0.4912	-446.79638402119656
0.49200000000000005	-625.8245004313097
0.4928	-638.4783189151891
0.49360000000000004	-515.3769668150069
0.4944	-286.67085432164646
0.49520000000000003	22.332473685309807
0.496	78.25928228338167
0.4968	524.5804541268349
0.49760000000000004	594.4109372313344
0.4984	550.3568054262502
0.49920000000000003	259.94334437335453
0.5	-33.750549063341516
0.5008	-338.84834780567746
0.5016	-18.59719808919326
0.5024000000000001	-184.81537639767032
0.5032	-201.06226352202174
0.504	-112.01681918900404
0.5048	-134.5125116280397
0.5056	189.01937711963888
0.5064000000000001	434.9100091625388
0.5072	575.1958365421003
0.508	453.81266222476756
0.5088	11.553285011640696
0.5096	123.87556651281976
0.5104000000000001	-190.1268587730463
0.5112	-448.35858414697884
0.512	-626.2931603778801
0.5128	-639.7280787572204
0.5136000000000001	-499.75496665931604
0.5144000000000001	-275.735451000543
0.5152	23.113574322418245
0.516	70.91693555423272
0.5168	524.7366744324353
0.5176000000000001	596.4418015907594
0.5184	582.2257513116945
0.5192	260.56822519169447
0.52	-32.65700828547385
0.5208	-337.75480756230996
0.5216000000000001	26.862857396744744
0.5224	-273.07971016751867
0.5232	-89.67734598021798
0.524	-78.58571910001379
0.5248	-133.5751911268033
0.5256000000000001	190.2691385620666
0.5264	436.003551050718
0.5272	575.0396162154113
0.528	371.32836447160366
0.5288	57.16956324104517
0.5296000000000001	124.18800683033872
0.5304	-189.8144186345666
0.5312	-452.10786443672987
0.532	-615.0453216016906
0.5328	-633.6354995134019
0.5336000000000001	-512.8774468086276
0.5344	-279.9533923022718
0.5352	23.113574322418245
0.536	141.52844476831768
0.5368	524.5804541268349
0.5376000000000001	595.8169202481934
0.5384	565.5101764123308
0.5392	263.84884950242184
0.54	-33.594328952351134
0.5408000000000001	-338.06724763201186
0.5416000000000001	-13.285714142520938
0.5424	-124.20198603314981
0.5432	-139.19911411214807
0.544	-29.220165826527126
0.5448000000000001	-133.8876312940459
0.5456	192.76866145700205
0.5464	434.12890781567546
0.5472	574.727175562232
0.548	438.5030753778263
0.5488000000000001	114.97101754763601
0.5496	123.71934635413545
0.5504	-189.8144186345666
0.5512	-452.7327444833613
0.552	-628.1678001620559
0.5528000000000001	-647.5390777367743
0.5536	-498.34898663169315
0.5544	-272.6110500194355
0.5552	22.957354194903502
0.556	49.983436952000815
0.5568000000000001	524.7366744324353
0.5576	596.2855812550175
0.5584	574.727175562232
0.5592	263.84884950242184
0.56	-33.90676917428739
0.5608000000000001	-337.5985875274085
0.5616	29.20615933184419
0.5624	-281.35937273038564
0.5632	-177.16059289470542
0.5640000000000001	-86.70916416012295
0.5648000000000001	-134.35629154460264
0.5656	182.92679013581323
0.5664	438.81551591981815
0.5672	574.727175562232
0.5680000000000001	438.03441456529833
0.5688	74.82243912026567
0.5696	123.71934635413545
0.5704	-189.97063870382595
0.5712	-451.0143243539847
0.5720000000000001	-616.4513014554225
0.5728	-645.0395580695127
0.5736	-508.8157267832634
0.5744	-276.5165512435748
0.5752	22.644913940013623
0.5760000000000001	77.16574127439235
0.5768	524.4242338212987
0.5776	596.5980219265682
0.5784	585.6625985813205
0.5792	264.16128991423386
0.5800000000000001	-33.750549063341516
0.5808	-337.4423674924733
0.5816	4.5233794733179025
0.5824	-139.35533419431914
0.5832	-139.98021452259601
0.5840000000000001	-99.36299181291278
0.5848	-133.8876312940459
0.5856	190.42535874260614
0.5864	438.1906348360797
0.5872	574.727175562232
0.5880000000000001	451.1569175251953
0.5888	146.2150497234387
0.5896	124.03178667155417
0.5904	-189.97063870382595
0.5912000000000001	-451.3267643777743
0.5920000000000001	-629.573779997981
0.5928	-639.2594188166308
0.5936	-501.7858266952247
0.5944	-272.92349011819357
0.5952000000000001	22.48869381263846
0.596	37.173385989976225
0.5968	525.0491150438294
0.5976	596.2855812550175
0.5984	575.3520568688554
0.5992000000000001	262.2866474466669
0.6	-33.594328952351134
0.6008	-338.5359077363122
0.6016	10.303524020238413
0.6024	-274.1732505117867
0.6032000000000001	-130.6070095298221
0.604	-36.093850722859216
0.6048	-134.5125116280397
0.6056	186.20741388644336
0.6064	441.31504026458924
0.6072000000000001	574.4147349093173
0.608	336.95991197035517
0.6088	-25.00222277917312
0.6096	124.50044714805831
0.6104	-187.93977780041462
0.6112000000000001	-450.23322429399144
0.612	-614.1080016981313
0.6128	-639.8842987373711
0.6136	-499.5987466563586
0.6144000000000001	-274.95435075661385
0.6152000000000001	22.48869381263846
0.616	82.94588663456115
0.6168	525.5177759614036
0.6176	596.7542422624441
0.6184000000000001	569.7281251473307
0.6192000000000001	261.9742070361767
0.62	-32.969448507944406
0.6208	-334.31796678668627
0.6216	-22.034040615158617
0.6224000000000001	-183.09695561949206
0.6232	-143.57327639755323
0.624	-4.849827766703157
0.6248	-133.26275095939693
0.6256	176.05310235196941
0.6264000000000001	435.69111051093216
0.6272	575.0396162154113
0.628	365.23577495825884
0.6288	-15.16035554142426
0.6296	124.50044714805831
0.6304000000000001	-200.2811631890965
0.6312	-450.8581043420453
0.632	-610.3587220752974
0.6328	-644.4146781517884
0.6336	-507.40974677014225
0.6344000000000001	-276.36033119504015
0.6352	23.113574322418245
0.636	116.84565942156136
0.6368	525.205335349623
0.6376000000000001	597.6915642791054
0.6384000000000001	566.603718672347
0.6392	267.2856940444875
0.64	-31.87590772851775
0.6408	-243.08546003066766
0.6416000000000001	9.67864352564333
0.6424000000000001	-61.089067806182584
0.6432	-135.9184923771325
0.644	-172.78643085057638
0.6448	-134.04385137760573
0.6456000000000001	173.3973593715524
0.6464000000000001	441.00259972063344
0.6472	574.1022942566674
0.648	423.6621499149653
0.6488	8.897542908435668
0.6496000000000001	92.94397606364903
0.6504	-179.66011404890133
0.6512	-448.82724418413324
0.652	-614.8891016178235
0.6528	-641.6027185175159
0.6536000000000001	-508.65950678191587
0.6544	-278.0787517269491
0.6552	23.42601457758731
0.656	168.5545339752572
0.6568	525.0491150438294
0.6576000000000001	596.7542422624441
0.6584	567.541040612073
0.6592	270.2538779886896
0.66	-34.375429506858
0.6608	-193.7199203543787
0.6616000000000001	22.332473685309807
0.6624	-196.21944144232214
0.6632	-82.02256125494522
0.664	16.083668630239472
0.6648000000000001	-134.04385137760573
0.6656000000000001	170.42917605824135
0.6664	439.90905781872215
0.6672	574.4147349093173
0.668	341.33407849597654
0.6688000000000001	7.804002046277951
0.6696000000000001	120.438723033333
0.6704	-138.10557353580907
0.6712	-449.76456425763934
0.672	-614.2642216821173
0.6728000000000001	-635.6663592652376
0.6736000000000001	-504.12912673081115
0.6744	-276.36033119504015
0.6752	22.176253558027668
0.676	134.0298769350655
0.6768000000000001	524.4242338212987
0.6776	596.5980219265682
0.6784	533.797452267621
0.6792	262.5990878573773
0.68	-34.062989285188756
0.6808000000000001	-200.2811631890965
0.6816	-7.661789906686913
0.6824	-117.79696246707095
0.6832	-105.92423567190579
0.684	15.927448504813015
0.6848000000000001	-133.8876312940459
0.6856	177.77152428847762
0.6864	436.7846524012543
0.6872	574.4147349093173
0.6880000000000001	305.87208688809807
0.6888000000000001	14.833907628123285
0.6896	124.18800683033872
0.6904	-197.15676184774384
0.6912	-456.7944647749404
0.6920000000000001	-610.0462821061054
0.6928000000000001	-636.7598991299943
0.6936	-500.37984667086687
0.6944	-283.7026734374858
0.6952	22.332473685309807
0.6960000000000001	195.42440454761862
0.6968000000000001	525.205335349623
0.6976	591.1303102130552
0.6984	556.6056181292769
0.6992	269.62899715667254
0.7000000000000001	-34.53164961762589
0.7008	-227.93211439251837
0.7016	-0.1632241672599548
0.7024	-57.80844562802689
0.7032	-100.45653246123337
0.7040000000000001	1.3989770416880631
0.7048	-133.73141121044506
0.7056	205.2662761340207
0.7064	442.2523618979312
0.7072	574.4147349093173
0.7080000000000001	256.03783927864106
0.7088	69.35473413626572
0.7096	124.50044714805831
0.7104	-188.40843800947903
0.7112	-457.8880048500373
0.7120000000000001	-607.07810239399
0.7128	-647.2266377786842
0.7136	-499.9111866622456
0.7144	-274.95435075661385
0.7152000000000001	22.48869381263846
0.7160000000000001	139.34136247156795
0.7168	525.0491150438294
0.7176	595.6606999127192
0.7184	544.8890943968282
0.7192000000000001	274.1593832088685
0.7200000000000001	-30.938587058699355
0.7208	-204.03044477835346
0.7216	-45.9357175838978
0.7224	-130.13834927631314
0.7232000000000001	-93.58284835170105
0.7240000000000001	12.490605757129387
0.7248	-134.20007146112465
0.7256	192.30000091317714
0.7264	436.472211860856
0.7272000000000001	574.727175562232
0.728	322.7438710739145
0.7288	81.38368517930896
0.7296	124.34422698917346
0.7304	-189.03331828768552
0.7312000000000001	-447.4212640718668
0.732	-615.3577615693531
0.7328	-639.7280787572204
0.7336	-505.8475467529368
0.7344	-284.1713335779438
0.7352000000000001	22.957354194903502
0.736	60.76262642342033
0.7368	524.7366744324353
0.7376	595.3482592419715
0.7384000000000001	574.4147349093173
0.7392000000000001	270.878758821592
0.74	-32.0321278399981
0.7408	-225.7450335496726
0.7416	11.084624639519078
0.7424000000000001	-299.793338077497
0.7432000000000001	-184.50293625653575
0.744	-11.254852619690858
0.7448	-132.7940907079801
0.7456	183.7078910267295
0.7464000000000001	432.72292539517434
0.7472000000000001	575.1958365421003
0.748	495.3672581053045
0.7488	81.07124488884203
0.7496	124.50044714805831
0.7504000000000001	-195.2821210355063
0.7512000000000001	-449.76456425763934
0.752	-602.079062859166
0.7528	-638.4783189151891
0.7536	-506.9410867652711
0.7544000000000001	-281.8280328724476
0.7552	22.957354194903502
0.756	-15.16035554142426
0.7568	525.0491150438294
0.7576	594.879598236352
0.7584000000000001	545.0453147108465
0.7592	271.34741944685
0.76	-33.594328952351134
0.7608	-353.0643708201191
0.7616	10.928404515570755
0.7624000000000001	-140.2926546864901
0.7632	-134.98117187810539
0.764	-19.84695901024574
0.7648	-133.41897104312062
0.7656000000000001	195.58062472989337
0.7664000000000001	429.12985923193133
0.7672	574.4147349093173
0.768	424.91191203798314
0.7688	215.7330286869991
0.7696000000000001	124.03178667155417
0.7704000000000001	-186.2213570308396
0.7712	-449.45212423325614
0.772	-618.4821612407496
0.7728	-645.1957780488868
0.7736000000000001	-507.40974677014225
0.7744000000000001	-298.0749175997975
0.7752	23.894674960689997
0.776	15.146347878374783
0.7768	524.7366744324353
0.7776000000000001	594.5671575662733
0.7784000000000001	316.4950620387831
0.7792	275.2529246767278
0.78	-33.28188873023682
0.7808	-338.2234676668123
0.7816000000000001	10.459744144002372
0.7824	-137.9493534533118
0.7832	-185.7526968201351
0.784	-110.29839820344154
0.7848	-137.0120329574712
0.7856000000000001	188.23827621982605
0.7864	431.62938351598524
0.7872	574.727175562232
0.788	485.5253797324185
0.7888000000000001	201.67321187974886
0.7896000000000001	123.87556651281976
0.7904	-190.1268587730463
0.7912	-450.7018843300764
0.792	-621.4503409197982
0.7928000000000001	-639.5718587770467
0.7936000000000001	-501.16094668467775
0.7944	-282.452913061364
0.7952	23.73845483294255
0.796	163.55548845701207
0.7968000000000001	524.5804541268349
0.7976000000000001	594.7233779012793
0.7984	-30.157486499290656
0.7992	276.03402572686394
0.8	-33.750549063341516
0.8008000000000001	-338.5359077363122
0.8016000000000001	19.67673152783364
0.8024	-140.13643460456342
0.8032	-201.84336385398308
0.804	-40.78045401192591
0.8048000000000001	-132.95031079182667
0.8056000000000001	179.02128570080185
0.8064	431.7856037842576
0.8072	574.727175562232
0.808	500.52252782945266
0.8088000000000001	204.48517520679547
0.8096	148.08969171830984
0.8104	-189.8144186345666
0.8112	-462.88704517501554
0.812	-621.7627808855179
0.8128000000000001	-640.1967386976035
0.8136	-501.9420466977919
0.8144	-282.2966930141884
0.8152	24.363335344211762
0.8160000000000001	118.40786098865128
0.8168000000000001	525.0491150438294
0.8176	595.3482592419715
0.8184	577.226700795082
0.8192	280.5644118450561
0.8200000000000001	-32.0321278399981
0.8208000000000001	-220.12111134841217
0.8216	-9.223991089203352
0.8224	-146.22901776958363
0.8232	-95.45748948059943
0.8240000000000001	-22.190260729458124
0.8248000000000001	-133.73141121044506
0.8256	185.4263129913445
0.8264	436.3159915907487
0.8272	574.727175562232
0.8280000000000001	395.2300626618836
0.8288000000000001	-40.78045401192591
0.8296	75.75975998060916
0.8304	-202.46824411885876
0.8312	-444.4530838269334
0.8320000000000001	-597.8611232323311
0.8328	-636.603679149384
0.8336	-505.0664467432956
0.8344	-280.26583239765836
0.8352	23.58223470524166
0.8360000000000001	318.52592496518355
0.8368	524.2680135158271
0.8376	598.0040049518616
0.8384	539.108942823877
0.8392000000000001	280.2519714216095
0.8400000000000001	-29.532606050960258
0.8408	-124.04576594699961
0.8416	22.8011340674353
0.8424	-144.66681696392635
0.8432000000000001	-138.88667394768365
0.8440000000000001	-136.07471246016058
0.8448	-134.35629154460264
0.8456	177.61530411217132
0.8464	437.409533482786
0.8472000000000001	574.4147349093173
0.8480000000000001	360.2367272191524
0.8488	-77.17973821246794
0.8496	5.460700206382853
0.8504	-37.031171383866415
0.8512000000000001	-452.10786443672987
0.8520000000000001	-602.079062859166
0.8528	-653.9440968577131
0.8536	-534.279586638079
0.8544	-278.859851967293
0.8552000000000001	23.894674960689997
0.8560000000000001	318.52592496518355
0.8568	524.5804541268349
0.8576	592.5362932172812
0.8584	490.52442903334384
0.8592000000000001	269.4727769488066
0.86	-31.56346750542332
0.8608	-173.72375129121076
0.8616	-81.3976808646817
0.8624	-236.83665774819104
0.8632000000000001	-82.1787813524041
0.864	-12.660833674772682
0.8648	-134.35629154460264
0.8656	174.17846024658786
0.8664000000000001	437.25331321231124
0.8672000000000001	574.2585145829593
0.868	274.1593832088685
0.8688	5.9293605735349715
0.8696	124.50044714805831
0.8704000000000001	-55.465144060418154
0.8712000000000001	-458.3566648817805
0.872	-605.0472425859539
0.8728	-639.5718587770467
0.8736	-504.754006739245
0.8744000000000001	-277.1414314373546
0.8752000000000001	23.58223470524166
0.876	66.38655145539745
0.8768	524.7366744324353
0.8776	596.4418015907594
0.8784000000000001	533.797452267621
0.8792000000000001	272.12852049005414
0.88	-35.156530060252685
0.8808	-152.0091607153405
0.8816	-71.08715432617042
0.8824000000000001	-72.64935532890487
0.8832000000000001	-149.19719928917812
0.884	16.083668630239472
0.8848	-133.5751911268033
0.8856	195.58062472989337
0.8864000000000001	432.56670512653545
0.8872	574.727175562232
0.888	317.90104406372626
0.8888	223.23159782744233
0.8896000000000001	123.87556651281976
0.8904000000000001	-206.9986260208059
0.8912	-452.2640844484322
0.892	-620.0443610728914
0.8928	-646.2893179038699
0.8936000000000001	-501.9420466977919
0.8944000000000001	-304.63615940095605
0.8952	23.269794449979486
0.896	73.41645783301536
0.8968	524.7366744324353
0.8976000000000001	595.9731405837346
0.8984000000000001	569.2594641744014
0.8992	269.7852173645938
0.9	-32.65700828547385
0.9008	-273.5483703152779
0.9016000000000001	-0.007004046570912692
0.9024000000000001	-76.86729801476308
0.9032	-140.13643460456342
0.904	-19.06585843492566
0.9048	-132.95031079182667
0.9056000000000001	195.26818436539656
0.9064000000000001	433.50402673928573
0.9072	575.1958365421003
0.908	472.2466553396041
0.9088	223.0753776357576
0.9096000000000001	109.81575243129215
0.9104000000000001	-186.06513696064383
0.9112	-446.0152839571882
0.912	-620.6692410050862
0.9128000000000001	-647.0704177996053
0.9136000000000001	-501.31716668735623
0.9144	-287.7643946441569
0.9152	23.894674960689997
0.916	-8.286670380238434
0.9168000000000001	524.2680135158271
0.9176000000000001	594.2547168964622
0.9184	189.64425784043306
0.9192	293.53068961510456
0.92	-30.001266387275027
0.9208000000000001	-260.42588605509474
0.9216000000000001	-14.691695192308622
0.9224	-154.97734220656972
0.9232	-195.1259009675681
0.924	-25.627103232692093
0.9248000000000001	-136.3871526260942
0.9256000000000001	195.8930650946008
0.9264	436.62843213102457
0.9272	575.3520568688554
0.928	523.4869119894341
0.9288000000000001	326.1807160822258
0.9296000000000001	136.0607390450607
0.9304	-186.69001724119232
0.9312	-449.45212423325614
0.932	-620.9816809710418
0.9328000000000001	-643.4773582745188
0.9336000000000001	-521.9382067984848
0.9344	-70.77471412510555
0.9352	24.519555472145512
0.936	75.60353983709761
0.9368000000000001	524.7366744324353
0.9376000000000001	592.8487338856218
0.9384	-18.59719808919326
0.9392	292.5933683175874
0.9400000000000001	-31.251027282150535
0.9408000000000001	-337.5985875274085
0.9416	16.39610888123127
0.9424	-155.4460024406996
0.9432	-195.1259009675681
0.9440000000000001	-159.19528430073424
0.9448000000000001	-137.16825304021336
0.9456	193.70598254607154
0.9464	433.1915862014578
0.9472	575.1958365421003
0.9480000000000001	460.9987950309831
0.9488000000000001	205.57871650528193
0.9496	129.3432720983871
0.9504	-190.1268587730463
0.9512	-449.6083442454626
0.9520000000000001	-608.7965222283777
0.9528000000000001	-643.3211382948941
0.9536	-504.9102267412842
0.9544	-231.99383593826508
0.9552	24.207115216324624
0.9560000000000001	41.07888929840345
0.9568000000000001	525.0491150438294
0.9576	594.2547168964622
0.9584	-26.72064402462575
0.9592	291.9684874536987
0.9600000000000001	-33.90676917428739
0.9608000000000001	-336.9737073874656
0.9616	16.864769258066147
0.9624	-174.50485165731908
0.9632000000000001	-259.01990558345517
0.9640000000000001	-197.6254220499323
0.9648	-136.07471246016058
0.9656	195.11196418322714
0.9664	430.06718083662054
0.9672000000000001	574.727175562232
0.9680000000000001	509.4270847887815
0.9688	273.22206195286697
0.9696	139.34136247156795
0.9704	-190.1268587730463
0.9712000000000001	-457.57556482872815
0.9720000000000001	-624.8871805375363
0.9728	-638.0096589740484
0.9736	-515.5331868151726
0.9744	-243.55412019945885
0.9752000000000001	23.113574322418245
0.9760000000000001	14.365247253092804
0.9768	525.0491150438294
0.9776	594.5671575662733
0.9784	-28.12662503960374
0.9792000000000001	297.2799748254033
0.9800000000000001	-32.65700828547385
0.9808	-320.5706035199696
0.9816	14.209027128175094
0.9824	-244.02278036791665
0.9832000000000001	-258.8636855308684
0.9840000000000001	-157.94552368328922
0.9848	-135.76227229406354
0.9856	196.8303861899879
0.9864	436.94087267154526
0.9872000000000001	575.6644975225643
0.9880000000000001	466.3102845809058
0.9888	156.83802112493635
0.9896	145.9026093916733
0.9904000000000001	-189.65819856526832
0.9912000000000001	-449.92078426978634
0.992	-622.5438807994047
0.9928	-644.1022381927896
0.9936	-515.5331868151726
0.9944000000000001	-301.0430984222516
0.9952000000000001	24.519555472145512
0.996	31.080800887496437
0.9968	525.6739962673905
0.9976	595.0358185714916
0.9984000000000001	-27.97040492700732
0.9992000000000001	296.65509395477045
