0	-481.125901724425
0.0008	-573.4519161876356
0.0016	-523.7739602680596
0.0024000000000000002	-344.5896123090176
0.0032	-77.76576030635695
0.004	206.39865092494634
0.0048000000000000004	442.4473910074698
0.0056	566.9549536734661
0.0064	551.8015844472765
0.007200000000000001	404.48587081118336
0.008	151.25293378070162
0.0088	-135.2547493710878
0.009600000000000001	-386.7690176404016
0.010400000000000001	-543.770118925084
0.0112	-565.1722570388627
0.012	-447.851041470427
0.0128	-217.73894184984528
0.013600000000000001	66.73783808579873
0.014400000000000001	334.6554290435518
0.0152	521.4948477892558
0.016	576.4843923623058
0.016800000000000002	493.2189770555759
0.0176	281.8529995500938
0.0184	7.530413212784763
0.019200000000000002	-269.7602170708145
0.02	-481.125901724425
0.020800000000000003	-573.2956962043149
0.0216	-523.3053002945795
0.0224	-344.7458323329774
0.023200000000000002	-78.07820047919438
0.024	206.2424307541248
0.024800000000000003	441.82250998819245
0.0256	566.6425130647743
0.0264	551.645364149108
0.027200000000000002	279.9783571978282
0.028	150.94049347473728
0.028800000000000003	-135.41096944269415
0.0296	-387.3938977024932
0.0304	-543.926338912981
0.031200000000000002	-565.0160370542787
0.032	-448.16348147866887
0.0328	-218.36382205618673
0.033600000000000005	66.42539783174584
0.0344	334.3429886137379
0.0352	521.9635086473512
0.036000000000000004	577.1092735961914
0.0368	494.93740008085047
0.0376	276.0728523222713
0.038400000000000004	7.217972993159236
0.0392	-270.0726571504695
0.04	-481.4383417209268
0.0408	-573.4519161876356
0.041600000000000005	-523.461520285765
0.0424	-345.0582723808016
0.0432	-78.54686073814062
0.044000000000000004	206.0862105833547
0.0448	442.4473910074698
0.0456	566.4862927605249
0.046400000000000004	552.5826859390754
0.0472	230.61277802777923
0.048	150.1593927106921
0.0488	-135.87962965727752
0.049600000000000005	-386.7690176404016
0.0504	-544.3949988765236
0.0512	-565.1722570388627
0.052000000000000005	-448.007261474562
0.0528	-218.9887022619469
0.0536	66.26917770478906
0.054400000000000004	334.03054818414796
0.055200000000000006	521.6510680752249
0.056	576.953053287623
0.0568	495.24984063170257
0.057600000000000005	276.38529271107427
0.0584	7.217972993159236
0.0592	-269.7602170708145
0.060000000000000005	-481.125901724425
0.0608	-572.9832562376024
0.0616	-523.3053002945795
0.062400000000000004	-345.52693245229943
0.0632	-78.23442056555109
0.064	205.92999041263602
0.0648	441.97873024292204
0.0656	566.9549536734661
0.0664	551.645364149108
0.06720000000000001	212.3350174543411
0.068	150.00317255803142
0.0688	-135.2547493710878
0.06960000000000001	-386.45657760917385
0.0704	-544.2387788887008
0.0712	-565.7971369769587
0.07200000000000001	-448.3197014827476
0.0728	-218.20760200465585
0.0736	66.26917770478906
0.07440000000000001	334.3429886137379
0.0752	521.3386275033492
0.076	576.4843923623058
0.07680000000000001	495.09362035624565
0.0776	275.6041917394713
0.0784	7.217972993159236
0.0792	-269.60399703093526
0.08	-481.2821217226894
0.08080000000000001	-573.6081361709325
0.0816	-523.7739602680596
0.0824	-345.21449240466603
0.08320000000000001	-78.70308082437342
0.084	205.92999041263602
0.0848	441.97873024292204
0.08560000000000001	566.7987333690882
0.0864	551.4891438510032
0.0872	270.91758593813455
0.08800000000000001	150.1593927106921
0.0888	-135.09852929944213
0.0896	-387.3938977024932
0.09040000000000001	-544.2387788887008
0.0912	-565.6409169924707
0.092	-448.3197014827476
0.09280000000000001	-218.83248221056132
0.0936	66.26917770478906
0.0944	334.4992088286168
0.0952	521.8072883612566
0.096	576.7968329791192
0.09680000000000001	495.24984063170257
0.0976	278.72859563397736
0.0984	7.374193102949821
0.09920000000000001	-269.7602170708145
0.1	-481.125901724425
0.1008	-573.1394762209704
0.10160000000000001	-523.461520285765
0.1024	-345.52693245229943
0.1032	-78.3906406518665
0.10400000000000001	206.2424307541248
0.1048	441.97873024292204
0.1056	566.4862927605249
0.10640000000000001	552.1140250438049
0.1072	279.66591680654113
0.108	150.6280531689708
0.10880000000000001	-135.2547493710878
0.1096	-386.6127976248029
0.11040000000000001	-543.926338912981
0.11120000000000001	-565.1722570388627
0.112	-448.007261474562
0.11280000000000001	-218.36382205618673
0.1136	65.95673745101493
0.1144	334.6554290435518
0.11520000000000001	521.9635086473512
0.116	576.7968329791192
0.1168	495.5622811828017
0.11760000000000001	278.416155243555
0.1184	7.374193102949821
0.1192	-269.2915569510733
0.12000000000000001	-481.2821217226894
0.1208	-573.1394762209704
0.1216	-523.617740276925
0.12240000000000001	-345.0582723808016
0.1232	-78.85930091056488
0.124	206.39865092494634
0.12480000000000001	441.6662897335228
0.12560000000000002	566.6425130647743
0.1264	551.3329235529623
0.1272	307.9417730992498
0.128	150.1593927106921
0.1288	-135.5671895142612
0.1296	-386.45657760917385
0.13040000000000002	-544.0825589008533
0.1312	-565.1722570388627
0.132	-448.16348147866887
0.1328	-218.20760200465585
0.1336	66.26917770478906
0.13440000000000002	334.4992088286168
0.13520000000000001	522.4321695060108
0.136	577.1092735961914
0.1368	496.6558231135937
0.1376	283.25898131940846
0.1384	7.686633322664079
0.13920000000000002	-270.22887719024527
0.14	-481.125901724425
0.1408	-573.2956962043149
0.1416	-523.461520285765
0.1424	-345.0582723808016
0.1432	-78.07820047919438
0.14400000000000002	206.39865092494634
0.1448	441.19762896987254
0.1456	567.1111739779085
0.1464	551.4891438510032
0.1472	273.4171090261515
0.14800000000000002	149.6907322528584
0.14880000000000002	-135.5671895142612
0.1496	-386.6127976248029
0.1504	-543.770118925084
0.1512	-565.7971369769587
0.152	-448.16348147866887
0.15280000000000002	-218.67626215913944
0.15360000000000001	66.26917770478906
0.1544	334.6554290435518
0.1552	522.1197289335083
0.156	576.6406126706802
0.1568	494.6249595302453
0.15760000000000002	275.29175135120755
0.1584	7.374193102949821
0.1592	-269.91643711065933
0.16	-481.125901724425
0.1608	-572.8270362542106
0.16160000000000002	-523.617740276925
0.16240000000000002	-345.0582723808016
0.1632	-78.3906406518665
0.164	205.92999041263602
0.1648	441.97873024292204
0.1656	567.2673942824151
0.16640000000000002	552.1140250438049
0.16720000000000002	274.5106503814914
0.168	150.1593927106921
0.1688	-135.09852929944213
0.1696	-386.45657760917385
0.1704	-543.770118925084
0.17120000000000002	-565.7971369769587
0.17200000000000001	-447.851041470427
0.1728	-218.5200421076812
0.1736	66.58161795874906
0.1744	334.3429886137379
0.1752	522.1197289335083
0.17600000000000002	576.953053287623
0.1768	494.15629870480024
0.1776	274.8230907692162
0.1784	8.155293652568304
0.1792	-269.91643711065933
0.18000000000000002	-480.8134617278152
0.18080000000000002	-572.9832562376024
0.1816	-523.3053002945795
0.1824	-344.9020523569055
0.1832	-77.92198039279631
0.184	207.0235316087471
0.18480000000000002	441.97873024292204
0.18560000000000001	567.4236145869861
0.1864	551.8015844472765
0.1872	264.2001177072048
0.188	150.3156128634022
0.1888	-135.2547493710878
0.18960000000000002	-387.081457671508
0.1904	-544.2387788887008
0.1912	-566.7344568833843
0.192	-448.6321414908206
0.1928	-218.0513819530887
0.19360000000000002	66.58161795874906
0.19440000000000002	334.4992088286168
0.1952	521.9635086473512
0.196	575.703290821403
0.1968	495.4060609072212
0.1976	279.0410360246158
0.19840000000000002	7.8428534325877735
0.19920000000000002	-269.91643711065933
0.2	-481.125901724425
0.2008	-573.4519161876356
0.2016	-523.461520285765
0.2024	-345.0582723808016
0.20320000000000002	-78.3906406518665
0.20400000000000001	205.30510973027563
0.2048	441.5100694789129
0.2056	566.4862927605249
0.2064	551.4891438510032
0.20720000000000002	336.06141098048795
0.20800000000000002	150.3156128634022
0.2088	-135.5671895142612
0.2096	-386.92523765597
0.2104	-543.926338912981
0.2112	-566.5782368990398
0.21200000000000002	-448.007261474562
0.21280000000000002	-218.36382205618673
0.2136	65.80051732419753
0.2144	334.18676839891486
0.2152	521.9635086473512
0.216	576.1719517457508
0.21680000000000002	495.8747217341478
0.21760000000000002	284.19630250138977
0.2184	7.686633322664079
0.2192	-269.91643711065933
0.22	-480.9696817261335
0.22080000000000002	-573.6081361709325
0.22160000000000002	-523.617740276925
0.22240000000000001	-345.52693245229943
0.2232	-78.3906406518665
0.224	205.92999041263602
0.2248	441.3538492243628
0.22560000000000002	565.8614115441695
0.22640000000000002	551.8015844472765
0.2272	327.31307900206696
0.228	149.84695240542018
0.2288	-135.5671895142612
0.2296	-387.3938977024932
0.23040000000000002	-544.3949988765236
0.23120000000000002	-566.109576945863
0.232	-448.3197014827476
0.2328	-218.36382205618673
0.2336	65.6442971974266
0.23440000000000003	334.03054818414796
0.23520000000000002	521.6510680752249
0.23600000000000002	576.6406126706802
0.2368	496.18716228574084
0.2376	281.69677935377405
0.2384	7.374193102949821
0.23920000000000002	-269.91643711065933
0.24000000000000002	-481.125901724425
0.24080000000000001	-572.8270362542106
0.2416	-523.7739602680596
0.2424	-345.37071242849856
0.2432	-78.70308082437342
0.24400000000000002	205.92999041263602
0.24480000000000002	441.5100694789129
0.2456	567.1111739779085
0.2464	551.9578047455087
0.2472	243.4228328730622
0.248	149.84695240542018
0.24880000000000002	-136.19206980013678
0.24960000000000002	-386.7690176404016
0.2504	-544.3949988765236
0.25120000000000003	-565.9533569614229
0.252	-447.38238145785283
0.2528	-218.20760200465585
0.2536	66.11295757787877
0.2544	334.4992088286168
0.25520000000000004	522.5883897923561
0.256	577.1092735961914
0.25680000000000003	493.3751973302924
0.2576	273.8857696066883
0.2584	7.530413212784763
0.2592	-269.91643711065933
0.26	-480.50102173109747
0.26080000000000003	-572.9832562376024
0.2616	-523.3053002945795
0.2624	-344.9020523569055
0.2632	-77.92198039279631
0.264	205.92999041263602
0.26480000000000004	441.82250998819245
0.2656	567.1111739779085
0.2664	552.2702453421646
0.2672	252.79604396008682
0.268	150.00317255803142
0.26880000000000004	-135.2547493710878
0.2696	-386.92523765597
0.27040000000000003	-543.770118925084
0.2712	-565.4846970079586
0.272	-448.16348147866887
0.2728	-218.36382205618673
0.2736	66.58161795874906
0.27440000000000003	335.436530119067
0.2752	522.9008303652348
0.276	576.6406126706802
0.2768	495.24984063170257
0.2776	278.416155243555
0.27840000000000004	7.686633322664079
0.2792	-269.91643711065933
0.28	-480.9696817261335
0.2808	-572.9832562376024
0.2816	-523.3053002945795
0.28240000000000004	-345.0582723808016
0.2832	-78.3906406518665
0.28400000000000003	205.92999041263602
0.2848	441.82250998819245
0.2856	566.9549536734661
0.2864	552.1140250438049
0.2872	306.53579125229135
0.28800000000000003	150.1593927106921
0.2888	-135.5671895142612
0.2896	-386.92523765597
0.2904	-543.770118925084
0.2912	-565.7971369769587
0.29200000000000004	-448.007261474562
0.2928	-218.36382205618673
0.2936	65.95673745101493
0.2944	334.18676839891486
0.2952	522.1197289335083
0.29600000000000004	575.8595111294544
0.2968	496.6558231135937
0.29760000000000003	285.7585044756969
0.2984	7.686633322664079
0.2992	-270.38509722998657
0.3	-480.8134617278152
0.3008	-572.8270362542106
0.30160000000000003	-523.3053002945795
0.3024	-344.9020523569055
0.3032	-78.85930091056488
0.304	206.2424307541248
0.3048	441.3538492243628
0.30560000000000004	567.4236145869861
0.3064	552.2702453421646
0.30720000000000003	291.069991228973
0.308	149.6907322528584
0.3088	-134.94230922775722
0.30960000000000004	-387.2376776870158
0.3104	-543.926338912981
0.31120000000000003	-565.9533569614229
0.312	-447.69482146626376
0.3128	-218.36382205618673
0.3136	66.11295757787877
0.3144	334.4992088286168
0.31520000000000004	522.1197289335083
0.316	576.1719517457508
0.3168	496.18716228574084
0.3176	280.13457739355283
0.3184	7.374193102949821
0.31920000000000004	-269.91643711065933
0.32	-481.125901724425
0.32080000000000003	-573.2956962043149
0.3216	-522.6804203295827
0.3224	-345.6831524760684
0.32320000000000004	-78.70308082437342
0.324	205.617550071353
0.32480000000000003	441.5100694789129
0.3256	566.9549536734661
0.3264	551.0204829570714
0.3272	295.9128174412403
0.328	149.53451210034606
0.32880000000000004	-135.41096944269415
0.3296	-386.92523765597
0.3304	-544.3949988765236
0.3312	-565.7971369769587
0.332	-448.47592148679814
0.33280000000000004	-218.20760200465585
0.3336	66.26917770478906
0.33440000000000003	334.6554290435518
0.3352	522.1197289335083
0.336	576.0157314375703
0.33680000000000004	496.03094200991336
0.3376	279.9783571978282
0.33840000000000003	7.061752883413016
0.3392	-269.7602170708145
0.34	-481.2821217226894
0.3408	-573.2956962043149
0.3416	-523.617740276925
0.34240000000000004	-345.0582723808016
0.3432	-78.54686073814062
0.34400000000000003	205.92999041263602
0.3448	441.82250998819245
0.3456	566.4862927605249
0.34640000000000004	552.5826859390754
0.3472	257.4826495752129
0.34800000000000003	149.6907322528584
0.3488	-135.2547493710878
0.3496	-386.7690176404016
0.3504	-544.2387788887008
0.3512	-566.4220169146714
0.35200000000000004	-448.3197014827476
0.3528	-218.20760200465585
0.3536	66.11295757787877
0.3544	334.18676839891486
0.3552	522.1197289335083
0.35600000000000004	576.4843923623058
0.3568	496.49960283758105
0.35760000000000003	281.0718985690363
0.3584	7.686633322664079
0.3592	-270.0726571504695
0.36000000000000004	-480.50102173109747
0.3608	-572.9832562376024
0.36160000000000003	-522.5242003382699
0.3624	-345.0582723808016
0.3632	-78.3906406518665
0.364	205.92999041263602
0.3648	441.82250998819245
0.36560000000000004	567.2673942824151
0.3664	552.1140250438049
0.3672	282.0092197464677
0.368	149.6907322528584
0.3688	-134.94230922775722
0.36960000000000004	-386.6127976248029
0.3704	-544.0825589008533
0.37120000000000003	-566.109576945863
0.372	-447.53860146207234
0.3728	-218.36382205618673
0.37360000000000004	66.26917770478906
0.3744	334.4992088286168
0.37520000000000003	522.4321695060108
0.376	576.328172053996
0.3768	496.18716228574084
0.3776	283.25898131940846
0.3784	7.530413212784763
0.37920000000000004	-269.91643711065933
0.38	-480.18858173427174
0.3808	-572.8270362542106
0.3816	-522.992860312132
0.3824	-344.9020523569055
0.38320000000000004	-78.07820047919438
0.384	205.92999041263602
0.38480000000000003	441.6662897335228
0.3856	567.1111739779085
0.3864	552.4264656405882
0.38720000000000004	289.9764498334528
0.388	149.22207179546962
0.38880000000000003	-135.09852929944213
0.3896	-386.30035759351455
0.3904	-544.3949988765236
0.3912	-566.109576945863
0.392	-448.007261474562
0.39280000000000004	-218.36382205618673
0.3936	66.58161795874906
0.39440000000000003	334.4992088286168
0.3952	522.4321695060108
0.396	576.328172053996
0.39680000000000004	496.03094200991336
0.3976	280.13457739355283
0.39840000000000003	7.686633322664079
0.3992	-269.1353369110906
0.4	-479.87614173733806
0.40080000000000005	-573.1394762209704
0.4016	-523.1490803033686
0.40240000000000004	-345.21449240466603
0.4032	-78.70308082437342
0.404	206.0862105833547
0.4048	441.6662897335228
0.4056	566.4862927605249
0.40640000000000004	552.1140250438049
0.4072	245.60991544299884
0.40800000000000003	150.3156128634022
0.4088	-135.41096944269415
0.4096	-386.7690176404016
0.41040000000000004	-543.926338912981
0.4112	-566.109576945863
0.41200000000000003	-447.53860146207234
0.4128	-218.36382205618673
0.4136	65.6442971974266
0.41440000000000005	334.96786947358976
0.4152	522.4321695060108
0.41600000000000004	576.328172053996
0.4168	495.09362035624565
0.4176	276.85395329468327
0.4184	7.530413212784763
0.4192	-269.60399703093526
0.42000000000000004	-480.18858173427174
0.4208	-573.2956962043149
0.42160000000000003	-523.461520285765
0.4224	-345.37071242849856
0.4232	-78.23442056555109
0.42400000000000004	205.92999041263602
0.4248	441.6662897335228
0.42560000000000003	567.2673942824151
0.4264	552.8951265362414
0.4272	249.6716402432302
0.42800000000000005	150.1593927106921
0.4288	-135.41096944269415
0.42960000000000004	-386.92523765597
0.4304	-544.3949988765236
0.4312	-565.7971369769587
0.432	-448.3197014827476
0.4328	-218.5200421076812
0.43360000000000004	65.95673745101493
0.4344	334.3429886137379
0.43520000000000003	522.1197289335083
0.436	576.1719517457508
0.4368	495.8747217341478
0.43760000000000004	279.0410360246158
0.4384	7.530413212784763
0.43920000000000003	-269.7602170708145
0.44	-480.50102173109747
0.4408	-572.8270362542106
0.44160000000000005	-523.461520285765
0.4424	-345.0582723808016
0.44320000000000004	-78.3906406518665
0.444	205.46132990078863
0.44480000000000003	441.82250998819245
0.4456	567.1111739779085
0.4464	552.5826859390754
0.44720000000000004	295.444156837761
0.448	149.6907322528584
0.44880000000000003	-135.2547493710878
0.4496	-386.92523765597
0.4504	-544.2387788887008
0.45120000000000005	-566.109576945863
0.452	-447.69482146626376
0.45280000000000004	-218.5200421076812
0.4536	65.95673745101493
0.4544	334.6554290435518
0.45520000000000005	521.6510680752249
0.456	575.8595111294544
0.45680000000000004	496.96826366580456
0.4576	288.25802764588
0.45840000000000003	7.686633322664079
0.4592	-270.0726571504695
0.46	-480.8134617278152
0.46080000000000004	-573.2956962043149
0.4616	-523.3053002945795
0.46240000000000003	-345.37071242849856
0.4632	-78.54686073814062
0.464	206.0862105833547
0.46480000000000005	441.82250998819245
0.4656	566.4862927605249
0.46640000000000004	552.7389062376266
0.4672	322.31403223582197
0.468	149.6907322528584
0.46880000000000005	-135.41096944269415
0.4696	-386.6127976248029
0.47040000000000004	-544.707438852095
0.4712	-566.5782368990398
0.47200000000000003	-447.851041470427
0.4728	-218.67626215913944
0.4736	66.11295757787877
0.47440000000000004	334.6554290435518
0.4752	521.8072883612566
0.47600000000000003	576.328172053996
0.4768	496.6558231135937
0.4776	287.63314685203034
0.47840000000000005	7.530413212784763
0.4792	-269.60399703093526
0.48000000000000004	-480.50102173109747
0.4808	-573.4519161876356
0.48160000000000003	-522.992860312132
0.4824	-345.6831524760684
0.4832	-78.54686073814062
0.48400000000000004	205.92999041263602
0.4848	441.6662897335228
0.48560000000000003	566.7987333690882
0.4864	552.7389062376266
0.4872	283.7276419101552
0.48800000000000004	149.6907322528584
0.4888	-134.786089156033
0.48960000000000004	-386.6127976248029
0.4904	-544.8636588398438
0.4912	-566.2657969302793
0.49200000000000005	-448.3197014827476
0.4928	-218.20760200465585
0.49360000000000004	66.26917770478906
0.4944	334.4992088286168
0.49520000000000003	522.1197289335083
0.496	576.328172053996
0.4968	495.8747217341478
0.49760000000000004	277.32261387877793
0.4984	7.374193102949821
0.49920000000000003	-269.44777699102156
0.5	-480.8134617278152
0.5008	-573.2956962043149
0.5016	-523.7739602680596
0.5024000000000001	-345.21449240466603
0.5032	-78.3906406518665
0.504	206.0862105833547
0.5048	442.29117075256073
0.5056	567.1111739779085
0.5064000000000001	552.7389062376266
0.5072	239.51732830960466
0.508	150.7842733218293
0.5088	-135.5671895142612
0.5096	-386.92523765597
0.5104000000000001	-544.8636588398438
0.5112	-565.9533569614229
0.512	-447.69482146626376
0.5128	-218.9887022619469
0.5136000000000001	66.58161795874906
0.5144000000000001	334.18676839891486
0.5152	522.1197289335083
0.516	576.4843923623058
0.5168	496.49960283758105
0.5176000000000001	278.25993504842484
0.5184	7.686633322664079
0.5192	-269.60399703093526
0.52	-480.18858173427174
0.5208	-573.1394762209704
0.5216000000000001	-523.617740276925
0.5224	-345.6831524760684
0.5232	-78.07820047919438
0.524	206.2424307541248
0.5248	441.6662897335228
0.5256000000000001	567.2673942824151
0.5264	553.0513468349202
0.5272	284.0400823042574
0.528	150.6280531689708
0.5288	-134.94230922775722
0.5296000000000001	-387.081457671508
0.5304	-544.3949988765236
0.5312	-565.7971369769587
0.532	-447.69482146626376
0.5328	-218.67626215913944
0.5336000000000001	66.42539783174584
0.5344	334.6554290435518
0.5352	521.8072883612566
0.536	576.4843923623058
0.5368	495.09362035624565
0.5376000000000001	277.01017348932754
0.5384	7.530413212784763
0.5392	-269.60399703093526
0.54	-480.0323617358184
0.5408000000000001	-572.9832562376024
0.5416000000000001	-523.3053002945795
0.5424	-345.21449240466603
0.5432	-78.3906406518665
0.544	205.92999041263602
0.5448000000000001	441.5100694789129
0.5456	567.4236145869861
0.5464	552.7389062376266
0.5472	276.22907251664583
0.548	149.53451210034606
0.5488000000000001	-135.09852929944213
0.5496	-386.30035759351455
0.5504	-545.1760988152668
0.5512	-565.7971369769587
0.552	-448.6321414908206
0.5528000000000001	-218.67626215913944
0.5536	66.26917770478906
0.5544	334.6554290435518
0.5552	521.9635086473512
0.556	576.0157314375703
0.5568000000000001	496.49960283758105
0.5576	289.1953488382856
0.5584	7.530413212784763
0.5592	-269.44777699102156
0.56	-480.9696817261335
0.5608000000000001	-572.9832562376024
0.5616	-524.2426202413105
0.5624	-345.37071242849856
0.5632	-78.3906406518665
0.5640000000000001	205.7737702419688
0.5648000000000001	441.82250998819245
0.5656	566.6425130647743
0.5664	552.4264656405882
0.5672	336.53007162714226
0.5680000000000001	148.75341133852555
0.5688	-136.34828987150752
0.5696	-388.01877776409987
0.5704	-543.926338912981
0.5712	-567.3593368205227
0.5720000000000001	-448.788361494815
0.5728	-220.70712282479332
0.5736	63.76965567979594
0.5744	334.03054818414796
0.5752	519.6202043625126
0.5760000000000001	577.7341548311113
0.5768	490.8756729422241
0.5776	285.914724673426
0.5784	8.936394203296604
0.5792	-264.6049557365518
0.5800000000000001	-472.6900217779468
0.5808	-568.7653166776865
0.5816	-377.0833766157042
0.5824	-339.27813147540513
0.5832	-71.51695681482926
0.5840000000000001	210.14793504011158
0.5848	444.94691509415924
0.5856	568.5171567207833
0.5864	552.7389062376266
0.5872	402.1425672093857
0.5880000000000001	152.8151353134936
0.5888	-131.97412785827072
0.5896	-383.80083733883316
0.5904	-540.6457191619411
0.5912000000000001	-558.9234576367411
0.5920000000000001	-442.6957813181417
0.5928	-216.80162153924252
0.5936	63.45721542750697
0.5944	235.45560359850128
0.5952000000000001	515.5584769688157
0.596	570.8604613038252
0.5968	475.8785269440686
0.5976	280.2907975893315
0.5984	6.436872444871609
0.5992000000000001	-266.01093610417877
0.6	-474.7208817722969
0.6008	-558.9234576367411
0.6016	-514.8694207325939
0.6024	-341.15277177383695
0.6032000000000001	-76.98465987353995
0.604	203.89912819797186
0.6048	435.8861403527548
0.6056	196.4005600958492
0.6064	183.43428636335318
0.6072000000000001	393.55045411511037
0.608	148.75341133852555
0.6088	-131.81790778579875
0.6096	-380.6764370095215
0.6104	-59.019349631949886
0.6112000000000001	-551.7373382764077
0.612	-437.69674114099945
0.6128	-211.9587999135694
0.6136	67.83137897644835
0.6144000000000001	331.99968539727115
0.6152000000000001	515.5584769688157
0.616	570.3918003860578
0.6168	486.50150530102394
0.6176	282.0092197464677
0.6184000000000001	7.999073542555845
0.6192000000000001	-264.448735695531
0.62	-473.00246177737716
0.6208	-563.1413972373988
0.6216	-513.7758807838901
0.6224000000000001	-338.3408113244606
0.6232	-75.2662389177018
0.624	205.92999041263602
0.6248	410.8909007233145
0.6256	562.4245648725815
0.6264000000000001	548.8333987929694
0.6272	408.0789363595124
0.628	167.34360980648242
0.6288	-132.28656800309636
0.6296	-380.0515569421943
0.6304000000000001	-519.556020498474
0.6312	-561.1105374318702
0.632	-444.8828613865052
0.6328	-217.4265017464565
0.6336	64.55075631132999
0.6344000000000001	331.5310247554884
0.6352	516.6520189552688
0.636	573.3599862083817
0.6368	506.029039787626
0.6376000000000001	280.2907975893315
0.6384000000000001	3.468690371480248
0.6392	-273.97815813453207
0.64	-484.718961677694
0.6408	-577.66985572836
0.6416000000000001	-527.8356800286404
0.6424000000000001	-353.18171357969163
0.6432	-87.76384575539197
0.644	201.8682659919879
0.6448	435.8861403527548
0.6456000000000001	565.5489709363775
0.6464000000000001	548.3647379022854
0.6472	394.80021600878473
0.648	147.50365012218117
0.6488	-140.097571572644
0.6496000000000001	-393.4864782825261
0.6504	-551.7373382764077
0.6512	-574.8578960364567
0.652	-453.78740160781473
0.6528	-224.30018398749135
0.6536000000000001	61.27013366667419
0.6544	331.84346518328766
0.6552	517.4331203760388
0.656	573.3599862083817
0.6568	490.7194526684935
0.6576000000000001	281.8529995500938
0.6584	3.312470262796978
0.6592	-274.44681825117533
0.66	-488.9369016047213
0.6608	-577.8260757110196
0.6616000000000001	-528.9292199612541
0.6624	-120.10140223769716
0.6632	-81.82748254036366
0.664	203.11802734848993
0.6648000000000001	439.7916466821511
0.6656000000000001	565.5489709363775
0.6664	549.145839387077
0.6672	398.3932814738423
0.668	148.75341133852555
0.6688000000000001	-149.62699579514054
0.6696000000000001	-390.5182980056839
0.6704	-545.4885387905913
0.6712	-567.0468968520013
0.672	-444.2579813675388
0.6728000000000001	-216.80162153924252
0.6736000000000001	64.70697643777595
0.6744	331.99968539727115
0.6752	518.370442083026
0.676	573.828647129824
0.6768000000000001	488.37614856992025
0.6776	282.0092197464677
0.6784	6.280652335347099
0.6792	-268.3542367106588
0.68	-478.78260174721885
0.6808000000000001	-569.0777566456826
0.6816	-520.3371204572095
0.6824	-341.6214318477256
0.6832	-76.3597795265419
0.684	205.92999041263602
0.6848000000000001	439.47920617442605
0.6856	564.2992085077781
0.6864	548.677178496011
0.6872	401.0490255330463
0.6880000000000001	151.87781439322427
0.6888000000000001	-131.19302749551684
0.6896	-382.0824171592212
0.6904	-533.1471596897538
0.6912	-554.549298032237
0.6920000000000001	-439.10272119376447
0.6928000000000001	-208.0532985769616
0.6936	71.8931023045464
0.6944	335.436530119067
0.6952	495.24984063170257
0.6960000000000001	561.6434633606422
0.6968000000000001	491.656774311801
0.6976	287.47692665370386
0.6984	13.154337196436622
0.6992	-261.7929949928663
0.7000000000000001	-469.25318177700194
0.7008	-559.3921175932389
0.7016	-512.8385608268519
0.7024	-333.65421055240387
0.7032	-70.89207646202544
0.7040000000000001	210.6165955565948
0.7048	444.47825432673676
0.7056	568.9858176362328
0.7064	552.7389062376266
0.7072	404.01721008977137
0.7080000000000001	155.00221746772687
0.7088	-128.0686260346368
0.7096	-151.1891964735545
0.7104	-533.303379679346
0.7112	-553.6119781145057
0.7120000000000001	-438.32162116473546
0.7128	-211.02147959487047
0.7136	70.48712114894778
0.7144	336.06141098048795
0.7152000000000001	517.2769000917597
0.7160000000000001	575.8595111294544
0.7168	491.81299458590104
0.7176	286.5396054648854
0.7184	9.71749475513541
0.7192000000000001	-266.16715614485304
0.7200000000000001	-476.12686176569184
0.7208	-569.5464165974981
0.7216	-521.1182204153057
0.7224	-95.26240973194129
0.7232000000000001	-78.3906406518665
0.7240000000000001	205.30510973027563
0.7248	439.94786693610325
0.7256	564.6116491145427
0.7264	549.3020596842264
0.7272000000000001	398.0808409973968
0.728	147.97231057794002
0.7288	-137.91049058305734
0.7296	-390.36207799081166
0.7304	-547.8318386023809
0.7312000000000001	-569.8588565652559
0.732	-452.0689815722079
0.7328	-223.05042358524503
0.7336	61.58257391766599
0.7344	329.6563821933871
0.7352000000000001	516.4957986713023
0.736	572.1102237540404
0.7368	487.1263863896728
0.7376	279.3534764154703
0.7384000000000001	1.7502691783954578
0.7392000000000001	-275.8527985992516
0.74	-231.48630625563877
0.7408	-571.421056402617
0.7416	-535.1780195524937
0.7424000000000001	-350.99463326533237
0.7432000000000001	-84.63944407066708
0.744	199.99362396338867
0.7448	436.5110213629519
0.7456	562.737005477806
0.7464000000000001	545.0841116835218
0.7472000000000001	394.95643624575575
0.748	145.31656800117733
0.7488	-140.56623178370037
0.7496	-391.2993980795925
0.7504000000000001	-549.237818486797
0.7512000000000001	-569.8588565652559
0.752	-452.69386158554755
0.7528	-222.8942035348016
0.7536	61.11391354124773
0.7544000000000001	328.8752811282187
0.7552	515.0898161184155
0.756	571.3291222221725
0.7568	488.6885891155969
0.7576	284.8211832904617
0.7584000000000001	3.468690371480248
0.7592	-272.415957743488
0.76	-482.68810170585635
0.7608	-574.3892360870625
0.7616	-524.3988402323433
0.7624000000000001	-345.21449240466603
0.7632	-80.26528168443076
0.764	202.4931466698284
0.7648	437.13590237410324
0.7656000000000001	561.7996836629018
0.7664000000000001	547.4274161226348
0.7672	397.45596004520525
0.768	148.28475088202606
0.7688	-134.47364901246664
0.7696000000000001	-385.8316975463542
0.7704000000000001	-539.2397392652862
0.7712	-560.329437505582
0.772	-443.32066133824037
0.7728	-214.92698091410642
0.7736000000000001	67.3627185944624
0.7744000000000001	333.40566732564
0.7752	519.9326449330101
0.776	575.8595111294544
0.7768	489.3134702076883
0.7776000000000001	285.7585044756969
0.7784000000000001	10.811035529576717
0.7792	-263.66763548990673
0.78	-471.7527017790007
0.7808	-564.3911571157029
0.7816000000000001	-515.3380807102232
0.7824	-336.9348310958797
0.7832	-72.14183716696817
0.784	209.67927452409256
0.7848	443.07227202770474
0.7856000000000001	568.0484958059127
0.7864	551.1767032549849
0.7872	402.1425672093857
0.788	155.15843762197264
0.7888000000000001	-128.0686260346368
0.7896000000000001	-377.86447670269473
0.7904	-533.303379679346
0.7912	-556.4239378650699
0.792	-437.69674114099945
0.7928000000000001	-210.39659938167281
0.7936000000000001	71.58066204742022
0.7944	336.68629184280593
0.7952	521.9635086473512
0.796	660.5309277477431
0.7968000000000001	503.5295153194011
0.7976000000000001	288.10180744733606
0.7984	12.68567686226297
0.7992	-264.1362956133854
0.8	-473.6273417759111
0.8008000000000001	-564.8598170696707
0.8016000000000001	-516.7440606417207
0.8024	-355.5250139096483
0.8032	-74.95379874337479
0.804	208.7419534934468
0.8048000000000001	443.07227202770474
0.8056000000000001	569.4544785522618
0.8064	552.7389062376266
0.8072	401.5176862511271
0.808	152.19025469978263
0.8088000000000001	-132.91144829227503
0.8096	-383.9570573549788
0.8104	-161.34350078911564
0.8112	-560.9543174466609
0.812	-446.13262142308207
0.8128000000000001	-218.0513819530887
0.8136	66.26917770478906
0.8144	333.5618875401831
0.8152	523.8381520853762
0.8160000000000001	567.8922755010847
0.8168000000000001	373.39804409115476
0.8176	283.41520151626986
0.8184	6.280652335347099
0.8192	-270.85375734900356
0.8200000000000001	-482.2194417117098
0.8208000000000001	-575.0141160195408
0.8216	-524.867500205289
0.8224	-347.55779275881775
0.8232	-81.2026021984851
0.8240000000000001	202.18070633080555
0.8248000000000001	439.01054541328654
0.8256	562.4245648725815
0.8264	546.9587552336681
0.8272	396.36241838111243
0.8280000000000001	146.87876951519368
0.8288000000000001	-139.16025114947507
0.8296	-391.6118381089447
0.8304	-571.2648364189878
0.8312	-568.452876709595
0.8320000000000001	-450.5067815368977
0.8328	-224.30018398749135
0.8336	60.95769341586756
0.8344	163.594326025086
0.8352	512.90273215731
0.8360000000000001	570.2355800802641
0.8368	485.7204039415949
0.8376	278.416155243555
0.8384	2.5313697200438154
0.8392000000000001	-273.6657180565983
0.8400000000000001	-484.25030168459614
0.8408	-577.5136357456769
0.8416	-526.1172601320268
0.8424	-347.7140127821738
0.8432000000000001	-82.76480305194599
0.8440000000000001	200.77472480774142
0.8448	435.57369984801403
0.8456	560.7061415484301
0.8464	544.6154507974145
0.8472000000000001	396.51863861866525
0.8480000000000001	146.410109060471
0.8488	-137.91049058305734
0.8496	-389.1123178707456
0.8504	-544.3949988765236
0.8512000000000001	-564.8598170696707
0.8520000000000001	-447.0699414493293
0.8528	-218.0513819530887
0.8536	63.92587580600998
0.8544	330.12504283315826
0.8552000000000001	516.0271378197779
0.8560000000000001	573.0475455944094
0.8568	489.93835130076405
0.8576	282.1654399428957
0.8584	7.530413212784763
0.8592000000000001	-266.79203630720366
0.86	-476.7517417620501
0.8608	-569.233976629645
0.8616	-518.9311405310245
0.8624	-340.68411169966083
0.8632000000000001	-75.89111926585883
0.864	206.55487109581935
0.8648	440.88518846107144
0.8656	565.7051912402414
0.8664000000000001	549.9269408734601
0.8672000000000001	400.73658505461776
0.868	152.50269500653906
0.8688	-130.88058735013934
0.8696	-380.9888770430018
0.8704000000000001	-537.6775393777482
0.8712000000000001	-557.3612577801741
0.872	-441.1335812659108
0.8728	-213.05234028372163
0.8736	69.86224063656056
0.8744000000000001	336.2176311959833
0.8752000000000001	522.5883897923561
0.876	627.7246570076746
0.8768	493.6876378799105
0.8776	288.25802764588
0.8784000000000001	12.060796417321832
0.8792000000000001	-264.29251565447555
0.88	-164.78034221298262
0.8808	-41.210258931204834
0.8816	-517.2127206184238
0.8824000000000001	-339.27813147540513
0.8832000000000001	-73.70403804440889
0.884	204.36778870827737
0.8848	443.85337330434567
0.8856	568.8295973310186
0.8864000000000001	553.0513468349202
0.8872	402.2987874490964
0.888	152.9713554670452
0.8888	-131.50546764073664
0.8896000000000001	-381.30131707635996
0.8904000000000001	-357.08721412568775
0.8912	-561.4229774022165
0.892	-434.57234101546754
0.8928	-202.11693650136556
0.8936000000000001	67.83137897644835
0.8944000000000001	210.92903590117496
0.8952	521.0261869317243
0.896	573.9848674371005
0.8968	388.08274587397807
0.8976000000000001	284.66496309311236
0.8984000000000001	8.780174093062124
0.8992	-268.04179663024433
0.9	-486.12494165553875
0.9008	-595.3227136213096
0.9016000000000001	-521.7431003813228
0.9024000000000001	-344.43339228502583
0.9032	-79.17174108282398
0.904	205.1488895598141
0.9048	439.94786693610325
0.9056000000000001	563.9867679012704
0.9064000000000001	593.6686266721686
0.9072	399.95548385956755
0.908	148.4409710341432
0.9088	-136.81695008538432
0.9096000000000001	-387.7063377333571
0.9104000000000001	-545.9571987533928
0.9112	-565.6409169924707
0.912	-448.47592148679814
0.9128000000000001	-220.70712282479332
0.9136000000000001	62.98855504942123
0.9144	330.28126304652693
0.9152	516.4957986713023
0.916	572.4226643672388
0.9168000000000001	489.7821310274028
0.9176000000000001	280.75945817699204
0.9184	4.093570806655645
0.9192	-271.9472976255042
0.92	-482.68810170585635
0.9208000000000001	-575.3265559856382
0.9216000000000001	-524.867500205289
0.9224	-346.93291266507606
0.9232	-82.13992271105582
0.924	201.5558256533754
0.9248000000000001	436.3548011103132
0.9256000000000001	560.5499212466191
0.9264	581.1710016416766
0.9272	420.4203356534611
0.928	146.87876951519368
0.9288000000000001	-137.44183037000414
0.9296000000000001	-387.8625577487436
0.9304	-544.3949988765236
0.9312	-565.0160370542787
0.932	-447.38238145785283
0.9328000000000001	-105.26049488820738
0.9336000000000001	63.76965567979594
0.9344	328.4066204897874
0.9352	516.4957986713023
0.936	572.4226643672388
0.9368000000000001	533.3675897019259
0.9376000000000001	280.9156783729871
0.9384	7.061752883413016
0.9392	-268.04179663024433
0.9400000000000001	-477.845281754633
0.9408000000000001	-570.9523964516584
0.9416	-518.6187005471461
0.9424	-341.93387189682494
0.9432	-77.4533201333542
0.9440000000000001	205.46132990078863
0.9448000000000001	439.94786693610325
0.9456	562.8932257805145
0.9464	549.7707205760561
0.9472	400.4241445764226
0.9480000000000001	151.56537408686395
0.9488000000000001	-132.91144829227503
0.9496	-241.48438928521173
0.9504	-539.5521792424948
0.9512	-559.7045575641167
0.9520000000000001	-443.0082213282477
0.9528000000000001	-157.75043928067646
0.9536	67.3627185944624
0.9544	214.6783200522526
0.9552	521.1824072175053
0.9560000000000001	577.1092735961914
0.9568000000000001	507.7474628687538
0.9576	291.85109222740704
0.9584	10.811035529576717
0.9592	-265.07361585940606
0.9600000000000001	-476.43930176392524
0.9608000000000001	-568.9215366616966
0.9616	-518.9311405310245
0.9624	-339.12191145032784
0.9632000000000001	-75.42245900480319
0.9640000000000001	208.11707280738037
0.9648	442.91605177255616
0.9656	555.7070919222222
0.9664	542.8970275532424
0.9672000000000001	401.8301267301395
0.9680000000000001	152.50269500653906
0.9688	-132.13034793070324
0.9696	-383.01973725764844
0.9704	-541.8954790683887
0.9712000000000001	-562.2040773276607
0.9720000000000001	-443.9455413578858
0.9728	-216.48918143541727
0.9736	67.51893872174452
0.9744	334.3429886137379
0.9752000000000001	520.7137463603499
0.9760000000000001	577.1092735961914
0.9768	488.8448093885275
0.9776	284.0400823042574
0.9784	8.623953982872063
0.9792000000000001	-267.8855765899853
0.9800000000000001	-478.78260174721885
0.9808	-571.421056402617
0.9816	-521.5868803898568
0.9824	-341.15277177383695
0.9832000000000001	-79.01552099671508
0.9840000000000001	204.83644921904522
0.9848	438.8543251596929
0.9856	564.7678694180213
0.9864	553.8324483292704
0.9872000000000001	390.7384898679373
0.9880000000000001	149.37829194788313
0.9888	-136.19206980013678
0.9896	-386.7690176404016
0.9904000000000001	-545.0198788275676
0.9912000000000001	-565.7971369769587
0.992	-447.53860146207234
0.9928	-220.23846267172502
0.9936	63.45721542750697
0.9944000000000001	331.0623641142087
0.9952000000000001	516.4957986713023
0.996	341.68533877368765
0.9968	489.6259107541031
0.9976	280.60323798105117
0.9984000000000001	5.030891460746286
0.9992000000000001	-271.00997738860696
